1151
1664
2706
2956
3999
5720
5851
6726
6842
6867
7948
9272
9357
9941
10079
11221
14612
14658
14875
15338
17240
17714
17921
18323
19518
19558
20525
20966
21396
22192
22222
23014
23281
23424
25030
25198
26797
30072
30342
31103
32623
32689
32730
34021
34421
34711
35541
35739
36825
37334
38285
38898
39099
40185
40617
41117
42640
42736
43252
43582
43946
44717
46923
49151
49640
52916
52991
53115
54201
54227
54234
54653
56067
56704
59163
59612
59758
61556
61834
61990
62474
62873
62972
64999
65205
65444
66125
66689
67431
68349
68476
68909
69574
69970
73088
74250
74525
74763
75993
77073
77549
78326
78914
79557
82786
83773
84668
85576
86369
86520
87558
93235
93699
94241
94496
94500
97966
99150
99619
100127
100421
101540
101970
102627
102719
104996
108035
108389
108868
109051
111951
112161
115288
117314
117491
117507
117876
118297
118571
120315
122214
124287
125994
126984
127378
129352
129812
129853
130417
130643
130916
131871
131877
132887
133524
134315
134613
136114
136690
138733
139147
139422
140194
140342
140604
144090
144288
145668
146303
146869
149419
150504
151583
152405
154991
155295
155617
156024
156369
159442
159820
160845
162032
163229
164255
165551
165577
166688
167105
170468
171671
172455
173510
173884
174275
174464
176599
177207
177657
177680
179669
179890
180043
180153
180843
181860
182205
183297
183389
183691
184114
185792
186505
187323
187425
187622
189973
190138
190803
192577
192582
193030
193336
196757
197992
199147
199842
200115
201814
202348
202439
202489
203779
205525
206857
207609
210987
212708
212751
213689
214514
214560
215069
216633
217156
218916
218995
219014
219999
222416
226021
226507
226590
227446
229038
229913
230613
232373
233186
234704
234772
234877
235224
237934
238120
239233
240342
240854
242041
243989
244325
244887
244910
245030
245633
246696
246776
246915
247012
247490
248630
251524
251826
253430
253565
254283
255372
255834
255842
257802
257949
259771
260385
260588
261986
262985
263769
263791
264805
265224
267550
270019
270451
271306
272838
273273
273304
273317
274032
276403
277378
278152
281206
282413
282925
285036
285203
286440
286765
286871
287182
288243
288450
291671
292385
293710
296108
298479
301959
302311
302507
302555
302634
302796
304098
304740
306637
308192
309960
309969
309970
310120
310714
310774
313444
314440
319654
320221
320408
320719
321094
323463
325444
327189
328283
329736
333598
335283
335975
338528
338552
340521
340792
342202
342331
342513
342537
342598
343966
346001
348215
349575
349734
350350
351604
351970
352480
352848
353252
353444
353735
354002
354609
355545
356845
360538
361892
364969
365118
365402
366066
366676
366855
367198
370994
371395
372009
372248
374894
376353
376666
377162
377192
379199
382523
382893
383650
385760
385803
385852
385928
387308
388457
390791
391374
391529
392619
392939
393872
395752
396292
396595
397760
398653
398696
399216
399467
401318
401748
403741
403795
406567
407355
411480
413101
414052
416252
418873
418880
419002
423008
423682
425268
426479
426515
428338
430423
431800
432356
432923
433204
435157
436548
437309
438810
439142
439262
439577
439837
440607
441744
441888
442116
444627
445554
445689
449122
449421
449561
451415
453931
455608
456041
456687
456789
458076
459760
460314
462628
466060
466758
467470
467602
467742
468238
468950
469270
469855
469888
471368
475271
476665
478983
480266
480552
481164
482414
484416
484826
486176
486322
486547
487428
487861
487921
490259
490272
491137
491201
492059
493770
495106
496124
496544
497231
499664
501971
504159
504222
504866
505412
508303
509259
509471
512179
512754
512776
513648
514734
516561
516759
516955
518856
520635
520920
525146
527114
528079
528426
530334
530927
531595
531848
531906
531913
532318
532515
532998
533895
534650
535039
536420
537564
537863
538042
541260
542518
542650
543280
543741
543786
545106
545853
546195
547078
547647
547860
548421
549327
549376
550052
550990
551465
552424
552628
553080
553213
554255
554820
555093
555160
558441
558690
558807
559262
560549
561259
561302
561314
563253
564942
565442
565559
565734
569180
569697
570190
570275
571045
571253
572623
573186
574067
575306
575881
576390
576883
577301
579279
583560
583573
584507
588143
590842
591739
593655
593805
594070
595960
596886
597096
598020
598062
599076
599597
600942
601158
601331
601381
601390
601492
603080
603513
604402
604466
605169
605700
606289
606518
607271
607433
608086
610182
611163
611225
612147
612601
614394
615140
615958
617473
618125
619754
620023
622914
627806
628023
629829
633624
635297
635672
639651
640935
641861
642769
642896
644086
644689
645987
646373
647868
649559
651316
651474
651739
651903
653803
654317
654816
655296
655647
655858
655971
657306
657427
658455
659176
659864
660567
660588
665638
666019
666276
668072
669584
670192
670308
671576
672695
674056
674589
675535
675595
675935
676020
676218
676340
677222
678902
682891
684139
684886
686678
687021
687053
687253
687466
689911
690116
690781
693107
694488
694937
696189
697335
697340
697863
698498
698574
699318
699326
700004
700259
700847
701104
701179
701961
702628
703653
704164
704832
705422
706572
708576
709605
709828
710278
711815
713066
715774
716322
717357
718226
720463
723761
724741
726331
726487
726547
726994
727731
727952
729571
730232
730412
730650
731483
731979
732469
732763
734232
734988
735238
738001
738075
739139
740184
741642
742674
742936
744899
746362
746686
747099
751119
751884
751980
753337
755956
756507
757663
759070
759235
759490
760557
760673
761133
761724
762051
764623
764745
765095
765217
765621
765822
766896
767359
771599
772119
775349
776252
778085
778260
778294
779626
779683
780458
783230
783329
783352
783485
784056
784185
789223
789851
793421
793745
795491
795946
796860
798469
802845
803357
804880
805516
806523
806777
807119
807546
807927
807966
808965
809393
814149
814384
814424
815032
815241
816383
816457
816563
818629
818938
819269
821049
822686
824718
824936
825379
826572
829217
829423
829841
830804
835121
835947
835998
836007
837386
837766
837980
838817
840566
842548
842915
843925
847236
850522
850603
852493
854202
854961
855483
855703
856150
856732
858196
859085
860042
861335
862869
863237
864594
868813
870063
870650
871388
871963
873341
877147
877816
878194
878291
878561
880643
881603
881639
882473
886499
887415
889980
890179
890803
892071
893752
894580
894676
894745
895230
895379
896335
900272
901491
903611
904076
904201
907371
907544
908387
908787
910292
912629
914457
914577
914972
915170
915781
916398
917388
918782
918877
919286
920665
922334
922497
922763
923007
923150
923570
923957
926088
927109
928294
930542
931540
932620
934947
936445
938037
938160
940921
943950
944271
944505
947812
948744
949663
949853
949920
950768
952056
952545
952623
958798
960025
960875
961215
961773
961932
963876
967515
971959
975945
978608
980610
980757
980786
982777
983870
986540
986611
988441
988591
989963
990541
990994
992186
992328
992393
993087
993123
993686
996855
1000340
1001513
1003885
1006369
1007153
1008017
1008947
1009719
1009914
1010915
1011226
1011496
1011551
1012336
1012715
1015495
1017256
1020833
1021960
1022624
1023437
1024560
1025903
1026928
1028539
1029703
1030034
1031950
1032159
1032177
1032968
1033802
1033818
1034431
1034977
1035823
1036716
1036782
1037052
1038906
1038943
1039760
1039766
1040855
1042164
1042242
1042309
1042793
1044337
1045229
1048875
1049047
1050329
1051136
1051769
1052034
1052082
1052112
1054987
1056677
1057828
1060025
1060377
1060403
1060795
1061509
1061685
1061943
1065179
1065677
1065818
1068944
1070792
1072777
1074153
1075269
1075875
1079135
1080096
1080859
1082525
1082716
1084069
1086944
1087357
1088625
1089114
1090316
1090803
1093258
1094393
1096183
1096452
1097388
1100068
1101190
1101301
1101538
1102130
1103368
1104035
1104098
1104186
1104430
1105980
1106522
1107100
1110365
1110452
1111132
1111277
1111499
1112101
1115339
1115430
1115667
1115757
1116070
1117274
1117421
1117513
1118386
1119468
1122860
1123392
1124044
1124871
1125027
1127168
1127543
1127712
1127881
1128095
1128778
1128989
1129547
1129727
1134225
1134477
1134528
1134605
1134903
1135405
1137066
1137448
1137603
1138620
1139071
1139586
1141076
1142058
1143433
1145673
1146361
1147857
1150431
1152083
1152709
1153503
1155462
1155909
1155924
1156377
1156713
1160115
1160516
1160537
1161854
1163048
1164244
1165690
1166570
1166775
1167392
1167701
1167730
1167890
1168208
1168643
1169719
1169979
1171887
1173063
1173246
1173751
1173811
1175612
1178276
1178827
1178837
1179508
1180773
1181082
1183817
1184494
1184761
1184983
1185406
1186939
1187265
1187290
1188740
1190316
1192181
1193219
1193690
1194622
1195511
1196087
1196151
1196405
1198171
1198583
1198877
1199721
1199855
1200427
1200983
1201844
1203520
1203621
1205418
1205648
1206708
1208768
1209574
1210530
1211776
1216197
1220437
1222161
1224190
1224492
1224767
1225134
1225662
1227052
1227105
1228010
1229301
1229612
1229626
1230563
1231686
1233135
1234355
1234700
1235933
1236188
1236847
1238800
1239287
1239302
1240652
1242112
1242490
1243019
1243136
1243540
1245756
1246308
1247396
1251807
1252461
1254885
1255505
1256391
1257403
1258457
1259671
1260239
1260403
1262013
1262204
1262315
1262573
1262712
1262943
1264002
1264083
1265594
1268319
1268441
1271581
1271795
1273469
1276984
1278270
1278632
1279435
1280665
1281631
1281885
1282059
1282737
1283564
1285579
1286633
1286948
1286994
1287324
1287862
1290064
1293522
1296094
1296402
1297346
1299877
1299909
1300060
1303804
1303943
1307502
1308156
1308639
1309454
1311835
1312047
1313390
1315398
1315629
1316304
1316585
1317469
1318001
1318291
1318913
1322488
1322586
1322638
1325657
1325833
1326059
1326457
1326670
1328021
1328491
1329434
1330051
1330475
1332139
1334911
1336058
1337975
1338846
1339291
1340985
1341296
1341709
1344766
1345864
1347020
1348895
1349350
1353889
1354020
1354747
1355176
1355513
1355689
1357325
1358687
1358917
1359755
1360186
1360230
1360713
1361000
1361362
1363185
1364398
1366922
1366949
1367687
1367832
1370080
1371857
1371913
1373640
1373881
1374497
1375584
1375963
1378793
1378834
1379446
1380176
1380535
1380770
1381004
1382947
1383043
1383073
1384522
1386168
1386173
1386631
1387131
1388371
1390928
1391329
1393944
1394091
1394411
1394862
1395271
1395680
1396888
1397684
1398318
1398419
1398827
1399334
1399421
1399854
1400161
1401666
1401748
1401774
1401992
1402936
1403191
1403564
1404159
1404327
1404665
1406024
1406934
1408097
1408415
1409733
1409899
1410905
1411661
1412114
1412305
1412452
1412981
1416045
1416074
1420243
1422400
1422729
1423266
1423532
1424974
1425840
1428626
1430861
1430930
1431279
1431681
1431975
1432945
1433219
1433943
1434209
1434411
1434704
1435103
1436044
1437413
1438847
1440513
1440611
1442810
1442953
1448050
1448272
1448855
1450055
1451895
1453307
1453685
1455016
1458006
1460268
1461908
1463559
1465343
1466862
1468478
1468945
1476049
1476268
1477531
1478753
1479546
1479862
1481985
1482431
1483515
1484424
1484924
1485432
1486105
1486270
1486818
1487161
1488957
1489289
1490745
1491637
1492793
1494160
1496306
1496918
1497941
1498897
1499477
1503448
1504366
1504890
1505557
1506989
1507369
1508581
1510145
1511519
1512063
1513124
1513223
1514638
1515303
1519706
1520405
1521047
1522227
1522658
1526460
1527518
1527636
1528501
1529009
1530383
1530704
1534130
1535673
1536041
1536885
1538059
1538982
1540055
1541096
1542553
1542969
1545997
1546264
1546506
1548391
1548475
1550381
1551618
1551674
1551681
1552159
1552931
1553190
1555657
1557026
1557460
1560292
1560526
1562567
1562863
1562941
1565383
1568166
1568599
1569818
1569821
1571394
1571756
1574259
1575026
1577679
1577685
1579047
1580878
1584174
1584519
1585155
1585357
1586955
1587693
1589263
1596283
1596396
1596876
1597477
1599246
1601594
1602856
1602975
1603486
1603670
1605614
1606011
1606623
1610585
1610728
1611223
1611765
1612073
1612586
1614783
1615998
1616202
1616385
1617411
1620205
1620541
1621198
1621272
1622936
1623987
1624239
1625513
1627794
1631676
1633425
1636742
1636950
1637723
1638347
1638980
1639341
1639546
1639608
1639626
1639761
1639813
1641703
1642170
1642570
1642925
1643556
1643905
1644147
1645406
1647189
1648350
1649345
1653165
1653299
1653357
1653419
1654491
1655434
1657449
1658949
1659629
1659796
1660592
1660889
1661277
1662963
1663465
1664383
1664485
1665172
1665360
1666202
1666310
1667987
1668411
1668532
1668612
1669505
1670156
1671885
1674463
1674931
1676837
1677397
1678288
1678426
1678599
1680043
1681981
1682565
1682607
1683403
1685665
1685951
1686642
1686760
1691295
1691842
1693236
1695406
1695668
1697582
1697616
1697728
1698739
1698953
1701028
1701052
1701607
1701627
1702573
1703575
1705363
1706420
1713021
1714174
1714915
1715307
1715964
1715969
1716510
1717832
1721661
1721691
1722374
1726818
1726994
1728078
1729594
1731039
1733061
1734244
1734440
1734596
1737971
1738224
1739087
1739700
1741051
1742107
1743479
1745375
1745575
1745893
1746368
1747388
1748466
1748526
1748529
1750047
1750795
1751179
1753691
1754337
1756305
1756871
1757540
1758261
1759521
1759716
1759793
1760091
1760497
1761033
1762146
1762979
1763435
1764957
1765153
1765542
1766049
1766908
1768281
1769178
1770226
1772012
1774912
1775288
1775550
1776325
1777042
1777062
1778788
1778960
1778976
1779363
1779901
1780257
1780725
1780844
1783095
1783225
1783257
1783432
1783986
1784751
1787478
1787504
1789653
1789655
1790528
1792274
1792474
1794738
1795014
1795881
1796090
1796264
1796549
1796788
1797605
1797648
1800763
1801896
1802676
1805607
1806273
1807139
1807940
1808579
1809050
1809735
1810139
1810875
1811464
1811621
1813592
1813702
1814117
1816593
1816775
1817930
1817970
1818022
1818585
1822025
1822796
1824281
1824723
1824832
1825370
1827188
1827409
1827928
1828340
1829808
1830446
1832422
1833066
1833308
1834322
1834990
1835963
1836549
1836788
1837644
1837645
1841101
1841638
1842566
1843495
1844567
1846551
1847155
1847346
1849215
1850378
1853263
1853771
1854870
1855509
1856469
1860022
1861718
1862183
1864289
1864666
1868020
1869743
1869783
1874292
1875572
1875977
1876120
1877299
1877317
1877416
1877932
1880387
1880503
1881124
1882648
1883494
1884908
1886165
1887561
1889405
1889618
1890086
1891547
1893028
1895482
1895849
1896488
1896944
1898213
1898977
1902485
1902603
1904117
1906136
1908786
1911036
1911105
1911353
1914209
1915586
1917961
1918372
1918376
1919759
1919912
1920384
1921416
1922372
1923549
1923796
1924057
1924547
1929015
1929596
1929637
1929652
1929737
1931227
1931658
1931878
1931895
1934243
1937325
1937430
1937528
1939471
1940215
1940578
1942233
1942813
1946833
1947306
1949109
1949555
1949696
1950106
1950219
1950642
1951170
1953223
1955018
1955173
1955197
1956706
1957767
1960004
1961105
1961740
1963689
1964931
1967331
1968560
1969860
1970042
1970251
1970405
1970851
1972126
1972155
1972757
1974099
1974699
1975220
1977851
1978573
1979488
1979526
1981166
1983039
1983255
1984113
1984432
1984830
1987207
1988800
1989284
1990368
1990947
1991738
1993091
1993284
1994793
1995357
1995911
1996311
1996614
1997121
1997797
1998370
1998773
1998942
1999714
2000613
2004791
2005472
2006423
2009274
2012304
2012527
2013556
2013995
2014135
2016296
2017499
2018945
2021432
2022944
2025815
2026006
2027088
2029381
2030208
2031424
2031477
2033812
2034611
2039852
2040202
2040226
2041600
2042018
2042371
2043819
2044164
2045476
2045596
2048309
2049905
2050288
2050632
2052209
2052282
2055781
2056008
2056248
2057957
2058383
2060887
2062047
2062982
2063101
2064432
2064546
2064645
2064676
2066127
2067744
2069352
2069413
2069874
2070919
2072408
2072836
2073823
2075427
2076093
2076614
2076832
2076936
2081680
2082213
2082634
2083177
2084770
2084872
2086528
2086574
2087928
2087950
2089528
2091774
2092245
2093042
2093797
2094235
2095479
2097781
2100817
2101700
2104923
2105695
2106859
2107472
2109107
2111728
2112541
2113486
2114184
2115784
2116468
2117368
2119073
2119268
2120135
2120597
2120853
2121032
2121480
2124827
2125534
2126473
2127041
2127878
2128036
2128204
2128438
2129791
2130392
2131216
2131320
2131700
2133439
2134688
2135433
2136286
2137069
2138147
2138715
2138896
2139470
2141480
2141824
2144669
2146109
2147593
2147676
2147727
2147824
2147841
2148983
2150345
2151073
2152084
2152454
2154718
2155134
2155544
2156591
2156728
2156769
2157113
2157368
2158057
2160264
2163244
2163397
2164265
2164585
2166538
2166948
2167203
2167403
2167445
2169010
2169697
2171107
2171452
2171644
2172509
2172981
2173787
2174260
2174746
2174977
2175379
2176065
2177278
2178231
2178749
2179141
2180080
2180925
2182064
2184357
2186342
2187759
2188199
2188311
2188854
2190012
2190136
2190332
2190352
2190610
2191418
2192067
2192810
2193253
2193980
2195006
2196245
2198411
2198502
2198983
2201230
2201399
2203959
2204606
2206445
2206607
2206665
2206753
2207322
2207326
2208366
2213061
2213357
2213965
2214128
2215581
2215597
2218037
2219789
2220636
2221739
2223500
2225235
2225448
2227062
2227462
2227763
2228718
2229450
2230695
2231243
2231335
2231970
2232522
2233116
2233884
2234666
2235138
2235616
2236701
2237691
2238142
2239025
2240117
2242493
2242977
2243238
2243368
2243536
2243965
2244212
2244259
2245246
2245750
2245899
2246600
2246865
2248410
2248895
2251691
2251960
2253650
2254473
2254572
2255290
2255380
2255544
2255799
2255994
2256062
2256550
2258137
2259180
2259841
2260765
2262524
2262602
2264518
2265051
2265330
2266009
2266428
2266749
2270260
2270510
2270571
2270634
2271646
2272004
2272435
2274202
2274920
2275194
2277070
2277760
2278060
2278101
2278837
2279526
2279536
2280205
2280368
2282387
2283820
2284723
2285265
2289174
2289604
2289936
2289995
2291069
2293466
2294285
2296734
2298370
2299037
2299438
2299978
2300404
2300980
2301323
2301955
2304052
2304082
2306049
2306533
2306661
2306707
2306737
2307694
2308166
2309098
2309110
2309883
2310469
2311242
2311788
2313476
2314339
2314718
2316718
2317892
2319472
2320105
2321713
2322992
2324120
2324384
2324577
2325329
2329092
2329773
2331716
2332577
2332748
2333263
2333292
2333728
2334094
2335396
2335803
2336226
2337315
2340167
2340682
2340901
2343095
2343861
2344510
2345160
2346941
2348596
2348848
2349054
2349731
2351832
2352741
2353622
2355431
2355691
2357240
2357347
2358949
2359528
2360237
2361515
2363008
2365349
2365662
2366928
2367134
2367335
2367401
2368422
2370436
2370648
2371722
2373514
2373759
2373930
2373977
2374286
2374406
2374634
2375931
2376208
2377188
2379007
2379301
2380056
2381117
2381427
2383199
2383734
2383900
2384376
2384961
2386688
2387438
2388580
2389403
2389534
2391428
2392239
2393955
2394369
2395175
2396230
2397015
2397083
2397915
2398624
2399212
2399850
2401370
2402376
2403232
2403787
2406055
2406866
2407455
2408002
2409075
2409608
2412933
2413103
2415480
2416876
2416920
2420275
2421246
2421323
2422794
2423897
2424209
2424706
2424891
2427125
2427631
2427670
2428289
2429823
2429880
2430718
2433263
2433783
2434973
2435504
2437749
2438645
2439174
2440399
2442780
2443257
2447356
2448232
2449068
2450325
2452429
2452905
2453710
2453881
2454638
2454752
2455082
2455395
2456507
2457422
2458127
2458347
2459844
2460389
2462596
2463420
2464201
2466055
2466822
2466834
2466877
2467742
2468068
2470857
2470931
2471495
2472483
2473537
2473579
2473839
2474412
2475055
2475264
2480631
2482471
2484340
2484785
2487302
2491300
2491891
2492169
2492758
2493250
2493269
2495195
2495636
2495824
2496044
2496075
2496959
2498355
2498906
2500162
2503715
2507091
2507345
2509222
2509697
2509853
2511181
2511441
2511588
2511784
2512218
2512924
2513120
2516751
2516801
2516972
2518395
2518402
2518683
2518686
2519626
2519937
2520603
2522143
2522154
2522754
2523250
2525337
2527995
2528606
2529332
2529341
2530441
2530517
2531540
2531697
2532604
2532986
2535308
2535438
2535901
2536167
2537864
2538422
2539410
2542200
2543185
2543878
2544037
2544762
2544826
2546202
2546999
2548738
2549248
2549676
2551754
2552513
2553471
2553711
2554679
2555646
2556485
2558146
2560039
2561697
2562562
2562692
2562937
2563342
2563495
2566568
2566748
2567300
2567721
2567903
2568617
2569044
2569093
2569977
2570585
2570690
2573354
2573703
2573963
2574730
2574904
2576056
2576067
2577096
2578433
2579189
2580357
2581470
2583088
2583900
2584039
2584279
2585288
2587272
2587396
2587473
2587536
2588027
2588068
2589143
2589620
2591553
2592233
2592425
2593407
2594670
2595172
2595213
2596144
2596798
2597703
2597998
2598819
2599122
2599222
2600262
2600272
2600337
2601578
2602020
2602838
2602985
2603476
2610770
2611131
2612350
2612646
2612873
2613789
2614273
2614840
2616657
2617137
2618132
2618303
2618540
2621665
2622479
2622813
2622978
2623928
2624262
2624431
2624725
2624763
2625027
2626223
2628039
2628747
2630153
2630470
2630725
2631401
2633520
2633552
2636947
2637266
2638797
2639163
2639479
2641230
2643053
2644276
2645016
2645234
2645709
2647749
2648605
2648918
2650424
2650444
2653321
2654712
2656309
2656399
2656669
2656726
2657782
2658043
2658148
2659070
2659453
2662826
2662910
2663276
2663368
2664639
2666035
2666757
2667517
2667540
2667778
2668806
2669507
2670602
2671826
2672019
2672350
2675157
2675930
2676086
2676555
2676608
2681832
2683271
2684525
2685392
2686077
2687218
2688347
2688559
2689232
2689688
2689786
2690943
2691387
2691602
2692038
2694996
2695666
2696819
2699791
2702840
2704062
2704261
2705398
2709222
2709969
2710987
2712371
2714413
2714745
2714779
2717009
2717368
2717533
2718988
2719364
2720590
2724345
2724393
2725916
2728066
2728397
2730152
2730257
2730601
2730634
2732258
2732718
2733888
2734446
2735905
2736046
2738569
2740792
2741151
2742979
2743185
2744072
2745354
2745944
2746036
2746747
2746787
2747615
2748068
2748838
2749350
2750837
2751910
2752281
2753607
2753955
2754037
2754677
2754710
2754812
2755254
2755545
2757258
2758128
2758437
2759209
2759673
2760018
2760598
2761212
2763768
2763820
2764030
2764548
2766087
2766135
2766699
2769117
2769693
2770406
2770419
2771425
2772100
2774677
2775174
2777992
2778151
2780495
2780847
2781633
2781778
2781858
2782331
2782664
2785900
2787568
2790452
2793824
2793988
2799944
2800079
2801313
2802514
2802869
2804043
2805249
2806707
2807005
2807247
2807403
2808293
2810950
2811178
2814000
2815064
2815179
2815182
2815735
2820561
2823690
2824352
2824675
2825492
2827019
2827201
2827809
2828641
2829518
2830012
2832319
2833455
2833890
2834636
2835541
2838214
2838931
2839117
2839270
2839827
2840311
2841033
2845201
2845704
2846111
2846820
2848811
2851045
2852714
2852744
2853401
2853474
2855817
2857703
2858784
2858962
2859452
2860723
2861417
2861563
2863065
2864264
2865178
2866688
2869003
2869047
2869198
2870341
2870787
2872839
2875037
2875169
2875306
2875601
2876951
2877677
2878611
2880185
2881495
2881717
2882244
2882282
2882951
2888603
2889275
2889919
2890084
2890366
2890508
2891487
2891583
2893076
2894451
2894604
2894734
2894822
2895045
2895714
2895821
2896460
2896524
2896723
2898199
2900343
2901896
2902002
2903466
2906819
2906972
2907032
2907041
2907323
2907419
2909954
2910359
2910369
2910688
2910989
2911879
2913176
2913263
2914941
2916440
2916866
2918333
2918577
2920164
2922003
2923776
2927507
2929519
2931206
2931851
2932246
2932631
2932897
2933998
2936615
2937240
2937613
2939123
2939280
2939439
2939773
2941849
2943571
2944533
2945502
2945808
2946586
2947451
2947631
2947901
2948116
2948120
2948203
2949388
2949878
2950142
2950290
2950439
2951251
2952025
2954193
2955089
2957263
2958958
2959077
2959575
2961500
2962227
2964360
2964476
2965182
2965860
2967442
2967460
2969134
2969512
2970468
2972255
2973006
2973240
2973571
2974435
2974474
2974843
2976013
2976348
2977031
2977955
2978864
2984519
2984947
2986099
2986392
2986728
2986993
2987693
2988104
2988799
2990106
2990406
2991127
2994265
2994411
2996313
2996731
2997546
2997608
3000103
3000224
3000228
3000593
3002712
3005098
3006908
3009233
3009535
3010607
3014544
3016833
3017810
3019994
3021319
3021906
3022787
3024116
3024568
3026447
3027611
3027691
3029579
3031362
3031562
3032488
3034798
3036297
3036758
3037338
3039059
3039199
3039431
3043789
3043902
3044421
3044890
3047097
3049200
3049274
3049641
3050372
3052114
3052209
3055302
3056495
3057364
3059098
3060991
3061874
3063464
3063605
3065706
3066039
3067178
3067922
3068209
3071135
3071865
3075756
3079453
3080015
3080057
3080433
3082381
3083915
3084506
3084815
3087298
3091594
3091623
3092083
3092337
3092758
3092989
3093418
3094912
3095988
3096971
3097786
3098239
3100836
3101088
3104005
3104019
3104490
3104712
3105083
3105257
3106166
3106429
3108115
3111818
3112646
3113760
3115331
3117986
3118040
3119968
3120163
3120908
3122113
3122171
3122243
3122257
3123109
3123889
3124349
3124609
3126151
3126720
3127527
3127621
3129317
3130063
3131677
3132275
3133362
3133959
3134277
3135571
3136196
3136668
3138117
3138908
3139464
3139527
3139559
3141299
3141524
3142712
3144013
3144290
3147226
3147789
3151647
3152262
3153538
3153960
3154124
3156255
3156824
3158205
3160768
3161130
3161285
3162025
3162224
3162983
3163731
3165099
3166419
3167467
3168904
3169380
3169847
3170072
3170832
3171266
3171773
3173553
3175419
3176555
3177433
3178157
3183656
3184188
3187469
3187952
3188174
3188698
3189172
3189525
3190577
3192041
3192110
3192280
3197021
3197350
3199974
3200613
3201856
3202618
3203515
3203914
3206199
3206605
3207063
3209198
3209252
3209728
3210130
3210382
3211191
3212218
3212540
3214590
3216067
3218440
3218753
3218988
3219231
3219244
3220006
3220110
3220590
3221072
3222152
3223367
3224236
3226213
3226886
3227528
3228050
3228125
3229024
3229530
3230967
3231114
3231190
3231835
3232450
3233339
3233706
3234693
3234697
3234892
3235241
3236626
3237523
3238543
3239310
3239754
3239794
3240302
3240371
3240576
3241827
3242141
3246069
3248142
3249030
3249379
3250261
3250792
3250912
3251041
3251986
3252180
3252459
3252681
3253773
3254024
3254684
3254922
3258976
3261317
3261675
3264212
3264561
3265205
3265271
3266346
3266695
3267520
3268213
3268502
3269446
3271900
3272878
3273539
3274394
3276945
3277000
3277870
3277972
3278388
3279206
3280450
3281183
3281576
3282377
3282776
3282928
3283434
3284546
3285487
3287214
3288920
3289008
3290238
3290622
3290958
3291395
3291745
3293091
3293286
3294388
3294666
3295805
3297849
3300769
3302015
3304209
3306526
3307198
3307697
3308038
3308325
3308352
3309037
3309259
3314183
3315585
3316892
3317658
3318784
3321390
3321527
3322001
3324191
3324363
3324599
3324886
3325253
3326069
3326080
3327425
3327762
3328555
3329813
3332588
3333045
3333097
3333109
3333877
3335065
3335820
3336102
3336930
3338157
3340210
3341772
3342583
3343645
3344007
3346320
3346323
3346952
3346975
3347115
3348737
3348917
3349812
3349948
3351520
3353888
3353928
3354170
3354707
3355421
3356057
3360936
3361039
3361722
3362577
3363529
3363722
3365089
3365872
3366365
3366621
3369388
3369681
3374615
3376531
3377468
3377983
3379710
3380302
3381458
3383435
3384067
3384069
3384099
3385231
3387158
3387773
3388662
3389369
3389398
3390342
3390969
3391054
3395492
3396836
3396925
3397789
3400195
3400596
3401352
3402886
3403263
3404333
3405021
3405945
3406210
3407039
3409630
3409861
3410507
3410787
3411435
3411647
3414175
3414917
3415747
3415786
3416724
3417287
3418208
3418659
3419396
3419835
3419890
3420487
3420634
3421631
3422244
3422441
3423090
3423234
3426184
3426591
3426997
3427895
3429498
3430631
3430644
3432186
3432599
3433609
3434902
3435433
3435513
3436613
3436731
3437760
3438035
3439388
3440171
3440278
3441469
3442506
3443623
3445977
3446488
3446953
3453631
3454862
3456284
3456611
3458730
3458894
3459076
3459647
3460399
3461450
3461868
3464442
3465992
3466478
3466891
3467732
3469201
3470877
3473199
3474871
3475712
3476858
3477072
3478603
3479260
3480787
3482371
3482730
3483487
3484113
3485909
3487438
3487739
3488262
3488874
3489805
3491815
3492251
3492733
3496262
3496787
3497476
3499296
3502706
3502958
3503324
3504055
3504512
3504803
3504806
3505203
3505259
3506372
3506507
3506568
3508414
3509027
3510741
3511141
3512390
3512695
3512695
3513259
3514501
3515825
3517422
3517566
3518987
3520051
3520082
3522414
3523113
3523324
3524027
3524367
3525677
3525682
3527519
3528316
3529229
3529327
3529429
3531623
3533433
3534506
3534711
3535317
3535658
3536576
3536851
3536890
3538617
3538943
3539882
3540231
3541088
3542734
3543217
3543338
3547064
3547499
3548077
3549706
3550812
3551009
3551371
3553759
3554158
3554268
3554758
3555808
3557168
3557342
3557717
3558735
3559545
3559616
3561238
3563434
3568092
3568832
3569512
3569835
3572736
3573070
3573357
3573608
3574721
3579733
3580465
3582068
3582221
3583967
3584621
3585179
3588345
3588832
3588927
3590462
3590522
3593004
3594242
3597417
3599224
3599400
3600349
3600597
3600938
3602132
3602459
3603525
3604522
3604539
3605298
3606735
3607353
3607412
3608113
3609835
3610092
3610328
3611427
3611606
3614182
3615993
3618314
3618423
3618531
3618669
3620428
3620597
3621810
3621893
3622892
3623824
3624687
3625098
3625935
3626133
3627586
3628780
3628816
3629548
3632473
3632954
3634152
3637041
3639133
3639831
3641080
3642833
3643511
3643731
3644017
3644163
3645497
3646331
3646727
3647445
3651366
3651619
3652009
3652111
3652492
3653012
3654842
3654930
3655890
3656080
3657371
3660319
3660883
3663792
3666256
3667929
3669632
3669872
3670051
3671300
3673848
3674711
3674757
3676915
3677003
3679656
3680609
3680995
3685596
3685649
3688401
3688859
3688947
3689330
3692527
3694618
3694894
3694996
3695926
3696727
3696913
3697394
3698243
3698251
3701080
3701465
3702148
3702409
3706294
3707446
3707782
3710284
3712557
3712858
3714520
3717623
3718043
3721335
3722148
3725072
3725210
3725325
3725732
3726055
3726126
3727724
3728032
3728902
3729125
3729518
3730814
3730948
3731190
3733130
3733379
3734183
3734786
3735343
3736923
3738420
3739477
3741623
3741861
3742887
3743439
3744213
3746319
3749363
3751058
3751927
3754465
3755012
3757390
3758373
3758551
3759058
3759347
3760183
3761921
3764553
3765719
3767190
3768133
3768889
3768947
3769079
3770805
3771019
3771064
3771718
3773178
3773803
3774813
3775213
3776167
3780327
3782260
3783597
3785314
3787198
3787774
3788269
3790238
3790321
3791354
3792011
3792180
3792313
3792628
3793345
3793653
3794198
3795084
3795941
3796290
3797388
3798743
3800551
3801230
3802180
3803381
3804444
3804512
3804725
3807079
3807528
3808293
3809112
3810227
3812101
3815664
3816586
3817347
3818222
3818561
3820289
3821120
3823032
3823507
3826603
3827670
3827715
3830127
3830719
3831651
3831786
3832359
3833028
3833563
3833961
3835922
3837026
3838366
3842215
3843590
3845077
3845135
3845344
3846220
3846543
3847297
3847306
3847726
3848522
3849271
3849451
3850021
3850050
3852506
3852927
3853792
3854000
3854842
3854856
3855813
3856984
3857824
3858623
3858667
3861831
3862595
3863927
3864204
3864443
3866520
3866656
3870792
3871018
3876410
3878617
3878655
3878909
3879796
3880786
3881603
3882364
3882616
3882777
3883316
3884154
3885704
3885782
3887165
3887798
3887883
3888255
3889083
3890732
3891224
3892571
3893180
3894135
3895547
3896903
3897893
3904102
3904417
3905041
3906143
3906899
3906911
3906935
3907204
3907755
3909759
3910290
3912548
3914771
3917385
3917658
3917816
3918057
3918960
3919111
3919210
3919855
3919962
3920664
3921202
3921896
3922567
3923399
3924842
3927077
3927082
3928226
3930551
3931158
3933776
3934104
3935326
3935624
3936133
3936376
3937322
3937528
3938478
3938764
3939262
3940984
3941219
3941275
3944907
3945122
3945767
3946696
3949200
3949206
3950854
3951743
3952925
3953569
3953983
3955198
3955532
3955701
3956624
3959358
3960189
3962301
3962363
3963234
3965687
3966554
3966576
3966710
3966983
3967798
3967859
3968969
3969126
3969135
3969604
3970308
3970495
3970724
3971486
3971615
3974243
3975582
3975634
3975687
3975749
3976331
3976538
3976989
3977060
3977830
3979795
3980747
3983389
3985578
3985608
3985672
3985672
3986559
3987016
3987120
3988086
3989866
3990604
3990716
3992103
3993255
3994390
3995095
3997171
3997763
3998649
3998732
3998948
3999722
4000661
4002970
4003116
4004615
4005016
4006607
4007464
4008111
4008112
4008340
4008880
4014799
4015417
4016221
4018297
4023362
4023818
4024370
4024969
4025070
4026096
4026561
4027994
4028223
4029507
4029535
4029804
4029973
4030657
4031607
4032949
4034984
4037163
4039666
4040246
4040585
4043841
4046510
4047530
4047818
4048605
4048755
4049372
4053857
4054385
4054445
4059673
4060314
4060393
4060948
4062037
4062123
4063931
4065141
4066210
4067954
4071091
4071571
4073989
4074725
4075779
4077246
4077247
4079206
4081017
4083541
4083571
4085200
4087361
4087450
4087463
4088185
4088668
4091762
4092610
4093331
4094373
4094689
4095837
4098172
4099174
4099404
4100823
4102266
4103054
4103085
4103283
4106157
4109098
4109812
4110699
4111009
4111063
4112053
4112447
4113622
4113876
4117500
4117582
4118204
4118431
4118793
4118874
4119458
4119911
4121101
4123262
4123644
4125094
4127381
4128299
4128567
4129020
4130934
4132361
4132468
4132829
4133378
4133871
4134342
4135860
4136519
4140508
4140832
4142080
4142387
4144215
4144857
4146034
4146312
4149927
4150448
4151438
4152161
4152350
4153532
4153643
4153869
4155413
4157038
4159085
4160260
4161167
4161466
4161916
4162853
4164192
4164595
4166301
4167329
4167806
4168394
4169288
4169488
4170953
4173188
4174289
4175683
4176230
4176535
4176769
4181740
4182793
4183700
4184866
4185033
4188120
4189267
4189396
4190143
4190231
4190977
4191452
4192297
4192694
4192873
4193729
4193908
4195399
4196466
4197046
4199623
4200596
4201035
4201732
4204015
4205763
4206944
4208518
4209280
4209407
4213188
4214073
4214500
4214607
4214931
4215392
4216884
4217096
4218422
4221803
4222558
4222625
4224692
4226283
4227160
4227591
4228201
4229909
4230519
4230761
4231029
4231301
4231631
4231946
4234413
4234421
4234722
4235399
4235575
4236348
4236756
4238208
4238266
4239644
4240073
4241943
4242398
4242663
4242726
4243101
4243569
4244245
4246348
4246452
4247384
4248545
4248583
4250283
4250591
4250963
4251004
4251073
4252329
4252758
4253142
4253200
4255403
4256126
4256891
4257139
4257810
4258116
4259710
4261183
4261846
4262877
4263945
4264043
4265253
4265458
4266048
4267777
4269448
4269625
4272009
4272050
4273256
4273558
4273743
4273861
4274576
4275821
4276379
4276976
4276993
4278006
4279894
4281347
4284696
4285601
4286180
4288872
4289687
4290165
4292781
4292939
4293107
4294019
4294620
4295021
4295722
4297674
4299738
4300126
4301583
4302948
4303519
4304789
4304816
4308146
4310808
4312306
4313515
4313920
4315638
4318326
4318873
4319201
4321010
4321166
4321252
4324452
4330102
4330125
4331438
4331939
4334376
4334717
4336520
4338095
4340272
4340931
4343838
4345057
4345556
4346604
4347501
4347585
4347688
4348163
4348901
4348908
4350347
4351081
4351272
4354048
4357076
4357372
4358456
4358632
4358859
4359411
4359656
4360166
4361484
4362837
4363615
4364211
4364898
4366003
4366595
4368377
4368655
4370222
4372390
4373883
4374570
4377057
4378012
4379239
4379828
4381569
4382858
4384175
4384837
4387033
4387319
4387535
4388972
4389558
4391050
4391909
4392729
4398246
4399197
4399415
4400383
4403256
4404854
4406175
4406719
4407397
4408538
4410096
4411001
4412961
4413761
4418132
4421385
4422322
4423818
4424983
4426524
4428708
4429075
4429190
4429345
4432636
4433126
4434805
4435017
4435389
4438312
4438618
4439581
4441915
4441962
4442269
4442475
4442561
4443861
4443932
4444561
4444579
4447884
4449353
4449619
4449977
4450251
4451812
4452006
4452325
4454054
4454768
4454820
4455559
4456871
4458069
4459339
4460232
4460477
4461764
4463335
4465122
4465911
4466193
4467423
4468037
4468449
4468689
4469467
4473736
4474293
4475613
4476374
4477640
4478549
4478750
4479275
4480202
4480688
4482193
4482571
4484329
4484577
4485612
4485940
4486064
4487217
4487494
4487781
4487785
4488490
4488533
4488582
4490256
4490480
4491423
4492885
4493051
4493401
4493523
4493942
4496668
4497645
4497687
4499166
4499929
4500079
4500098
4501694
4502702
4503007
4503826
4503888
4507263
4508802
4509056
4509586
4510564
4511131
4511387
4511531
4514097
4516055
4516328
4523972
4524187
4524196
4524221
4524394
4524895
4525036
4525093
4526561
4527618
4528146
4529411
4530683
4531424
4531813
4532231
4533577
4535292
4535979
4536123
4536149
4536288
4537624
4538856
4539318
4540654
4544677
4546466
4549018
4549490
4549661
4550059
4551782
4552139
4553779
4554830
4554923
4554966
4555810
4556207
4556389
4557327
4561880
4562479
4567887
4570090
4572852
4573054
4573718
4575193
4576189
4576405
4576865
4577442
4577541
4577594
4577774
4578004
4579071
4580054
4583691
4584145
4585022
4585084
4585671
4591453
4595597
4596158
4596414
4597854
4598247
4599057
4599400
4599678
4600259
4600453
4600679
4601203
4601283
4601770
4604425
4604802
4606342
4607239
4608308
4608855
4609155
4610088
4610193
4611186
4611231
4613540
4615096
4617769
4617908
4619438
4620731
4620820
4621937
4623219
4626714
4627414
4628848
4629317
4629515
4629927
4630888
4631076
4632347
4632762
4637857
4638388
4640365
4640635
4640911
4643181
4643890
4647319
4647959
4647994
4648014
4648247
4648745
4649083
4650248
4651777
4652300
4653871
4655247
4656518
4656597
4658926
4659206
4659877
4660558
4662158
4662300
4662674
4662976
4663597
4664538
4664592
4664774
4665152
4666975
4667070
4668085
4670273
4671424
4671457
4671887
4673434
4674302
4674617
4674854
4675635
4676694
4676837
4677230
4677394
4677575
4677990
4678983
4680567
4680967
4682150
4682759
4682908
4683119
4683373
4684296
4684417
4684860
4685066
4685758
4687424
4688389
4688994
4691556
4692073
4692168
4692493
4692894
4693888
4694185
4694379
4695849
4697603
4698098
4700509
4700864
4704176
4706187
4706430
4707254
4707451
4708131
4708570
4708736
4708953
4709800
4710571
4710686
4710789
4711025
4712660
4712788
4716920
4718198
4719000
4719109
4720602
4720819
4721907
4722890
4724164
4724182
4727303
4727840
4728779
4729139
4730701
4731918
4732546
4734321
4738301
4738884
4738940
4740109
4740587
4740810
4741196
4741210
4742104
4743258
4743441
4744467
4746271
4746864
4746980
4747267
4747925
4748391
4748403
4748471
4749290
4751637
4753132
4754378
4755593
4758341
4760812
4763246
4763438
4763988
4766667
4767453
4770229
4770674
4770756
4771492
4772066
4772692
4772903
4773110
4773316
4773335
4773472
4773561
4774502
4775214
4777079
4777458
4782444
4782654
4786322
4787552
4790988
4791702
4792175
4794185
4796593
4797317
4798267
4799052
4799679
4800093
4800293
4800386
4801013
4802241
4803400
4804738
4807729
4808663
4809312
4810810
4812225
4812522
4813500
4816291
4816360
4817578
4817960
4818381
4818803
4819797
4821140
4821234
4821442
4823466
4825031
4826000
4826119
4826431
4827242
4827724
4830365
4834211
4834640
4835840
4836196
4837319
4837618
4838564
4838933
4839291
4839545
4840738
4840991
4841068
4841296
4844553
4845109
4845378
4845469
4845869
4847219
4848113
4848176
4848285
4848358
4849890
4851509
4857327
4857534
4858630
4858836
4859292
4859411
4862098
4864845
4864850
4865120
4865510
4866131
4868542
4869309
4869397
4870785
4871959
4873756
4875235
4875320
4875658
4876019
4876033
4876263
4877370
4878095
4879035
4880031
4880306
4881433
4881534
4881567
4881751
4883753
4885261
4887256
4887560
4888593
4889594
4890206
4890664
4891286
4893007
4893007
4893297
4893618
4893986
4896871
4898371
4898920
4899526
4900221
4902183
4902444
4902695
4903215
4904605
4904950
4905420
4905737
4906022
4907748
4908424
4910893
4914270
4914411
4921585
4922984
4924305
4925812
4926586
4927455
4928967
4930701
4931117
4932160
4934220
4934254
4935140
4935719
4937298
4937847
4938845
4939540
4940267
4940532
4941650
4942567
4943303
4944270
4945233
4946451
4946462
4946653
4947551
4949180
4950477
4951391
4952098
4952454
4952771
4953283
4953373
4955738
4956581
4957313
4961121
4961677
4961682
4963368
4964244
4964422
4968197
4968769
4969127
4969142
4972287
4972466
4975051
4980891
4983001
4983552
4984562
4985236
4985721
4986476
4986696
4987748
4988390
4988773
4989134
4991871
4994815
4995262
4995517
4995728
4996184
4996895
4997455
4997653
4998302
4999080
5000865
5002280
5003454
5003499
5004601
5006049
5006524
5006736
5011562
5012162
5013492
5014797
5014911
5015600
5016076
5016756
5019827
5021048
5021519
5024055
5024226
5024874
5025145
5027777
5028481
5029244
5029436
5030151
5031633
5033215
5033771
5035321
5035642
5036555
5037644
5037920
5039261
5041971
5042632
5044060
5044067
5044500
5044553
5044909
5045136
5045160
5045249
5045271
5047464
5048115
5048471
5048982
5050469
5050593
5051162
5052941
5053450
5054904
5055742
5056152
5056950
5056991
5057490
5062742
5063113
5064685
5065536
5065608
5066394
5067341
5067398
5067584
5068698
5070449
5071491
5072037
5072871
5073004
5075152
5075277
5075458
5075658
5076506
5076593
5078835
5084347
5084463
5085415
5086252
5087507
5088126
5088929
5088946
5090784
5090880
5091074
5091520
5095900
5096814
5097230
5097782
5099246
5099965
5100257
5101440
5101611
5101625
5102705
5102724
5104441
5108782
5108805
5109129
5109621
5109833
5110193
5112240
5112367
5116610
5116677
5117431
5118578
5118623
5119327
5119653
5120244
5120524
5120543
5122547
5123945
5124957
5125434
5126212
5126345
5126508
5129220
5131457
5131481
5132281
5132682
5133795
5134460
5134784
5135430
5138181
5139895
5140238
5140418
5142380
5144347
5146772
5150579
5150603
5150727
5151728
5152588
5153685
5153706
5153989
5154504
5154596
5154692
5160363
5161277
5164768
5164814
5165445
5165512
5166027
5167176
5168857
5170467
5171446
5171856
5172463
5173055
5175332
5176684
5176866
5177048
5179723
5181810
5182997
5183149
5184153
5188715
5188764
5188836
5189632
5190787
5193229
5193711
5195860
5196767
5198337
5199974
5201403
5201944
5202891
5202958
5203422
5203550
5204067
5204118
5205258
5206518
5209744
5213286
5213508
5214292
5214626
5215930
5216779
5216805
5217099
5217960
5219286
5220543
5221002
5223352
5224019
5224921
5225301
5225589
5225658
5226671
5227393
5227460
5228570
5228793
5230104
5230222
5234864
5235123
5235596
5236653
5237163
5237282
5238883
5239088
5240296
5240757
5242700
5243585
5244096
5247349
5247569
5247665
5249264
5249428
5251750
5254106
5256734
5257439
5257620
5257702
5259252
5260825
5261165
5261338
5262181
5263142
5264602
5265165
5265955
5266452
5268063
5268475
5269191
5269681
5270356
5270800
5273141
5273530
5273870
5274063
5274118
5275052
5275057
5276396
5277285
5277800
5278154
5278659
5279151
5281050
5281415
5285378
5285909
5286118
5286868
5287212
5289565
5289802
5289919
5289999
5291124
5295668
5295696
5295923
5296493
5296536
5296834
5297325
5298044
5298307
5299965
5300671
5300898
5301675
5303083
5304552
5304821
5305235
5305900
5306966
5307229
5307738
5309827
5312292
5315598
5316381
5316905
5318149
5319297
5324048
5325584
5328383
5328551
5329927
5332892
5333686
5334678
5337851
5341197
5341539
5342010
5342060
5342078
5342820
5344118
5344288
5349206
5350186
5350395
5350404
5350965
5351829
5352498
5353604
5356426
5358387
5358826
5360040
5360711
5362240
5363535
5364247
5366576
5367511
5367849
5371398
5373644
5373918
5375143
5376933
5379022
5379300
5380228
5380353
5382272
5383416
5384078
5386102
5386283
5387764
5389012
5390826
5392841
5393488
5395821
5397237
5399494
5399546
5400447
5401355
5401692
5403354
5403392
5403687
5403854
5403885
5406909
5407440
5408383
5409549
5410184
5410303
5410468
5410977
5412330
5412613
5413081
5413308
5413505
5415407
5415653
5415742
5416304
5416531
5417164
5420234
5420556
5421668
5424774
5424829
5426142
5427237
5428425
5430467
5431161
5431228
5431391
5432651
5433469
5435609
5436556
5437249
5438364
5438548
5440764
5442161
5446664
5447036
5447705
5447768
5448045
5448127
5450496
5452779
5454338
5456159
5456261
5456378
5458773
5459273
5459919
5462312
5462799
5464759
5466329
5466798
5467166
5467236
5467240
5467317
5467659
5470042
5470167
5470225
5470650
5470794
5470937
5472161
5474174
5474361
5474779
5476762
5477088
5478222
5479048
5481503
5483124
5484572
5485280
5486309
5487859
5488827
5490124
5491469
5491662
5491999
5493638
5493704
5496055
5496534
5496995
5500849
5501781
5502593
5503027
5506679
5508080
5508134
5508164
5508273
5508451
5510542
5513986
5514416
5514705
5515076
5516832
5516893
5517988
5518422
5521718
5522492
5523045
5523519
5523822
5524438
5526365
5526503
5526996
5530038
5530385
5531294
5531499
5531596
5534317
5538143
5539175
5539445
5540523
5540602
5541124
5541299
5542291
5543535
5543933
5544313
5545291
5545448
5546237
5546555
5550630
5551526
5551905
5552138
5552624
5552899
5553000
5553024
5553572
5556401
5558013
5558015
5559139
5560844
5560845
5561096
5561628
5562411
5563790
5565573
5567336
5568396
5568408
5568431
5569237
5569423
5570541
5571316
5572359
5572524
5572642
5573624
5574336
5574500
5576060
5576062
5576648
5576746
5576852
5576979
5577947
5580516
5581936
5583273
5583397
5583757
5583982
5585082
5585500
5586116
5586841
5587318
5588672
5590028
5590818
5591009
5594209
5594426
5595442
5595458
5595852
5596565
5597008
5597581
5597780
5598643
5599535
5600694
5601198
5601650
5605249
5605808
5606202
5606924
5606985
5609054
5610291
5611473
5612068
5612149
5613994
5614168
5614387
5614766
5615533
5616028
5617354
5618990
5620290
5620690
5620712
5622054
5622459
5624058
5624772
5625212
5626380
5626436
5627564
5632122
5633291
5634062
5634549
5635076
5635559
5636012
5638767
5639361
5640147
5643164
5643473
5643534
5643921
5644821
5648515
5648779
5651042
5652186
5652691
5653611
5655862
5656449
5658516
5658972
5659419
5660015
5660303
5660503
5662157
5664210
5665769
5667483
5667975
5668050
5668578
5669196
5669314
5670100
5670329
5671232
5672289
5673499
5673637
5674052
5675035
5676426
5677537
5678467
5679810
5679824
5681119
5683126
5684390
5685313
5685397
5685705
5686559
5686836
5687319
5687557
5688019
5690964
5691501
5692877
5693662
5695236
5695342
5695946
5696818
5697102
5699869
5701077
5701882
5702746
5703884
5705301
5705522
5705528
5705645
5705947
5706711
5708418
5713489
5713865
5713891
5714305
5714467
5714745
5714850
5716256
5720206
5721143
5724034
5724613
5724791
5727967
5730983
5734171
5734548
5734758
5736720
5737443
5740162
5740608
5741294
5741868
5742226
5742357
5744230
5744388
5744802
5744949
5745944
5746646
5749368
5753382
5753788
5758604
5759378
5761993
5765160
5765797
5766649
5768342
5768975
5771222
5771494
5772852
5775413
5775548
5775691
5775716
5777359
5777877
5779061
5779905
5780389
5781876
5782555
5782853
5782929
5785866
5786251
5786429
5787747
5790815
5791751
5791868
5793334
5795810
5797560
5797685
5800612
5800962
5801529
5802426
5804846
5805084
5806903
5807415
5808037
5809552
5810275
5810398
5811406
5812558
5816399
5817004
5817884
5819162
5819170
5819326
5819764
5819780
5819782
5819812
5821211
5823181
5823462
5824067
5824700
5825931
5827803
5829405
5829493
5831872
5833608
5835978
5836853
5839257
5842031
5842970
5845730
5846023
5846252
5846945
5848331
5849423
5850310
5850665
5851654
5853716
5854112
5855381
5856115
5856295
5856416
5857026
5857053
5857458
5857808
5858456
5858464
5858803
5860546
5860840
5861326
5864144
5866603
5867430
5867736
5868815
5871059
5871678
5872110
5873195
5874037
5874417
5874463
5875580
5877605
5880391
5880561
5881300
5883036
5883482
5884382
5886376
5887122
5888128
5890461
5891481
5892136
5892224
5895552
5896507
5898492
5898682
5902603
5903191
5908292
5909116
5910847
5916106
5916732
5917122
5918632
5921302
5922245
5922875
5923900
5925745
5926371
5927024
5927238
5928960
5929299
5929850
5930117
5931988
5932534
5933746
5933801
5935313
5935687
5935786
5935876
5936466
5941653
5941803
5941866
5942001
5942031
5942647
5945499
5945981
5946418
5949562
5949922
5950315
5952591
5952617
5954560
5955956
5957957
5958137
5958362
5958647
5960967
5961389
5962061
5963586
5963992
5964979
5966756
5968486
5968591
5970854
5971476
5973668
5974902
5975328
5975763
5976354
5977084
5978682
5979111
5980215
5980362
5981410
5983325
5983863
5983890
5984818
5986544
5987311
5987498
5990808
5991177
5992319
5992595
5992613
5992628
5994925
5994997
5995725
5997516
5998944
5999624
5999631
6000744
6002897
6002931
6003280
6003534
6004489
6005056
6005469
6006950
6007275
6009981
6009992
6010081
6010330
6010784
6012414
6012565
6012994
6013010
6013215
6013506
6013848
6015462
6015513
6015514
6016518
6017232
6018012
6019274
6019662
6021100
6021564
6022672
6024091
6025681
6025710
6027187
6028071
6029141
6029277
6030457
6031368
6032880
6033576
6034068
6036290
6036381
6036472
6036903
6036929
6038004
6039021
6040184
6040213
6040300
6040717
6041379
6041448
6042565
6044683
6044847
6044873
6046020
6046488
6046622
6047627
6051768
6051852
6054221
6054390
6054647
6056457
6059135
6059731
6059748
6059868
6062795
6063794
6066216
6066267
6066893
6070034
6071304
6071446
6072432
6074492
6074837
6076369
6076519
6076582
6077632
6080094
6080790
6081166
6081577
6081726
6083772
6085607
6086474
6088093
6089383
6090845
6091731
6092595
6092844
6093159
6094017
6095137
6095657
6096132
6096809
6100964
6101251
6103586
6103800
6104768
6105302
6105438
6106417
6106478
6106806
6107526
6109518
6109950
6111214
6112363
6113048
6113197
6115704
6116499
6116502
6118773
6119343
6121099
6121787
6122882
6123771
6124643
6125420
6126747
6126805
6129339
6130665
6131298
6131316
6131478
6132999
6138695
6142173
6142353
6143611
6143836
6146052
6146250
6147322
6147737
6149477
6149568
6149998
6152104
6152369
6153535
6154127
6154432
6154605
6155166
6155326
6156190
6157921
6159106
6160123
6160690
6161489
6164118
6166001
6166973
6167001
6168272
6168909
6169918
6170319
6171283
6175539
6176492
6177862
6179194
6179688
6180843
6181266
6181795
6183014
6184058
6185209
6189030
6189455
6189619
6190827
6192742
6193853
6193922
6194349
6194553
6194952
6196110
6198588
6199444
6199759
6200877
6202093
6204055
6205695
6206667
6208152
6208340
6208976
6210615
6210669
6210760
6212084
6213653
6214989
6215008
6218749
6220529
6222593
6222729
6223347
6224308
6225109
6225580
6226131
6226536
6228407
6228435
6228767
6229999
6230145
6230148
6230501
6230957
6231573
6231657
6232359
6232739
6233723
6236004
6236079
6237210
6237697
6237761
6238603
6238689
6239446
6240323
6240381
6240702
6241710
6241874
6242035
6242069
6242413
6242451
6243939
6245246
6245608
6245774
6248727
6249202
6249647
6250609
6251187
6251692
6251790
6255758
6257809
6260199
6263163
6263637
6264119
6264743
6266399
6266722
6267243
6267437
6271339
6271725
6271937
6272348
6275965
6276137
6277378
6278150
6282985
6284254
6285399
6287312
6288753
6294003
6294421
6296738
6297781
6304520
6305438
6305908
6306217
6306868
6307440
6307984
6308180
6309198
6309787
6312266
6312483
6312724
6312924
6314281
6315684
6317649
6318050
6318143
6318655
6318929
6319087
6319312
6319701
6319909
6319950
6320854
6321754
6321790
6322241
6323403
6324053
6324172
6326340
6328212
6328422
6328805
6329405
6330512
6331257
6331858
6332191
6333247
6333518
6333902
6334432
6336720
6336859
6337075
6338056
6341114
6342196
6342922
6343015
6343436
6344519
6344584
6345105
6345527
6346940
6348108
6348388
6348693
6349984
6350912
6353399
6355636
6358347
6360130
6360646
6360866
6361896
6362066
6365765
6366144
6366714
6367148
6367179
6367906
6368939
6370388
6370992
6371073
6373688
6374141
6374257
6375918
6376271
6376763
6377089
6377795
6380475
6381029
6382094
6382789
6387263
6389403
6390878
6391586
6391863
6393648
6394518
6395083
6395189
6395562
6395725
6395803
6396113
6397867
6399360
6400696
6400988
6401430
6402134
6402997
6405740
6408748
6410076
6410366
6410900
6412594
6412648
6412699
6413052
6413424
6414923
6415225
6415891
6416584
6416746
6417377
6417417
6417738
6419516
6420074
6420648
6420854
6420904
6422065
6422672
6423121
6424934
6425521
6426503
6426706
6427765
6428910
6430108
6430599
6432269
6432495
6433048
6434841
6435392
6436424
6439704
6440396
6441328
6442331
6442571
6442735
6445807
6446210
6447167
6448716
6449557
6449905
6450157
6450285
6453783
6455444
6455590
6455909
6457023
6458583
6458880
6459595
6459624
6459700
6461808
6463669
6464035
6465865
6466960
6467608
6468071
6469496
6469655
6470393
6471038
6471758
6472515
6474092
6475912
6476415
6478469
6479048
6479548
6480208
6480543
6480629
6480986
6481013
6481717
6482715
6483364
6483928
6484929
6485322
6485573
6486611
6486623
6487788
6487817
6488690
6489388
6489889
6490308
6491659
6491940
6492392
6494455
6495251
6495361
6497758
6499604
6500967
6502246
6504647
6504939
6505528
6505683
6505816
6506489
6508190
6511227
6511818
6512755
6513569
6515007
6516108
6516772
6518153
6519106
6520026
6520463
6521396
6521471
6521530
6521697
6522057
6523718
6524306
6526112
6526372
6526816
6528557
6530627
6531118
6532321
6532406
6533414
6534488
6535238
6537500
6538043
6538504
6539286
6540735
6542724
6543480
6544293
6546274
6546729
6546942
6547278
6547504
6550836
6551767
6552211
6555374
6555459
6558079
6558416
6559368
6562733
6563578
6566717
6568684
6570164
6570806
6571004
6573438
6574317
6574574
6577330
6578849
6579069
6579672
6580323
6580333
6581866
6582439
6582877
6584161
6584249
6586978
6588537
6589039
6589476
6589589
6589651
6589994
6590354
6592450
6592530
6595636
6596426
6596940
6597286
6597431
6597721
6598620
6599607
6599722
6600590
6601094
6604061
6607199
6609116
6609703
6609737
6610546
6610847
6611074
6614824
6614893
6616676
6619543
6622129
6623223
6624413
6625190
6628211
6632263
6632497
6633668
6635550
6635867
6635954
6636153
6637356
6637849
6638173
6639593
6642074
6643393
6644391
6645979
6646874
6647060
6648389
6648915
6650808
6651785
6652250
6653360
6655863
6655969
6657231
6658940
6659238
6660775
6661344
6662476
6664550
6665215
6665221
6665537
6666290
6667251
6667532
6667543
6669156
6669241
6670683
6672192
6672665
6674145
6674873
6675357
6675633
6680802
6681177
6682825
6683194
6687089
6687181
6688953
6689016
6689285
6691034
6692554
6693031
6694424
6695958
6696355
6699483
6700415
6701363
6702272
6702328
6703016
6704285
6704640
6705831
6706108
6707531
6707983
6708603
6708842
6709579
6711492
6712402
6712744
6714602
6715425
6716968
6717045
6717932
6719946
6721608
6723364
6723711
6725997
6726525
6726544
6727394
6729079
6729584
6730444
6730476
6731921
6733842
6734339
6734820
6735236
6735567
6735678
6736027
6737358
6737625
6738046
6738520
6741063
6743676
6743910
6744318
6747303
6748893
6748983
6750566
6751320
6753230
6753284
6753296
6754176
6754264
6754884
6757752
6758547
6758884
6760902
6760973
6761316
6762236
6762282
6764104
6764435
6765130
6766078
6766335
6766984
6769327
6769563
6769659
6770044
6772196
6775474
6778277
6778422
6780993
6784848
6786542
6786873
6787115
6789439
6789635
6790893
6790996
6791262
6794164
6797108
6799732
6799798
6803233
6804113
6804246
6804713
6806803
6807201
6807544
6807663
6807868
6809238
6811101
6811349
6814369
6815221
6815726
6816367
6816531
6817445
6817527
6823700
6824455
6825346
6827195
6829581
6829886
6830062
6832794
6834688
6836031
6837705
6840392
6840666
6842477
6842859
6847062
6850487
6852508
6853565
6853831
6854044
6854849
6856162
6856424
6858432
6859783
6859938
6860263
6861161
6861181
6861513
6862723
6864191
6864539
6865538
6866536
6866958
6867892
6868593
6868620
6868638
6869045
6872001
6873348
6873781
6873829
6873866
6875904
6876275
6876815
6876856
6879802
6880490
6881808
6882294
6882408
6882487
6889298
6889904
6890031
6890989
6893879
6894757
6896609
6896970
6898282
6899265
6899522
6900179
6900223
6903118
6905022
6907914
6909186
6909930
6910650
6911372
6911808
6912150
6912243
6912384
6912563
6912584
6913295
6914093
6914605
6915047
6916205
6917013
6917974
6919956
6920733
6921159
6921885
6922656
6924636
6924850
6926282
6926602
6927885
6928561
6928774
6930060
6932637
6933854
6934275
6936179
6937042
6938085
6938711
6941017
6942672
6943653
6944573
6945181
6945927
6946396
6948042
6948407
6949049
6949130
6949164
6949330
6950940
6951578
6952695
6954326
6955619
6959769
6960676
6961125
6961687
6962718
6963598
6965573
6966019
6966082
6967370
6968110
6970239
6970805
6972563
6972568
6973136
6973413
6978319
6978364
6978584
6979364
6980014
6980447
6980740
6981070
6981293
6986877
6991616
6992789
6993425
6993644
6993905
6994662
6995060
6997366
6998406
6998833
6999716
7001187
7001408
7001833
7005725
7007859
7008823
7010048
7010240
7010313
7013302
7014032
7014850
7017634
7018126
7019757
7021383
7022367
7024181
7024787
7025099
7027687
7027975
7030160
7030429
7030835
7030838
7031565
7034565
7034763
7035388
7035459
7037054
7038486
7041932
7042253
7042493
7042802
7043036
7043086
7044194
7046029
7046201
7049571
7051525
7051933
7051983
7053775
7057807
7062903
7063077
7063634
7064452
7064469
7064657
7064747
7067832
7069429
7070089
7070208
7071026
7071833
7072705
7074108
7074541
7076733
7076799
7077688
7077952
7079335
7080158
7080391
7081472
7081478
7081928
7085369
7086311
7087664
7087762
7091215
7092629
7093276
7093717
7094664
7095277
7096014
7096488
7097760
7098427
7099439
7100215
7100604
7101327
7101597
7102562
7102965
7105793
7107113
7107315
7108823
7109117
7111605
7111999
7112174
7112569
7112913
7113137
7114584
7115069
7115480
7115586
7115858
7116248
7119385
7124889
7125292
7125585
7126536
7129437
7130720
7130909
7132199
7132726
7136194
7136750
7137555
7139114
7140870
7140906
7141023
7141581
7141697
7141898
7142025
7146277
7146745
7150289
7150732
7151775
7152088
7152529
7152836
7153341
7153892
7155383
7155667
7155963
7156230
7156305
7156325
7157338
7158361
7158741
7158847
7159202
7160479
7160655
7160819
7160950
7162048
7163154
7164205
7164527
7164601
7164973
7165016
7166797
7166934
7167293
7167707
7167739
7167873
7168582
7171966
7172091
7172302
7172619
7174060
7175066
7175283
7175837
7175953
7176528
7178110
7181770
7182410
7183561
7185372
7186890
7186894
7187403
7188841
7189134
7191221
7195925
7198846
7200178
7201983
7202177
7202297
7203134
7204835
7204879
7207063
7208295
7208385
7208535
7210161
7210437
7210719
7212841
7213858
7213960
7213999
7214067
7214538
7214742
7215888
7216059
7216843
7220292
7220294
7220798
7221210
7221315
7221971
7222436
7222752
7224141
7227813
7229256
7229575
7229912
7231095
7231390
7232001
7232394
7232786
7235183
7236323
7236466
7237346
7237628
7238235
7239192
7239602
7240995
7244067
7245128
7245484
7246090
7246580
7246615
7247735
7250509
7251586
7252615
7253091
7253601
7253795
7255331
7255974
7256931
7257148
7257187
7258238
7258956
7260275
7261606
7265439
7266466
7267339
7267955
7268479
7268741
7269379
7269958
7270686
7272030
7272299
7272896
7273337
7273935
7274032
7274842
7275013
7276179
7277482
7277789
7279309
7279491
7281524
7281621
7281680
7285053
7285143
7285981
7287591
7287768
7288177
7289320
7290646
7292496
7292639
7292910
7293164
7293242
7294159
7294884
7295622
7299135
7299838
7300896
7301626
7302067
7302280
7306439
7307113
7309067
7312501
7312672
7313496
7314538
7314571
7317128
7317377
7317597
7320036
7321167
7321650
7325963
7332995
7333264
7334342
7335177
7336503
7337003
7338697
7339108
7339507
7340012
7343861
7344944
7344946
7345332
7346127
7347223
7347377
7351442
7353411
7353932
7355870
7355974
7356075
7356922
7358409
7361793
7363104
7363820
7364621
7364803
7367212
7367332
7367874
7368505
7373635
7374057
7375123
7375715
7376055
7376318
7377331
7378697
7379662
7379908
7380569
7380719
7381223
7381303
7383317
7383864
7386709
7387090
7387259
7388598
7388798
7389237
7389261
7389351
7389713
7389816
7390281
7391164
7391265
7391484
7391805
7391807
7393020
7394062
7394781
7395599
7395872
7396091
7396135
7396178
7397303
7397927
7399344
7400160
7400239
7400474
7402535
7405404
7407134
7407146
7407246
7407515
7408716
7410815
7410832
7414680
7415352
7415785
7415917
7416650
7417122
7417574
7418424
7418707
7420822
7422033
7422627
7422656
7424695
7426127
7427682
7428497
7431569
7432337
7432676
7434434
7434536
7435194
7435391
7436535
7436747
7436789
7436894
7437805
7438982
7439816
7442880
7443316
7445514
7445938
7446277
7446355
7447401
7447736
7451671
7452195
7453852
7454016
7455043
7455118
7458817
7462041
7463243
7463777
7463779
7464197
7464321
7464939
7466183
7466315
7467102
7469805
7470410
7470538
7472258
7474074
7476227
7477550
7478580
7480467
7480871
7481361
7481727
7483044
7483139
7483956
7485953
7486588
7487253
7488349
7489433
7494538
7498728
7498862
7499035
7499392
7499603
7499673
7499754
7499831
7500231
7500629
7501041
7501168
7501928
7502657
7502680
7504643
7507843
7508085
7508245
7509394
7510628
7510836
7511377
7512105
7512371
7512620
7513168
7513178
7513722
7514934
7515195
7520058
7521364
7521615
7523136
7527029
7530330
7530540
7530565
7532115
7532402
7532818
7533981
7538202
7538942
7540740
7541603
7542938
7544180
7546489
7549538
7550708
7552583
7557484
7558991
7559161
7561221
7562678
7563688
7564215
7566682
7568848
7568956
7569671
7570418
7574741
7577034
7578414
7578567
7580238
7580344
7580460
7582546
7584219
7584516
7584916
7586766
7590082
7592493
7595649
7595831
7595933
7596869
7597665
7598194
7598364
7599845
7601332
7601386
7601593
7602648
7604133
7604327
7604664
7605085
7606795
7607390
7609131
7610150
7611698
7613778
7613873
7614265
7614379
7614560
7614782
7615808
7615986
7616145
7616545
7617038
7617572
7618690
7619580
7619664
7620108
7620138
7620521
7621426
7622442
7623190
7623841
7625258
7625906
7626818
7629517
7630228
7631736
7632778
7634856
7635810
7635885
7636425
7636818
7636826
7637061
7637348
7637697
7638125
7641721
7644192
7644314
7648456
7648558
7649531
7649862
7650528
7653024
7653813
7655427
7655457
7655773
7656069
7656364
7657639
7660586
7663537
7663782
7664084
7667043
7667157
7667425
7668858
7670709
7671406
7672704
7673181
7673370
7673908
7674388
7675463
7676276
7676453
7677425
7678146
7680239
7682997
7686717
7687985
7688078
7688200
7688911
7689251
7691239
7692234
7693260
7695566
7700146
7703020
7703896
7704520
7704737
7707683
7707878
7708255
7708628
7709023
7712072
7712581
7712600
7712961
7713002
7714041
7714142
7714321
7716117
7719838
7720164
7720299
7720489
7721418
7721583
7722053
7726267
7726943
7727046
7728207
7730410
7730818
7734324
7734739
7737968
7738180
7738414
7738733
7745056
7745542
7748788
7749227
7749879
7750084
7750199
7750697
7751392
7753149
7755654
7757243
7757506
7758250
7760084
7760336
7766903
7768737
7770640
7771774
7772039
7772449
7776081
7776947
7777494
7777896
7778157
7778159
7778192
7781383
7783166
7783620
7784277
7784912
7788319
7789279
7790735
7791394
7791851
7792291
7794281
7795888
7796492
7797149
7798591
7798831
7798964
7799061
7799845
7800077
7800396
7801541
7802721
7805370
7806028
7806263
7807784
7808102
7808825
7810723
7811263
7811897
7813776
7815328
7816175
7816270
7817498
7817587
7818132
7818157
7820232
7821918
7823342
7823775
7824430
7824478
7825590
7825918
7826603
7827116
7830403
7830652
7833092
7833300
7838241
7838882
7839370
7839581
7839828
7839864
7841229
7841518
7844570
7844861
7845068
7845950
7847368
7848963
7850029
7850294
7851260
7851913
7851917
7852948
7853500
7853786
7856339
7856343
7856862
7856974
7857145
7857321
7859629
7861809
7862669
7863928
7864127
7865769
7868388
7868607
7868865
7870859
7871500
7872805
7872899
7875103
7877427
7878501
7878766
7882284
7883151
7883381
7883424
7886806
7887125
7887354
7887422
7887755
7889652
7890759
7891024
7896845
7898285
7898496
7900135
7900737
7902225
7902264
7902673
7905133
7906199
7907382
7908801
7908847
7908917
7909461
7910925
7911284
7913026
7913490
7913542
7913955
7915100
7915741
7916311
7918811
7919816
7919893
7920652
7920801
7921102
7921903
7922056
7922822
7922836
7924474
7924516
7924611
7925375
7927390
7927733
7929866
7931877
7934727
7934895
7935055
7935096
7935314
7936305
7936418
7936786
7937937
7939135
7939666
7941742
7943616
7944235
7945795
7945961
7947203
7947261
7948029
7949309
7949628
7951643
7952329
7952429
7952714
7953940
7959190
7963245
7963461
7963799
7964916
7969659
7969695
7969830
7969833
7969925
7970203
7970214
7970327
7971274
7971650
7972607
7974064
7975887
7975935
7976277
7978887
7980354
7980497
7981112
7981944
7983235
7985020
7985641
7985741
7986699
7986958
7987076
7988388
7988511
7990801
7991938
7992075
7992912
7993229
7995370
7995370
7995713
7996180
7996778
7996944
7997111
7997665
7998291
7998702
8001150
8002611
8002825
8003448
8003588
8006260
8006800
8007376
8008306
8008933
8010985
8011636
8011964
8013546
8014172
8014874
8016274
8016729
8016893
8019083
8019793
8020127
8023561
8024585
8027394
8028805
8029855
8029905
8030042
8031685
8031770
8032072
8032190
8033492
8034897
8036137
8037282
8039310
8040519
8040699
8040704
8041420
8042405
8042983
8043605
8044004
8046371
8047491
8047568
8048863
8049143
8049617
8051425
8055010
8056622
8058599
8059570
8061446
8062973
8063377
8063978
8064287
8064745
8065101
8065412
8065495
8065684
8065739
8066385
8066835
8067080
8067219
8068623
8069785
8073040
8073500
8073554
8073927
8077479
8080122
8081213
8081612
8081711
8083356
8085565
8086959
8086982
8087939
8090179
8090694
8092035
8092575
8092603
8092721
8092866
8093694
8096106
8096687
8099538
8100560
8100569
8100804
8101247
8101886
8102934
8103755
8106631
8108119
8108126
8109537
8109752
8110688
8116189
8117382
8117862
8118192
8118768
8121337
8122692
8122859
8123946
8124959
8125342
8125449
8126001
8126078
8127497
8128400
8129125
8129776
8130574
8130616
8133705
8134518
8135140
8136505
8136787
8137240
8138866
8139295
8139571
8139893
8144490
8146864
8147391
8148230
8149617
8150274
8151876
8151904
8153061
8153282
8153924
8154116
8154363
8155135
8155725
8155899
8156247
8158300
8159017
8159143
8159466
8159953
8160002
8161138
8161969
8164238
8165113
8165502
8166672
8166690
8168865
8170205
8170458
8171198
8172187
8173382
8178002
8179307
8179717
8180139
8180641
8181767
8182449
8185808
8187321
8190065
8190372
8190589
8190693
8190991
8192007
8194839
8196036
8201122
8202263
8202385
8202401
8202403
8203021
8203121
8203199
8203998
8204905
8205013
8205629
8205774
8206118
8206158
8207462
8207591
8207619
8207732
8208010
8209264
8210130
8211052
8211743
8211809
8212855
8214531
8214592
8214622
8217927
8219565
8220282
8220412
8221020
8221337
8223664
8224283
8224809
8225641
8225797
8226254
8227031
8228361
8228428
8231274
8231420
8231813
8231961
8232310
8238057
8239084
8239367
8239881
8240027
8241688
8242423
8242543
8243643
8245910
8246966
8248491
8249102
8249213
8249631
8249686
8250414
8253311
8253462
8253769
8254463
8256236
8257257
8258943
8262361
8262509
8262791
8263058
8264946
8266138
8267228
8269663
8269732
8270855
8270876
8273162
8273675
8274940
8276336
8276652
8280400
8281040
8284020
8284900
8285595
8286119
8286268
8287808
8288945
8289098
8290346
8290768
8291677
8291987
8292288
8292398
8292737
8293607
8294713
8295493
8296691
8297582
8299389
8299402
8301709
8302142
8303216
8304235
8307072
8307951
8308405
8310223
8310853
8312072
8312250
8315390
8315554
8316322
8317065
8319239
8322175
8322180
8322653
8328027
8328617
8328901
8330599
8333073
8333274
8333850
8333926
8334053
8334415
8334444
8334802
8335056
8335102
8338033
8339447
8339526
8340273
8340583
8341476
8341752
8343279
8344480
8345994
8346044
8346382
8347205
8347890
8349053
8349479
8351242
8351527
8351683
8352330
8354031
8354109
8354456
8354628
8354676
8354890
8355078
8355391
8355515
8361584
8361663
8362080
8363646
8364049
8365858
8366191
8366251
8367525
8369279
8370568
8372529
8373839
8374660
8376268
8377082
8378949
8378984
8379076
8381634
8383712
8384066
8384299
8385595
8388331
8388933
8389533
8389737
8390138
8391112
8391301
8391666
8391983
8392481
8394165
8394331
8395290
8395535
8396548
8396601
8398072
8401616
8402090
8405394
8405395
8406067
8409036
8412989
8413689
8414181
8414959
8415312
8415881
8416519
8419347
8421165
8422302
8422629
8423035
8424315
8425288
8426826
8427011
8428238
8428478
8428768
8429445
8430042
8430137
8430782
8430905
8431198
8431634
8432404
8432699
8433792
8434140
8435784
8438673
8439158
8441464
8441960
8442003
8442450
8443135
8443963
8445030
8445796
8446062
8447042
8448098
8448418
8448995
8449251
8450184
8451260
8452175
8453418
8454673
8455214
8458047
8458313
8458571
8460134
8460973
8463465
8463712
8464585
8466181
8469071
8469653
8470621
8471564
8473453
8473795
8473969
8474297
8474595
8475041
8475722
8478134
8478167
8481498
8482234
8482591
8482814
8484068
8487259
8487643
8491469
8493138
8494239
8496004
8497212
8497839
8502588
8505350
8506213
8506763
8507300
8508504
8512523
8513789
8514119
8514122
8514672
8514787
8519302
8519356
8519520
8524241
8525138
8525559
8526062
8527288
8527342
8528589
8528757
8528898
8528979
8530259
8530802
8531118
8531706
8532968
8533386
8536000
8537527
8538616
8538819
8538869
8539708
8540458
8541179
8541848
8542307
8542349
8542796
8543528
8543956
8546215
8546897
8547051
8547996
8549941
8550172
8550784
8550997
8552260
8552867
8553072
8554758
8554998
8555394
8555722
8555733
8556246
8556315
8558247
8560571
8561136
8561657
8563702
8566818
8567384
8567651
8568053
8570721
8570801
8573014
8574904
8575069
8576486
8576539
8576595
8576737
8577732
8578006
8578614
8578833
8579072
8579938
8580957
8581458
8582712
8583136
8583399
8584688
8584918
8589670
8590617
8591573
8593411
8595233
8599818
8600094
8600260
8600351
8601159
8601730
8601754
8603088
8604001
8604055
8604336
8604557
8604592
8604991
8605015
8606758
8608214
8608303
8609171
8609458
8611000
8614346
8615704
8615971
8616336
8618451
8621060
8621235
8622410
8623294
8623753
8624573
8625291
8625906
8628442
8628886
8631055
8632567
8633853
8633927
8635155
8635635
8635935
8636134
8637705
8638000
8638403
8638557
8639463
8640482
8641485
8641929
8642027
8644395
8645714
8646781
8647080
8647250
8647902
8649137
8649483
8649595
8650669
8652513
8654022
8654085
8656414
8657170
8657824
8658781
8658856
8659073
8659813
8663190
8663410
8663480
8663752
8665675
8665994
8666575
8668575
8668787
8668899
8670176
8671399
8671770
8672677
8673105
8675692
8676839
8678092
8678461
8678927
8680796
8680913
8680992
8681228
8682363
8683434
8683912
8686337
8686722
8687813
8690981
8691624
8691958
8692732
8693097
8693134
8693134
8695394
8699098
8700583
8702451
8706281
8707637
8708852
8708970
8709220
8710683
8711416
8711453
8712282
8713012
8714813
8715047
8715275
8715610
8717476
8717570
8718475
8720154
8720844
8721445
8722036
8722538
8723274
8723896
8724003
8724100
8726055
8726572
8726619
8729327
8729515
8731371
8734343
8741950
8749972
8750410
8750500
8751761
8752061
8752716
8753993
8755650
8756574
8761961
8762642
8766791
8769320
8770874
8770879
8771148
8771822
8771995
8772160
8774426
8774437
8775119
8775990
8777819
8778335
8778738
8779133
8779758
8780788
8781172
8781428
8781718
8782023
8783906
8784209
8785427
8786319
8786526
8786701
8790856
8791049
8791200
8792181
8793305
8794845
8796092
8797608
8798945
8798978
8799145
8799302
8802423
8802554
8804820
8805829
8806213
8806428
8806486
8806553
8807225
8807500
8809185
8811004
8813453
8813635
8814006
8814395
8815821
8817316
8818101
8821012
8821707
8828694
8828729
8828744
8829137
8829233
8829623
8829885
8830096
8830892
8831550
8831985
8832095
8832660
8833054
8835968
8837438
8837746
8841312
8844955
8845418
8845853
8845897
8846123
8847056
8847949
8848667
8848815
8849363
8854036
8854047
8854377
8855991
8858318
8858380
8862261
8863261
8864309
8864859
8865512
8867566
8870681
8871405
8872308
8874722
8874833
8875180
8875608
8875635
8876639
8876897
8877306
8879695
8879700
8879887
8882674
8884187
8884244
8887284
8889620
8889888
8890324
8890988
8891022
8892649
8893494
8893672
8894289
8895308
8896580
8897135
8897140
8897423
8898245
8899945
8900420
8903395
8904265
8904452
8905457
8905887
8906576
8906682
8906986
8907193
8907851
8908353
8909080
8909436
8909478
8909672
8909998
8910589
8911131
8911554
8914736
8915444
8916287
8916740
8919116
8919242
8921604
8922295
8927359
8928033
8928680
8929130
8930560
8930701
8933077
8933526
8933851
8934596
8936510
8936592
8937336
8937698
8937924
8938804
8940093
8940103
8941348
8942481
8945871
8945876
8946090
8947246
8947357
8947796
8949022
8949973
8953294
8954026
8954907
8955729
8956856
8957290
8957828
8958365
8958549
8960225
8962659
8963012
8963140
8963488
8964611
8965257
8966033
8966475
8966652
8966738
8968144
8969769
8970345
8970903
8973237
8974218
8974477
8975996
8976666
8978158
8979875
8979922
8980182
8981150
8982692
8982989
8982990
8984764
8986558
8987025
8987706
8992598
8993160
8993768
8994307
8994568
8994847
8994899
8996359
8996728
8997690
8998440
8999085
9000882
9001284
9001745
9001854
9003768
9003954
9004582
9007187
9007391
9007809
9008519
9008687
9010086
9010486
9010958
9012120
9012485
9012708
9015890
9016320
9017186
9018642
9020321
9020817
9021213
9021399
9023100
9023335
9025753
9025815
9028116
9029123
9029759
9031718
9031797
9031804
9035625
9035737
9036684
9037019
9037039
9037176
9037301
9038889
9039865
9041715
9042644
9044115
9045506
9045760
9047637
9047934
9048396
9049581
9051051
9051977
9052728
9059942
9059954
9060053
9062165
9062481
9065921
9068079
9068992
9071844
9073519
9074574
9074609
9075158
9076290
9078475
9078608
9083810
9085975
9088584
9089342
9091107
9091323
9092407
9092569
9093263
9093516
9093834
9095930
9100013
9103316
9104846
9106411
9106904
9107530
9107761
9108753
9109576
9109654
9110039
9110245
9110456
9112373
9112941
9113036
9113150
9113201
9115741
9119536
9120736
9121270
9121337
9121454
9122631
9123540
9123601
9123608
9124562
9125653
9126014
9126207
9126377
9127871
9129710
9130757
9133174
9133304
9135447
9135524
9135586
9138002
9138642
9138938
9141746
9142941
9145004
9146718
9148570
9151047
9151062
9154747
9155408
9156072
9156343
9156946
9157343
9158967
9159881
9159893
9161366
9162047
9164323
9164438
9165084
9165389
9166186
9167879
9168669
9170165
9170794
9170860
9172736
9174128
9176492
9177446
9180406
9181610
9182953
9183019
9186603
9188580
9190020
9192570
9193497
9195575
9196464
9198589
9199906
9200116
9203272
9204275
9206662
9208290
9208694
9209967
9210004
9210017
9210676
9210814
9211267
9213078
9214797
9214952
9215381
9215681
9217642
9219098
9219197
9221237
9221908
9222476
9222688
9224060
9224176
9224299
9227574
9228599
9229246
9230584
9230585
9232307
9233991
9234475
9235958
9236503
9237950
9238721
9239822
9239857
9241791
9242530
9243174
9248113
9248614
9249031
9249414
9252585
9252769
9253385
9253829
9254627
9255659
9256051
9256823
9257645
9259603
9261419
9262098
9263080
9263159
9263349
9263659
9265458
9265923
9266196
9267141
9270053
9270264
9270741
9271788
9271902
9271987
9273959
9274916
9275817
9276097
9278185
9278251
9278808
9279843
9280414
9280476
9280653
9280866
9285908
9287412
9287749
9289394
9289766
9291448
9292294
9295062
9296941
9297343
9298893
9299800
9301557
9301948
9302056
9304037
9305183
9306891
9307730
9308442
9309636
9311383
9312572
9314360
9315122
9315285
9315798
9317458
9318306
9318489
9319125
9319211
9321482
9321543
9324680
9325357
9326325
9326977
9328871
9331392
9332987
9334151
9334194
9335270
9335311
9336189
9341404
9341785
9342601
9342766
9343796
9344215
9344250
9345242
9349655
9349944
9350142
9351854
9353681
9354373
9356462
9357512
9358134
9358520
9358633
9359594
9359926
9360636
9360832
9363199
9363216
9363788
9364732
9365020
9365478
9368783
9370066
9370874
9372291
9372438
9373631
9376054
9376422
9378768
9379144
9379621
9379665
9379722
9380086
9380388
9381270
9381743
9382003
9383254
9383654
9383950
9386890
9387085
9387795
9390739
9390911
9398447
9399990
9400417
9400420
9401041
9402373
9402628
9406350
9407765
9409340
9410354
9411840
9412047
9413187
9415536
9415709
9415805
9415956
9416416
9417200
9417392
9417641
9417863
9418621
9419642
9420597
9421762
9422997
9423153
9423840
9424031
9424206
9425015
9425172
9425392
9426191
9426309
9426388
9426441
9427037
9427713
9428365
9429135
9429282
9429341
9429346
9429412
9429520
9429654
9431522
9431649
9433769
9436807
9438006
9438817
9439010
9439739
9441347
9442040
9443108
9445724
9445995
9446526
9448202
9448605
9448734
9451003
9452167
9452750
9457186
9459312
9459487
9460210
9461053
9463431
9463662
9463938
9464321
9464482
9464593
9466339
9468326
9469396
9469547
9469897
9471222
9471619
9471930
9472591
9472641
9473518
9474187
9474190
9474362
9475197
9475323
9476223
9477285
9477816
9478718
9478877
9479811
9480716
9481341
9481799
9482662
9483216
9485007
9485121
9485148
9487079
9487687
9488151
9488184
9488685
9489839
9490217
9490222
9490263
9490488
9490761
9491183
9492792
9496010
9496313
9497399
9497635
9498058
9498276
9498429
9498611
9499843
9500616
9501124
9502948
9504896
9505466
9505646
9505649
9506290
9506996
9508814
9508924
9509713
9511305
9514250
9515047
9515405
9516975
9517944
9520436
9521281
9522114
9522133
9522599
9523134
9525270
9527622
9527792
9528507
9529056
9530848
9531533
9532664
9534786
9535198
9536824
9536865
9539941
9540309
9542187
9543021
9544024
9545269
9547392
9547722
9548146
9548227
9548228
9548588
9550301
9553174
9554022
9554670
9555496
9556641
9557400
9557812
9558245
9558609
9559282
9559559
9560133
9561689
9561790
9562051
9563510
9564463
9566763
9569507
9570515
9570924
9571467
9571493
9571719
9572323
9573354
9573659
9576315
9579502
9580403
9581926
9582601
9586992
9587560
9590096
9593478
9593565
9594243
9594735
9594754
9595061
9595934
9596769
9597694
9598971
9600747
9601088
9605349
9605959
9606667
9606714
9608031
9608722
9608752
9609377
9611103
9611111
9614850
9615188
9616246
9616297
9616308
9617457
9618441
9618794
9619105
9619162
9620515
9620769
9621657
9622107
9622699
9624056
9625282
9627220
9627257
9627507
9628707
9629303
9629915
9630179
9630346
9631992
9633485
9633686
9634755
9637147
9637719
9638041
9638080
9638353
9639585
9639833
9640447
9640552
9641331
9641821
9642657
9642761
9643785
9644618
9646022
9646353
9647461
9648389
9650512
9651046
9651409
9652476
9652922
9654634
9655249
9655899
9657021
9657197
9657394
9661966
9662196
9662244
9663267
9667914
9670452
9671201
9671314
9671644
9677824
9678772
9679014
9679055
9679891
9680042
9681952
9682358
9684551
9684757
9686760
9687616
9688646
9689354
9689619
9689709
9695219
9695863
9696761
9698205
9698546
9698621
9698634
9700169
9700619
9700728
9701783
9702103
9702733
9703410
9703563
9704068
9705513
9706819
9706953
9707068
9707119
9708879
9709678
9710179
9710691
9713634
9715258
9715292
9716510
9717637
9717874
9717993
9718680
9718821
9718980
9719087
9720617
9721618
9723040
9724169
9725186
9725759
9726392
9727003
9728126
9728912
9729163
9731536
9732686
9733186
9733407
9734054
9735180
9735772
9736591
9737329
9738475
9739384
9741023
9742493
9744155
9744460
9744984
9746015
9748338
9748383
9749709
9750805
9752402
9754344
9756656
9756713
9756852
9757868
9757999
9758308
9758568
9759538
9759661
9759676
9760577
9764660
9767177
9767387
9769229
9770282
9770624
9771179
9771654
9771845
9772700
9774841
9775562
9776333
9776386
9777011
9777622
9778123
9778489
9778989
9779437
9781042
9783182
9783221
9783429
9784172
9785194
9785872
9785936
9786745
9787600
9787999
9790718
9791226
9793476
9794641
9795942
9795984
9796940
9801205
9801374
9801399
9802005
9802153
9802799
9803711
9805373
9806574
9806657
9806689
9808531
9809328
9809714
9810826
9812368
9812589
9812728
9813267
9813425
9817148
9819008
9821627
9823377
9825261
9825585
9826689
9827491
9828020
9830401
9833205
9836054
9837417
9839531
9839723
9842330
9845465
9846413
9849877
9852108
9852439
9853377
9853408
9861430
9861724
9862452
9863160
9865852
9866219
9867390
9869574
9869647
9870390
9871333
9871968
9873491
9875371
9876221
9876403
9877344
9878496
9879437
9882224
9882299
9883619
9884816
9884855
9884868
9885074
9886584
9888354
9888989
9890910
9891017
9891317
9892705
9892899
9893979
9894544
9895498
9895612
9896512
9896569
9898546
9898733
9898778
9899523
9899889
9900395
9900671
9903113
9903285
9903914
9904583
9904642
9906126
9907150
9907627
9908699
9910978
9911886
9912366
9913039
9913059
9913903
9915728
9916724
9917419
9917733
9918477
9923982
9924342
9925898
9928154
9928165
9928864
9929722
9932344
9935243
9935668
9935905
9938582
9938621
9939892
9940735
9943743
9943840
9944264
9945001
9945277
9946441
9947832
9948229
9949199
9949417
9949487
9950741
9951083
9951195
9951676
9951685
9952293
9952429
9952667
9954451
9954701
9956303
9956343
9956669
9957759
9959980
9962740
9962849
9963492
9964429
9965248
9965581
9965874
9966044
9966061
9969878
9970811
9971600
9972412
9974249
9976474
9976499
9976715
9977903
9980991
9982267
9983376
9983730
9983844
9986187
9986395
9986740
9988487
9989652
9989887
9990376
9996201
9997885
9998442
