74
374
832
5648
7115
7675
9525
9697
12428
12729
12888
13562
15919
16889
17202
17238
17384
17749
18974
19011
19160
19480
19701
21125
22263
25285
26016
26426
26945
27311
28841
30452
31757
32072
33106
34477
35762
36130
39163
40050
40201
40786
41429
42512
42862
44361
44451
47347
47989
48866
49411
49824
50868
53733
53795
54296
56100
56108
56604
58948
59746
60162
60721
61032
62248
62986
63366
63657
64746
65327
67015
69380
69670
70031
70779
71196
71392
72579
74797
74872
76142
76493
76727
77087
77703
78493
80316
81214
82239
82929
82981
83644
83753
83895
85732
86748
87426
87918
90965
92192
93677
96457
96789
98827
99032
99658
99811
102531
104564
106591
107315
108697
109395
110487
113117
113378
114868
116353
116771
118417
120640
121443
122651
123958
124041
125122
126178
126899
127653
129317
129663
129689
130775
131278
132249
132516
133902
134358
134926
134945
135147
136107
137047
138104
138236
138626
138920
139156
139265
139862
141744
143099
143147
145808
146956
147094
148330
148750
148778
148814
149436
149764
150935
151082
153691
154673
156304
157536
158237
158371
158876
163053
166901
170000
170737
171459
171982
172264
173410
173496
174972
175801
176297
177660
177918
178775
179694
180490
180922
180995
182727
183899
183980
184135
185933
189617
191240
192677
192799
194231
195535
198830
198951
199964
201350
201743
202008
202511
202917
205827
206656
206816
210703
210712
210877
212969
215921
216901
217758
218148
221916
222990
223297
223911
224038
225964
226034
226383
229556
230209
230344
230912
230999
231240
232101
232175
232594
232599
232859
233324
234622
235746
237103
237553
238135
238889
241921
245824
245935
246258
246321
247079
248041
248103
248774
251056
251511
251577
251893
252245
253139
253628
254429
256800
257194
257306
257460
257499
258939
259172
259900
262721
264056
265340
265834
265984
267087
267508
267841
268851
269148
269389
270238
270869
274340
274662
275652
276454
279945
280585
281831
283265
283466
284519
285659
285843
285927
286221
288819
288910
289605
290382
290726
292169
294142
294394
296562
298548
301903
302133
302235
302436
302682
303093
304533
306904
307091
308457
308868
313072
313762
314621
314918
317720
318954
319048
320199
322334
323247
324563
324724
324991
326766
327809
328780
329905
330995
331608
331854
333225
333483
334489
335193
336357
338413
338967
340233
340308
341140
341430
341828
342804
346021
346059
346509
349457
350172
351001
351802
352103
352195
354080
355998
356916
357300
358154
358427
360228
362412
363646
364346
364533
365903
367347
368691
369213
370142
371963
372554
374512
375608
376538
377961
378374
379501
379611
379781
379883
382530
383495
386293
386340
386805
388925
389531
391982
393128
393968
394438
394601
395103
395333
397966
398119
399663
401962
402517
404199
404789
405990
406047
406847
407145
409489
410829
411678
414441
415202
415712
415846
416123
416216
416853
417966
418577
419523
422283
422684
424738
424917
426987
428672
429581
429889
431518
432430
433186
433345
433412
435424
436049
436274
436878
438960
440021
440261
440697
443247
445665
449372
451398
453192
453294
455895
457127
457330
458627
458877
459242
461026
461442
461869
462686
465109
465660
468100
468549
468724
469060
470672
472476
472842
474878
475875
476502
478914
479645
479766
479816
480189
480340
481802
485158
486018
486305
486621
486911
487460
488379
488595
489115
490469
493909
496320
497165
499993
500080
501322
502667
503239
504182
504304
507835
508148
512771
512836
513538
514862
514871
515162
515309
519354
520706
520767
520860
521495
523202
523714
525911
525974
528393
528873
528987
530300
531447
532539
532756
532840
533747
535400
537138
538499
540919
542212
542632
543202
544697
545282
545836
546076
550644
551841
553001
556218
557478
559059
559482
559890
559944
560121
560420
561854
562288
563011
563357
563425
566938
567950
569020
569216
570182
570312
570612
572752
573502
573797
574006
575114
575178
575313
577483
578491
578763
579076
579735
580917
584926
585076
585713
586169
586463
587820
588138
588346
588711
588890
589476
589952
590203
591288
592290
592425
592690
593163
593950
594514
594696
594700
594712
595001
595180
598895
599965
600472
600506
602979
603165
603577
604417
604859
604943
605666
607064
607124
609631
610828
613246
613337
613548
613760
614159
614938
615440
616233
616651
617321
617553
618412
619066
619517
620808
624514
625430
625451
625853
626206
626510
626723
627743
628412
628549
630228
630846
633368
635126
635908
636470
639304
639590
640328
640741
641161
643820
644610
644654
646320
646512
646813
647836
649448
650466
651169
652453
652859
654420
654830
655300
656664
656691
656924
657797
659398
660215
660412
660547
662404
664204
666035
666555
667260
667768
668104
669196
669259
669404
670291
670577
671284
671372
671561
672853
673602
674216
675275
675512
676050
678523
678904
680043
680177
681729
682333
683160
683448
685376
686146
687336
688340
690797
691395
691718
693353
693680
696022
696131
696467
698000
700848
701170
703487
703855
705305
705961
708231
708461
708580
708796
709500
710147
710401
710460
712843
713750
715227
716957
717264
717414
717878
717884
717942
719793
720993
721310
723792
724384
724995
726824
727093
727842
728808
731828
732655
734442
734769
735122
737145
737179
737807
738116
738195
738564
739127
740119
742168
742191
742270
743382
743638
746322
746627
747077
747140
749054
752196
752997
753361
753414
754418
757459
757864
760283
761254
761547
762687
764049
765842
768085
769063
770111
772034
772564
773087
773520
773822
774356
777389
777398
778137
778360
778816
780237
781541
781980
787042
787470
788797
789294
790900
791532
791887
792797
792825
794341
794676
795191
797456
798505
799434
799608
800331
801238
801528
802443
802534
802699
803230
803593
807474
808503
808997
809427
809507
809572
810069
810316
811403
813791
814020
815711
816441
817219
817908
818268
818312
818927
820172
821240
821479
822088
823038
823603
824647
824833
825839
827434
828134
828349
829358
829400
829799
829957
830207
831219
831357
834332
835236
835448
838552
838663
838778
839397
839629
840143
841164
841426
842006
842732
842847
842960
844271
844529
845679
847769
849893
850818
850937
851086
852037
853038
853348
853361
857167
858107
858842
859499
860757
861053
861252
863976
866031
868727
870730
873099
874403
876810
877105
877792
877838
877929
879787
880210
881493
881587
882225
882853
883771
884207
884520
887104
887430
888132
889857
890196
890670
890927
892426
892718
893758
894284
895310
897898
898578
899060
900152
900490
901310
901909
902069
904262
904274
904356
906570
907659
909360
911290
911443
911742
911932
912441
913510
915658
915919
916179
917713
918996
919870
924835
925180
925865
925896
927098
927225
927939
930126
930332
930406
931536
932428
932988
933273
934730
934885
935348
935758
938346
938464
939515
940316
940493
943080
943428
945226
946200
946679
948023
948068
949432
951223
951400
951445
952179
954185
954721
956309
956896
957322
957419
957651
958234
958674
960937
961567
963048
964282
965388
966606
968316
969263
970009
970860
971402
971402
972281
972914
974517
974524
974873
975639
976919
978406
979197
979825
980272
980654
981114
981387
981982
982141
983146
985050
985691
989699
990884
992958
993060
993446
994718
994790
995691
997323
999551
1002779
1004794
1005726
1006221
1007587
1008519
1009263
1009436
1010169
1010331
1010573
1011634
1012790
1014642
1014649
1015659
1015925
1016876
1017023
1017174
1017533
1018661
1018914
1019697
1020052
1020188
1020324
1021067
1021290
1022723
1023935
1024132
1024405
1026729
1027410
1028059
1028454
1029201
1029346
1029417
1031055
1031982
1032383
1033497
1033806
1034239
1035362
1035998
1038448
1038878
1038941
1039078
1039563
1039996
1046245
1047817
1047889
1048746
1049387
1049693
1049890
1050248
1051009
1051665
1052190
1056256
1057317
1057369
1057499
1058725
1059510
1063170
1063995
1066458
1066846
1066869
1071468
1073953
1074362
1074633
1074918
1075582
1076762
1079010
1079785
1079862
1080466
1082865
1084584
1084980
1085325
1085371
1086142
1088137
1088153
1088824
1088892
1089058
1090173
1092028
1093818
1094023
1094048
1095890
1097244
1097940
1098223
1098626
1098647
1099205
1102275
1102843
1104100
1104240
1106902
1108586
1113390
1113850
1118483
1120071
1121513
1121947
1124507
1124687
1125432
1126785
1129740
1130738
1130879
1131101
1132587
1134251
1136308
1136884
1138774
1138845
1138875
1142539
1143202
1145543
1146014
1146337
1147662
1148189
1148224
1149389
1149650
1149868
1150651
1150731
1151931
1152147
1152463
1152492
1153361
1154948
1156718
1160759
1162257
1162718
1163090
1163477
1164853
1165893
1167000
1167294
1167583
1167877
1170189
1170323
1170595
1171923
1172214
1177838
1178626
1179066
1181052
1182223
1190815
1191297
1192313
1195788
1196237
1196980
1199421
1201754
1202894
1205387
1205727
1206063
1207229
1207764
1208462
1209121
1210197
1211629
1212519
1214533
1215135
1215485
1217919
1217921
1218928
1219441
1221201
1222688
1223105
1223543
1223964
1224933
1227973
1228072
1228267
1228674
1230631
1231057
1233132
1233465
1234460
1234723
1236683
1236925
1237418
1239325
1239716
1240141
1247021
1250960
1251180
1251471
1256982
1259077
1260628
1265686
1266709
1266845
1271294
1271396
1272321
1275352
1275499
1275617
1278963
1279197
1279598
1280672
1282611
1282844
1284344
1285027
1286812
1287200
1289435
1290126
1291253
1291527
1291781
1291961
1292652
1293513
1295357
1296173
1297987
1300194
1300794
1300860
1302005
1302389
1302584
1302808
1303491
1303497
1304084
1305005
1305032
1311497
1311902
1313248
1313322
1313753
1316281
1316402
1316795
1317343
1319405
1320770
1320925
1321988
1322749
1323034
1323368
1324141
1324354
1325597
1325724
1325796
1327696
1328179
1328949
1329237
1331440
1333046
1334328
1335683
1336069
1336357
1336825
1339521
1340547
1340604
1341093
1341362
1342167
1342994
1343453
1344139
1345061
1345563
1346066
1348963
1349674
1352184
1352882
1353462
1355846
1356519
1358056
1358278
1358662
1359442
1359795
1359799
1360797
1361285
1361742
1363637
1365271
1365390
1367469
1368954
1369410
1369743
1370436
1370518
1372074
1372584
1374454
1376514
1376841
1377067
1377516
1378175
1378423
1379029
1379681
1380075
1380392
1383133
1383262
1387092
1387143
1387594
1387733
1390452
1390571
1391304
1392974
1393023
1395038
1395395
1396129
1396403
1397711
1397770
1397774
1398146
1399240
1399779
1401077
1402340
1402699
1403310
1403436
1404322
1404600
1404888
1405208
1405612
1409268
1409880
1411701
1411925
1412075
1414551
1415317
1415630
1416714
1417950
1418142
1420057
1420410
1422373
1422667
1424080
1424155
1424158
1426145
1428433
1428812
1428843
1431930
1434638
1435041
1435316
1436931
1437843
1438429
1438457
1440825
1441179
1442410
1443543
1444722
1445226
1445633
1449512
1450063
1450246
1450307
1450553
1450714
1451637
1451991
1453803
1453997
1454399
1456517
1457086
1462241
1462307
1462472
1462773
1464133
1464617
1465464
1465620
1466176
1467515
1468571
1468762
1469414
1469635
1470057
1471795
1472165
1472860
1472972
1475344
1476116
1476485
1478003
1479059
1482114
1483325
1483740
1483787
1484425
1486566
1489590
1489590
1492484
1493104
1495877
1495913
1496133
1496545
1496545
1497620
1497873
1498113
1498540
1499702
1500165
1500258
1501513
1502609
1503301
1504028
1505989
1506431
1506583
1507409
1511953
1513636
1515778
1517948
1518425
1520126
1520327
1520703
1521691
1523472
1523997
1525062
1525212
1527491
1528575
1529157
1530435
1530579
1530754
1531324
1531518
1531624
1531886
1532847
1532887
1534041
1537160
1538481
1539352
1540831
1541130
1542894
1543848
1544609
1545071
1546349
1546594
1546770
1546948
1546981
1547250
1548222
1548236
1549166
1549352
1549803
1550094
1551117
1551213
1552749
1552958
1553040
1553192
1557250
1557382
1558777
1558917
1560619
1562598
1563825
1564796
1564878
1565269
1566657
1568431
1568576
1571259
1571394
1572448
1573710
1575503
1575946
1575994
1576238
1578261
1578442
1578505
1578968
1579065
1581292
1581759
1582454
1585408
1588031
1588712
1588823
1588972
1588997
1589969
1590716
1591228
1592376
1592379
1592819
1593055
1597680
1597779
1597886
1598562
1599959
1600078
1600280
1600996
1601126
1601241
1601863
1602722
1603995
1604144
1604903
1605485
1605584
1605764
1607930
1608127
1608973
1609370
1609936
1609994
1611105
1611694
1612232
1612561
1615124
1615673
1615991
1616041
1617378
1618689
1619772
1622480
1622904
1623877
1628788
1629197
1632575
1633057
1633590
1635012
1635456
1637475
1639113
1639162
1640850
1641520
1643643
1644287
1645052
1646478
1647275
1651095
1653982
1654058
1655836
1656023
1656830
1657208
1657769
1658893
1659074
1659218
1660537
1663095
1663870
1663955
1665504
1666984
1667487
1667565
1668142
1670804
1671564
1672661
1672666
1672694
1674813
1677864
1679003
1680850
1684961
1685924
1690856
1691740
1693793
1694343
1694790
1695160
1695864
1696319
1698486
1699590
1700997
1701565
1701973
1703114
1703154
1706542
1707014
1709516
1710111
1711609
1713709
1713800
1716640
1722705
1722884
1724586
1726473
1727062
1729065
1730355
1736223
1736415
1736462
1736874
1736900
1737229
1738073
1738885
1739115
1740113
1740829
1741133
1741527
1742597
1743522
1744502
1745572
1746409
1747444
1748549
1748857
1750040
1750704
1751401
1751726
1752177
1756206
1756698
1756789
1757571
1757925
1757933
1758447
1763072
1763698
1764310
1764331
1766047
1766203
1766665
1766697
1768178
1768365
1770660
1771878
1772632
1774621
1776372
1776454
1777054
1780330
1781515
1781930
1783956
1784812
1784853
1785047
1786915
1787684
1789347
1789659
1791825
1792052
1793790
1793921
1795746
1795915
1796413
1800038
1801854
1802122
1802566
1805304
1808685
1810905
1811216
1812316
1813091
1813095
1814014
1814197
1816535
1816552
1816702
1817902
1818458
1820034
1820165
1820514
1823202
1824178
1824827
1826196
1826648
1827618
1827781
1828557
1829424
1833008
1833548
1833569
1834086
1834235
1834509
1836688
1837995
1838397
1842193
1843324
1844148
1844387
1844891
1846034
1846745
1846860
1849191
1850825
1852631
1854222
1855384
1855955
1857127
1861008
1861385
1862318
1864088
1864388
1865077
1865517
1867225
1869399
1869466
1870887
1871947
1872171
1877557
1877736
1882474
1882615
1882668
1882706
1883421
1884009
1884357
1884785
1885773
1885965
1886220
1886717
1888886
1890788
1891010
1893287
1895045
1895196
1898831
1899762
1901068
1901977
1902162
1903895
1904163
1904248
1905363
1907429
1907606
1908226
1908980
1909088
1909294
1909651
1909891
1911961
1912040
1912335
1914436
1915013
1916353
1918411
1919563
1920403
1921387
1922746
1925878
1929372
1929727
1929868
1930431
1931148
1931283
1933246
1934514
1935565
1936248
1936259
1936363
1937171
1937532
1938594
1939842
1940156
1940520
1940766
1940882
1941421
1941818
1941843
1942177
1944433
1948245
1949657
1949910
1952085
1953005
1953617
1953717
1955364
1956971
1957205
1963543
1963838
1965405
1966244
1967917
1968309
1971559
1972159
1973177
1973565
1973778
1973876
1973962
1974429
1974504
1975858
1976127
1979114
1979144
1979905
1980090
1981930
1983563
1986600
1987928
1988067
1988308
1991479
1996283
1997058
1997414
1997426
1997916
1998481
1998813
1999335
2000517
2000687
2001559
2003236
2006184
2006255
2006364
2009703
2009726
2010162
2010329
2010569
2015811
2016907
2018224
2019295
2022151
2023653
2023661
2024543
2024548
2024955
2027642
2028569
2029860
2031458
2031597
2032637
2032717
2034548
2034678
2035366
2035624
2036215
2037697
2041090
2041422
2041945
2042046
2042150
2044336
2044854
2044892
2045152
2045264
2046558
2048860
2049118
2049343
2049349
2049394
2050288
2051332
2053162
2053324
2055030
2055639
2060325
2061147
2063520
2063559
2063636
2064034
2064065
2065439
2065550
2066358
2067192
2072599
2072991
2074040
2074113
2076273
2076412
2077007
2077527
2078108
2078449
2080747
2081167
2082111
2082908
2083480
2084146
2084714
2084978
2085830
2089775
2089932
2092864
2094677
2094992
2095069
2095407
2095802
2095945
2097862
2099524
2100000
2101317
2101608
2101988
2103029
2105154
2106352
2106438
2106901
2107017
2108262
2112641
2113131
2113427
2113832
2113914
2115311
2116455
2117694
2120757
2123403
2124275
2124284
2125068
2126925
2127205
2127885
2129842
2130468
2130977
2131322
2134320
2135722
2136598
2138183
2138575
2138702
2138976
2139141
2139351
2140707
2141417
2142822
2142840
2142961
2144379
2146078
2146976
2147576
2147672
2147773
2149360
2149463
2149823
2152919
2152997
2155864
2156741
2157978
2159521
2159694
2160127
2161805
2162018
2162213
2162659
2162775
2165458
2165576
2165791
2167526
2167604
2167907
2168565
2170501
2173731
2173902
2175723
2176325
2177027
2178395
2178570
2178834
2178950
2179264
2180287
2180620
2181407
2182573
2183599
2184462
2184569
2184605
2185132
2185582
2186487
2186781
2187336
2187601
2188568
2191667
2192741
2195149
2198070
2199018
2199278
2200372
2201532
2202452
2203600
2203995
2204724
2204829
2205805
2206020
2206203
2207621
2210774
2212253
2212727
2214790
2214796
2215038
2216284
2218832
2220281
2222956
2223151
2224830
2226400
2227978
2228304
2230242
2231117
2231303
2231760
2232014
2233206
2233928
2233977
2234092
2235231
2235309
2236840
2237890
2240620
2241430
2241451
2244510
2247336
2248348
2249903
2250948
2253462
2253929
2254623
2258078
2260050
2260430
2261869
2262026
2262276
2262826
2264366
2265225
2267430
2271180
2272068
2273519
2273935
2274286
2274915
2275243
2276010
2277103
2278258
2278571
2278774
2279584
2280078
2281925
2288985
2289558
2290625
2291109
2293671
2294690
2295247
2295687
2296295
2296923
2297427
2298271
2298635
2298643
2298781
2299774
2300584
2300807
2302674
2304016
2305434
2305657
2305931
2306070
2306099
2307249
2307506
2308926
2309030
2309802
2310163
2313140
2313445
2313464
2313937
2313987
2316775
2318765
2319198
2321596
2324340
2325199
2325278
2327324
2331127
2333651
2336215
2336879
2338103
2338226
2338900
2339800
2341716
2342236
2342251
2342955
2343263
2345183
2347208
2347376
2347664
2348211
2349325
2349798
2350250
2350339
2350843
2351222
2352090
2353420
2355723
2356133
2356338
2356577
2360178
2360938
2361399
2361981
2361990
2362195
2362215
2364926
2365017
2366332
2366917
2367316
2369253
2369385
2370487
2370698
2370762
2372728
2373073
2373080
2373962
2376249
2376686
2377568
2382200
2382786
2382822
2383482
2384332
2386223
2386303
2386833
2387404
2387747
2389729
2389866
2392349
2393355
2393697
2393982
2394205
2394295
2395952
2396438
2397286
2397963
2398905
2400769
2401196
2401609
2401973
2404163
2404192
2404458
2406464
2406659
2406770
2408651
2409868
2410818
2410952
2411478
2411551
2412249
2412704
2413285
2413562
2415072
2418542
2418582
2418767
2418864
2420151
2422203
2422812
2427141
2427447
2428222
2429618
2430196
2430636
2431118
2435613
2436624
2437572
2438733
2439869
2440010
2440053
2441452
2441522
2442644
2442906
2443048
2443268
2446279
2446746
2447040
2448977
2450095
2450458
2451089
2452411
2452580
2452621
2452655
2453657
2454572
2456253
2456713
2458157
2459135
2461673
2462350
2462449
2464300
2466347
2467298
2469305
2469711
2474811
2476740
2477841
2478142
2479784
2479862
2480368
2480447
2480502
2481417
2481890
2482091
2482504
2483816
2486383
2486484
2487535
2490312
2490459
2491523
2491969
2492209
2494217
2494600
2497055
2498598
2499310
2499489
2499512
2500079
2502156
2502206
2504085
2505038
2508578
2508972
2509439
2510924
2511591
2512455
2512873
2515044
2515105
2517388
2517717
2519554
2520761
2521426
2526294
2526551
2527230
2528599
2529366
2532990
2534720
2534812
2535078
2535202
2536674
2537150
2538673
2539250
2540252
2541992
2542098
2542459
2542529
2543454
2544216
2547386
2547508
2549376
2553799
2554969
2555040
2556207
2556534
2557122
2557542
2558496
2560508
2560900
2563141
2563908
2564065
2564866
2565154
2565368
2565786
2566359
2567082
2567093
2567660
2567874
2568059
2568234
2569123
2570311
2575335
2578373
2578689
2578939
2579249
2580887
2580999
2582269
2582544
2583754
2584937
2588421
2590331
2591162
2591418
2595503
2595984
2596867
2597955
2598789
2599119
2599196
2599770
2600025
2600550
2602337
2603453
2604766
2605191
2606100
2607052
2608288
2611179
2613496
2615396
2615455
2615869
2615938
2616386
2616651
2617294
2619158
2619970
2620953
2621712
2621785
2622251
2624007
2626133
2627284
2629093
2629335
2631572
2632023
2633073
2633215
2635529
2636555
2637762
2638332
2638396
2639225
2639292
2640653
2641072
2642118
2644209
2645179
2645657
2645797
2646117
2647057
2649833
2649944
2652425
2655045
2657242
2657623
2657723
2657888
2662621
2664736
2666155
2667144
2670196
2671492
2672983
2673368
2674273
2675668
2675693
2676372
2676968
2677704
2677731
2678214
2678998
2680832
2681649
2683499
2683720
2685051
2689069
2689411
2690434
2690986
2691864
2692140
2694374
2694621
2694967
2696427
2696607
2697407
2697557
2698798
2699436
2699832
2701915
2702292
2703364
2703578
2705777
2707903
2709598
2710010
2712036
2712594
2714901
2717896
2720251
2722477
2722817
2726272
2728239
2728405
2728476
2728967
2729083
2729536
2730630
2732439
2733055
2734238
2735102
2735433
2736407
2736784
2736837
2737393
2738648
2738976
2739046
2739273
2740380
2741778
2742032
2743170
2743322
2743609
2744042
2744588
2744742
2746221
2747542
2748645
2748915
2751424
2752980
2753330
2754057
2755146
2756156
2759190
2759324
2760806
2761144
2764503
2765069
2768729
2769062
2769715
2769887
2770462
2771396
2771458
2771948
2772193
2772591
2773710
2775789
2776139
2779098
2779745
2780941
2781999
2782595
2782834
2782857
2785463
2788551
2791947
2792000
2792026
2796711
2798978
2799387
2800423
2800851
2801472
2803497
2804234
2804662
2805333
2805689
2806119
2806476
2806578
2806794
2807651
2807976
2809122
2809477
2810257
2811280
2813314
2814554
2814736
2815028
2816021
2816171
2817751
2818453
2819044
2820799
2822089
2822933
2823376
2823406
2823808
2824557
2825076
2825551
2827045
2827356
2828138
2828865
2830488
2831034
2831543
2832763
2832943
2834027
2835697
2835785
2837515
2837737
2838019
2838125
2838872
2840281
2842791
2842993
2847606
2848486
2850370
2850577
2850602
2851353
2852103
2852805
2855340
2855564
2856370
2856388
2857903
2859960
2861067
2862320
2862362
2863419
2863496
2864035
2865053
2865373
2866577
2866790
2867576
2868403
2869292
2870589
2873328
2874033
2874888
2875522
2875624
2878450
2878513
2879073
2881680
2883106
2883614
2886594
2886743
2888567
2891994
2893278
2894283
2895150
2895607
2895626
2898628
2899042
2899185
2899371
2899831
2899839
2900359
2901547
2902143
2902154
2903747
2904163
2904532
2905103
2908277
2908353
2911126
2913493
2917146
2918920
2919208
2920168
2920243
2921106
2922570
2923877
2923908
2925860
2926627
2927307
2927974
2928699
2931398
2931704
2933135
2934321
2936149
2936627
2937618
2937908
2938009
2938194
2939205
2940395
2940692
2941517
2941988
2942241
2942620
2943471
2944761
2947769
2951042
2953676
2953992
2954206
2954340
2955218
2956775
2958014
2958319
2958596
2959039
2961447
2961848
2962793
2964327
2964915
2965050
2966416
2968130
2968849
2969618
2969678
2969756
2970510
2974356
2975323
2975601
2977431
2977453
2977760
2978044
2978217
2978414
2979507
2979810
2981369
2981860
2982849
2983846
2984340
2987119
2987215
2988247
2988282
2989745
2989896
2991128
2993279
2993877
2993895
2994368
2996294
2997390
2997707
2998966
2999667
3000796
3003307
3004052
3004445
3005210
3007940
3008142
3009432
3009944
3010314
3010566
3010973
3011238
3013734
3014459
3014852
3015542
3016018
3016090
3017762
3018024
3018322
3018828
3019459
3020358
3023625
3024802
3026174
3029343
3029967
3030216
3031602
3032154
3033112
3034260
3035010
3036020
3036628
3036838
3037504
3038625
3040000
3044403
3044924
3045552
3047069
3047314
3048158
3049732
3051029
3051092
3055428
3055537
3055875
3056676
3057026
3057646
3059059
3059521
3061176
3061326
3061496
3061739
3063151
3063382
3063710
3063893
3071038
3071476
3071559
3071946
3072356
3072364
3073312
3074214
3076567
3080825
3085207
3085355
3086497
3087225
3088303
3089426
3089745
3091546
3092809
3092833
3093184
3093963
3095952
3096573
3096625
3097391
3097472
3098031
3099200
3099209
3099770
3100430
3100618
3101787
3102439
3102953
3103556
3106623
3106828
3106840
3107597
3107615
3108121
3109575
3110511
3111059
3111125
3112512
3112689
3112986
3113985
3115514
3116035
3116266
3116338
3119152
3121145
3121471
3121558
3121574
3121753
3121869
3122287
3124012
3125748
3126366
3126421
3126607
3126802
3127102
3127818
3128071
3128455
3129215
3129627
3130838
3132576
3133479
3134153
3134372
3134837
3135350
3135954
3136150
3142141
3143432
3143698
3143909
3149392
3149670
3151737
3152335
3153920
3154155
3154756
3156483
3157595
3159668
3160001
3160696
3161376
3162440
3163841
3165532
3166404
3166477
3168084
3169714
3169997
3170214
3170268
3170977
3172537
3173390
3174191
3174717
3175248
3175656
3176074
3176170
3176652
3177242
3177502
3178149
3179589
3179659
3180066
3180804
3182336
3182804
3183683
3184588
3186745
3188913
3189059
3190122
3190364
3191204
3191931
3192144
3192847
3196783
3197328
3198777
3199714
3201144
3201312
3202688
3202855
3204194
3204616
3205866
3205923
3208005
3210955
3211309
3212330
3212510
3214309
3215395
3215979
3218522
3218548
3219601
3219992
3224132
3224168
3224404
3224589
3225909
3226803
3226996
3229076
3231159
3231616
3231652
3232305
3233437
3233726
3234200
3234759
3234982
3235891
3236008
3236089
3238795
3240719
3243009
3244470
3245801
3245948
3246330
3247544
3247707
3249149
3250219
3252936
3253089
3253228
3253564
3253784
3254419
3254583
3254765
3255517
3255606
3257136
3257186
3257772
3259303
3262336
3262654
3263153
3263932
3264402
3264916
3267656
3267805
3269985
3270443
3270837
3272097
3272930
3273300
3273307
3273844
3275348
3275655
3277380
3277538
3277827
3278827
3281251
3283239
3284608
3286563
3287666
3288187
3289478
3289656
3289763
3291033
3291616
3293473
3293884
3294942
3295923
3299592
3300294
3300448
3302889
3303828
3304325
3304763
3305212
3306860
3307511
3308290
3308510
3309003
3309713
3311495
3312331
3314902
3315291
3315975
3317172
3317347
3317608
3320469
3321085
3321189
3323969
3324391
3324873
3325080
3326313
3326363
3328350
3332055
3334033
3335018
3336405
3342262
3346017
3348370
3348461
3348767
3350085
3350508
3351561
3353228
3355022
3357328
3357361
3360547
3363113
3365292
3366990
3367238
3367515
3367777
3368158
3369816
3370047
3371553
3372797
3373202
3373697
3374601
3376781
3376790
3378868
3379334
3380054
3380101
3380156
3380645
3382263
3384123
3385411
3385559
3385823
3388440
3389521
3390609
3392064
3392930
3393168
3394983
3395784
3396645
3397330
3398103
3399643
3399743
3400943
3404021
3405607
3406229
3406591
3406795
3407511
3407963
3408201
3408859
3410399
3412394
3412731
3412969
3413406
3413508
3413848
3416865
3417014
3417642
3418903
3419051
3421586
3421707
3421972
3423272
3423968
3425631
3425944
3426428
3429248
3429602
3430200
3430551
3431256
3431343
3431398
3433086
3433971
3434365
3434819
3436470
3437082
3437127
3438057
3438157
3438809
3438852
3440952
3442704
3443996
3444086
3444319
3445145
3446130
3446762
3447404
3447455
3447951
3448193
3448487
3450447
3452000
3452298
3455796
3459524
3459849
3460314
3462064
3462090
3463184
3463873
3464546
3465195
3465767
3466067
3471230
3472108
3472252
3472747
3473048
3473653
3473736
3475188
3476083
3476924
3477751
3479059
3480520
3484311
3484422
3487169
3488274
3488754
3489516
3490325
3490329
3491633
3492415
3493433
3495106
3496942
3497477
3498882
3500238
3501293
3502757
3502979
3508444
3510648
3512759
3513326
3514362
3514581
3515448
3515739
3515911
3516166
3516675
3519811
3520464
3520909
3521169
3521771
3523850
3524753
3525585
3526158
3528135
3528605
3528880
3530933
3530999
3532391
3532657
3535794
3536268
3536276
3537204
3538801
3539652
3542155
3542319
3545850
3545999
3546589
3548045
3550068
3551272
3551762
3553626
3556611
3556670
3557245
3557651
3558441
3562262
3562787
3565802
3567813
3568739
3569402
3570546
3570832
3572066
3573024
3573158
3573334
3575563
3575909
3577914
3578909
3579387
3579759
3580821
3582751
3583689
3584055
3586421
3587401
3589129
3591159
3591345
3592386
3594505
3597993
3599337
3599687
3599711
3600007
3601663
3601741
3602887
3603342
3604054
3605756
3606040
3606438
3607552
3610687
3610897
3610926
3610953
3611174
3611816
3611851
3612044
3612136
3612496
3612929
3615296
3615474
3617123
3617293
3618382
3619378
3621799
3622389
3624412
3624786
3626258
3629397
3632028
3634352
3636255
3636316
3638346
3639012
3639150
3639316
3641762
3644108
3644426
3647557
3647827
3648078
3648881
3648903
3650145
3650386
3651319
3651987
3652602
3653928
3656099
3656738
3656951
3657683
3663310
3665062
3665215
3667288
3668353
3669697
3670197
3670695
3673335
3674254
3675051
3676245
3679286
3680987
3681249
3684221
3684303
3684488
3685485
3686274
3687523
3689404
3689898
3691373
3691657
3693541
3693836
3694141
3697235
3697938
3699020
3700766
3701120
3701639
3702244
3702667
3702701
3704591
3704695
3704938
3708549
3712613
3712928
3712936
3713164
3713627
3716975
3717964
3718808
3721950
3723654
3724256
3724467
3724760
3728188
3728204
3728578
3729441
3730344
3735817
3735866
3736393
3739194
3742217
3742318
3743000
3746073
3746707
3747278
3748207
3749374
3749714
3749729
3749818
3753315
3753396
3753519
3753954
3755881
3756437
3757935
3757937
3757943
3759074
3759551
3759991
3760414
3760997
3761317
3762679
3763176
3763243
3763533
3764834
3764837
3765920
3767617
3771179
3771186
3771782
3772342
3772395
3772404
3772468
3776925
3777123
3779319
3781105
3783495
3783800
3784699
3784708
3784858
3785018
3785319
3786155
3786213
3787411
3787732
3788130
3789377
3791512
3791684
3792954
3794333
3795477
3798802
3799572
3800882
3801282
3802373
3803006
3803999
3805280
3805438
3807594
3809264
3811050
3812544
3813807
3814965
3815082
3816190
3818056
3818422
3821095
3826630
3831981
3832031
3832681
3832703
3832940
3833167
3834363
3836128
3838098
3838598
3839409
3839450
3840517
3841309
3841450
3843110
3844169
3845362
3845627
3846120
3847555
3851004
3851724
3852264
3852397
3852726
3853924
3853979
3856639
3857697
3858159
3861255
3862507
3863724
3867653
3869512
3870434
3871541
3872424
3872488
3876878
3877379
3878174
3879207
3879863
3880430
3880680
3881204
3881900
3882131
3882326
3882838
3883701
3883898
3885451
3887427
3888134
3888200
3888318
3888430
3889498
3889522
3890916
3891080
3891854
3892827
3892849
3893479
3894869
3895101
3897466
3898477
3900060
3900262
3901494
3902284
3903239
3903806
3907359
3907411
3907493
3909010
3909344
3910374
3913327
3915446
3916410
3916968
3918282
3919685
3920788
3924796
3929971
3931224
3931425
3932418
3933331
3933412
3934004
3934650
3936572
3936628
3936733
3939634
3940604
3942743
3943405
3945719
3945958
3947519
3947557
3948434
3948991
3949492
3950022
3951165
3951256
3951531
3952037
3952555
3953311
3953523
3953864
3954299
3955320
3956837
3957626
3957995
3958573
3958944
3959002
3960566
3960669
3961380
3962211
3962357
3962420
3963139
3964233
3964702
3965619
3967285
3969175
3969286
3969752
3970270
3970447
3971508
3971620
3974724
3975001
3975628
3976552
3977347
3978061
3978566
3978632
3979706
3980386
3981281
3982381
3982405
3983098
3986068
3986275
3987479
3988771
3989053
3990859
3991805
3992323
3994154
3994449
3994749
3995531
3996638
3998186
3998806
3999094
4000311
4000559
4000627
4001244
4001302
4003711
4004458
4005359
4005548
4005645
4006340
4006491
4007949
4008069
4009054
4009231
4009457
4010488
4010956
4011119
4012260
4012989
4013023
4014185
4014472
4015341
4015590
4015697
4015939
4018718
4019812
4020026
4020300
4020664
4021277
4021277
4022772
4023351
4024296
4024350
4024455
4024469
4026408
4027243
4029518
4034167
4034215
4034807
4036422
4037521
4038357
4039444
4039446
4040132
4040366
4041581
4041974
4043908
4044984
4045346
4047085
4048197
4049361
4049648
4049864
4050692
4051533
4053253
4055595
4058508
4058654
4058746
4059686
4061208
4063317
4063544
4069955
4070603
4071363
4071413
4072775
4073141
4074841
4076543
4076910
4079050
4082272
4082996
4083303
4083855
4084404
4089081
4089886
4090755
4091002
4092613
4093477
4095556
4095599
4096563
4096953
4097876
4101492
4101695
4104051
4105553
4106677
4107120
4107577
4108604
4108744
4110500
4111282
4111670
4111718
4112241
4113644
4115804
4115993
4116784
4117027
4117858
4122126
4122336
4123853
4124127
4125866
4127132
4127518
4127622
4128512
4135280
4137898
4139030
4142402
4143778
4147106
4148110
4149864
4158208
4159112
4160386
4161478
4161703
4161986
4162175
4162397
4162470
4162686
4163090
4163715
4164016
4167272
4169071
4169416
4171464
4173145
4173716
4174038
4174155
4174685
4175564
4175708
4180072
4180131
4182245
4182607
4183936
4186573
4186704
4186763
4186796
4186990
4188029
4188828
4189604
4191360
4193283
4194197
4194678
4195155
4196248
4197497
4198493
4200156
4201480
4201566
4205092
4205165
4205167
4209116
4209831
4212572
4212644
4212835
4215539
4217097
4217973
4218387
4218425
4218810
4219544
4220809
4222250
4222687
4223413
4223492
4224357
4225005
4226429
4226461
4227183
4227875
4228620
4230030
4231240
4231896
4232260
4232367
4232697
4233961
4235628
4236514
4236679
4236888
4237767
4239188
4240785
4241286
4243264
4243613
4244483
4244595
4244814
4244929
4247085
4247147
4247390
4248830
4249127
4249131
4251211
4251667
4253917
4254621
4255409
4258642
4258910
4259187
4259874
4261866
4261920
4263102
4264129
4264404
4264852
4265337
4266124
4268101
4268393
4269832
4270016
4272108
4272520
4273824
4274447
4275319
4276653
4277261
4277467
4280972
4282745
4283744
4283957
4287081
4287140
4290121
4292584
4293079
4296649
4296660
4297074
4298977
4299147
4302935
4303346
4303540
4304655
4305653
4306100
4306395
4307179
4308322
4309253
4309488
4309779
4312775
4313009
4313062
4313538
4317845
4319823
4320174
4320281
4320869
4320904
4321082
4321327
4321761
4323244
4324718
4326329
4326436
4326876
4327583
4327653
4328292
4328818
4329256
4329509
4329685
4330818
4330871
4330885
4331274
4332164
4334024
4334237
4335356
4340412
4341001
4341260
4341641
4342854
4345308
4345644
4345689
4347886
4350087
4350758
4351004
4352397
4352868
4352920
4355167
4355772
4355899
4357913
4359283
4360225
4360319
4361989
4363068
4363500
4365435
4367891
4368338
4371888
4372096
4373801
4374408
4375014
4375905
4377304
4377681
4378197
4378226
4379857
4381251
4383433
4383481
4384248
4384315
4384950
4387719
4388640
4389528
4390513
4391135
4391212
4391538
4391966
4392710
4394051
4396600
4396690
4397355
4397686
4397822
4398735
4399182
4399982
4400120
4400414
4400830
4405017
4405451
4406676
4407891
4408448
4408466
4410941
4411614
4412343
4412650
4416273
4416611
4418271
4418922
4419775
4419904
4420050
4420980
4422118
4423538
4425492
4425829
4427293
4427989
4428451
4429615
4429691
4431573
4433425
4433693
4433921
4435558
4435578
4435707
4436418
4436671
4437621
4439328
4441841
4442561
4442745
4443236
4443535
4443788
4443850
4444542
4445727
4447091
4450132
4451846
4452508
4453079
4453166
4453208
4453648
4455868
4455900
4456071
4456649
4458828
4459598
4459619
4461051
4461128
4463036
4465517
4465932
4466961
4470638
4472949
4473183
4473311
4473378
4473384
4476003
4476846
4478916
4480311
4480577
4480802
4480990
4481690
4481907
4483909
4484984
4485841
4485902
4486078
4486874
4488579
4489080
4491176
4495992
4497150
4497487
4497972
4497998
4498430
4499399
4499586
4499897
4502027
4502207
4504418
4505220
4507491
4508442
4509999
4510011
4510114
4510250
4510993
4511493
4511494
4514095
4514899
4515683
4515866
4515929
4516253
4516351
4516687
4520402
4520598
4520719
4522328
4523173
4523564
4524150
4526982
4527654
4527779
4528277
4529527
4529554
4529932
4532268
4532645
4532919
4534136
4534510
4535353
4535893
4536176
4536477
4536737
4537046
4537947
4539301
4539853
4541080
4542499
4543995
4545423
4548045
4550227
4553234
4553866
4554112
4554349
4555836
4556966
4556970
4560205
4560293
4560996
4561467
4561919
4562284
4562488
4563600
4565766
4566843
4567562
4567994
4568016
4569273
4569519
4569716
4570257
4570416
4573346
4574701
4576891
4577710
4579926
4580256
4580557
4580578
4581708
4583705
4583774
4584797
4585294
4585441
4586654
4587092
4587728
4587879
4589915
4590189
4591127
4591356
4592277
4593508
4595292
4596448
4596689
4599057
4599140
4599229
4599384
4599480
4599518
4599599
4602907
4603034
4604798
4605029
4606886
4607633
4607786
4608890
4609427
4610103
4610905
4612061
4612850
4615951
4618125
4618454
4618664
4620165
4620794
4623012
4623561
4623636
4623975
4625040
4626734
4627073
4627225
4628786
4629662
4630393
4631804
4631847
4632318
4632387
4632458
4636350
4637607
4637997
4638053
4638410
4639712
4641300
4643258
4647153
4647417
4649095
4651947
4652294
4652572
4652949
4653686
4653985
4654608
4656624
4657421
4659320
4659889
4661523
4662402
4662656
4663646
4665581
4665691
4667036
4668109
4668162
4668424
4669689
4670134
4670356
4670600
4672633
4672661
4673017
4674030
4675156
4677977
4680927
4684903
4687585
4689905
4691262
4692869
4694180
4695123
4695408
4697316
4699352
4701274
4703079
4705177
4705492
4705629
4705679
4706626
4706729
4708394
4709399
4709856
4710490
4711076
4711223
4714509
4714545
4715970
4716321
4716996
4717295
4721238
4721491
4721790
4722039
4722192
4724707
4725097
4725183
4726147
4726190
4726945
4727123
4727989
4728636
4730125
4732594
4732822
4735388
4735436
4735601
4736155
4738911
4739268
4740496
4741242
4743406
4743712
4744295
4746215
4746394
4748133
4749197
4749213
4750205
4752401
4752887
4753100
4755031
4755817
4756094
4757208
4757820
4758550
4759115
4759557
4759835
4759895
4760107
4760615
4761112
4761786
4763897
4764060
4765086
4765240
4765684
4767614
4769200
4769440
4769767
4770846
4771603
4771868
4772764
4773134
4773746
4773752
4776244
4776527
4777253
4779038
4781908
4782025
4782549
4783930
4786103
4786945
4790732
4791034
4791890
4793491
4793906
4797172
4797256
4799473
4800117
4801017
4801092
4801515
4801726
4802806
4804423
4805164
4809732
4811346
4812329
4812395
4812416
4812565
4814482
4814801
4815517
4818451
4819087
4819174
4820696
4820976
4821326
4822020
4822025
4822135
4822379
4822618
4823319
4823428
4824412
4825577
4827400
4833292
4834502
4835268
4835948
4836368
4836369
4837027
4837373
4839101
4839199
4839793
4842747
4843677
4843921
4843956
4844993
4845509
4845869
4846006
4846360
4848706
4849918
4851129
4851293
4852205
4852844
4853044
4854594
4854614
4854786
4854944
4856708
4856932
4857679
4858102
4858677
4859590
4859712
4861647
4864238
4865514
4866432
4867590
4867642
4867784
4867932
4868779
4869255
4872340
4872837
4873135
4875076
4875294
4878735
4878755
4878772
4879821
4879886
4880180
4880473
4880671
4881644
4881949
4882368
4882803
4882878
4883867
4884493
4884980
4886095
4886098
4886210
4887707
4888251
4893272
4894519
4894655
4896622
4898588
4902461
4902845
4902971
4903750
4905243
4905511
4906095
4906118
4906275
4908268
4908858
4911709
4914202
4914205
4914437
4914724
4914750
4915031
4915352
4916973
4918312
4919701
4920225
4922241
4922720
4923365
4925509
4927806
4930747
4930913
4934101
4934244
4935359
4936925
4937306
4940284
4940656
4941738
4941784
4942703
4943143
4944396
4947289
4948248
4951981
4953410
4953783
4954942
4956192
4956921
4959188
4961936
4962468
4962642
4963670
4964014
4964719
4966012
4966817
4967339
4968052
4970422
4970914
4971079
4971095
4971276
4972410
4973445
4974638
4976182
4976288
4976791
4977049
4977052
4977510
4981148
4984594
4984895
4985321
4986004
4987503
4988086
4989384
4991546
4993845
4993988
4994219
4995387
4996275
4997053
4997465
4997653
4998212
4999468
5001282
5001301
5001560
5004151
5004227
5005145
5005643
5006661
5009505
5009812
5009969
5011785
5014014
5014566
5015005
5016870
5017603
5019847
5019852
5020964
5022377
5025209
5025826
5027282
5027565
5028597
5028953
5029765
5030194
5030523
5030612
5031701
5031831
5032243
5032517
5034788
5035492
5036625
5037498
5038424
5038853
5039793
5040178
5040421
5040868
5044170
5044685
5046375
5048107
5049150
5051734
5052424
5052876
5052955
5053469
5053503
5058305
5058778
5058957
5061866
5063168
5063316
5063533
5063592
5063652
5065917
5066429
5067507
5067901
5068209
5068939
5069941
5070600
5072931
5072978
5073032
5074626
5075056
5076012
5076992
5081265
5081903
5082282
5082294
5082980
5083570
5085237
5085343
5085921
5086874
5088534
5089888
5090767
5093161
5093663
5094758
5095806
5096946
5099896
5101154
5101241
5101349
5102282
5102635
5103192
5103874
5105297
5105526
5105740
5107750
5108579
5109276
5109492
5109510
5115329
5117111
5117695
5117730
5118806
5119534
5120392
5128805
5129219
5130603
5130612
5130831
5131119
5131154
5133753
5133935
5135323
5135607
5136871
5137885
5140378
5140598
5140919
5141770
5142111
5142418
5142863
5143203
5146350
5147549
5147650
5148755
5149009
5149833
5150106
5150481
5153053
5153888
5155217
5156435
5160823
5161380
5162398
5163302
5163584
5164471
5164597
5164880
5165911
5166506
5172668
5175427
5176552
5176823
5176866
5177148
5177181
5177462
5177835
5177922
5178125
5179836
5179890
5182585
5183774
5184400
5186882
5187351
5189556
5192864
5194130
5194504
5195714
5196024
5203465
5204337
5205382
5206220
5206664
5209116
5209623
5209679
5213184
5214277
5214568
5214764
5214899
5217494
5218060
5218090
5221387
5223970
5226101
5226786
5229276
5230054
5232076
5233135
5233594
5233932
5233983
5234721
5236199
5239838
5240845
5241255
5241376
5242157
5242821
5243058
5243468
5243534
5244715
5245988
5246829
5247157
5249672
5251768
5252669
5253275
5256847
5257371
5258223
5258995
5259375
5259660
5260685
5262630
5262815
5263789
5266553
5266839
5267694
5268305
5270501
5270953
5276852
5277000
5278125
5279691
5280545
5281115
5281891
5282384
5282992
5283456
5283806
5285370
5286307
5286633
5288062
5288116
5290276
5292639
5293299
5294018
5294906
5295182
5296290
5298283
5299631
5300905
5301687
5302784
5303621
5307948
5308440
5308710
5308830
5310108
5310208
5312878
5314065
5314130
5316782
5318642
5319370
5320189
5321301
5321485
5322873
5324746
5324929
5325460
5327506
5329764
5333848
5335395
5336335
5338471
5338942
5340616
5340688
5341262
5341961
5342309
5346125
5346323
5347209
5347394
5350257
5351102
5352209
5352709
5352737
5353424
5354123
5354727
5354811
5355287
5355370
5356095
5357146
5359141
5360731
5361170
5362030
5362104
5362710
5364224
5364709
5366749
5367960
5369043
5369124
5369510
5371869
5372062
5372752
5373356
5374087
5376122
5378533
5380405
5381528
5381695
5383679
5388482
5388561
5389271
5391455
5391989
5392178
5393086
5393447
5394500
5394630
5395355
5395892
5396262
5397514
5398423
5400616
5400686
5400711
5402116
5404149
5404544
5404895
5406590
5407501
5408231
5408542
5409847
5410096
5410220
5410547
5411060
5411319
5411500
5415543
5415552
5416504
5416531
5417248
5417951
5420316
5420351
5420581
5424615
5424747
5426367
5427590
5429066
5430578
5430623
5432430
5432755
5433450
5433994
5434354
5434380
5435464
5435954
5436188
5437030
5438545
5439219
5440211
5440696
5441262
5442503
5443667
5443719
5443931
5445428
5445760
5447511
5448115
5449432
5450032
5450066
5452963
5453403
5454016
5455250
5455270
5455846
5455934
5456356
5456790
5457263
5458239
5458506
5459063
5459228
5462156
5462233
5462279
5462382
5464958
5465724
5467357
5470305
5471179
5471897
5474672
5476168
5479361
5480969
5481396
5481560
5481812
5481838
5481874
5482637
5483768
5484090
5484489
5484538
5485537
5485708
5487035
5489272
5491729
5493590
5494575
5494625
5495523
5496513
5497451
5498164
5498293
5498611
5500101
5501001
5501892
5501901
5502374
5502569
5503855
5503912
5504767
5505383
5506989
5507415
5509409
5510351
5512984
5515948
5515980
5516115
5516157
5516720
5517609
5517664
5517741
5519724
5519937
5520436
5520594
5520604
5520674
5520700
5524037
5524098
5524824
5525921
5529285
5529463
5530527
5531590
5535303
5535668
5536458
5536540
5536693
5538140
5539337
5540374
5541946
5543362
5544223
5544431
5545150
5546735
5547359
5550550
5551589
5552674
5552775
5553272
5554721
5554895
5555841
5557094
5558844
5559919
5559919
5561321
5561493
5563513
5564189
5566586
5568439
5569930
5571121
5572000
5575269
5575417
5577601
5578705
5579688
5579901
5580376
5582597
5583523
5583585
5583586
5586888
5587384
5588442
5588614
5592705
5593252
5595231
5595497
5595607
5595834
5596622
5597190
5598861
5599741
5600906
5601053
5603485
5607102
5608854
5609538
5609979
5610067
5610423
5611237
5612922
5612938
5613137
5613843
5614639
5616019
5616621
5617017
5617477
5617736
5618423
5618452
5623709
5623745
5624202
5626137
5628495
5632111
5632449
5632767
5634265
5634859
5634874
5636035
5636147
5640151
5643218
5643402
5644115
5644220
5644258
5644953
5645077
5646156
5646791
5647816
5648735
5649307
5649755
5650139
5650596
5651403
5653080
5653817
5654056
5654226
5655515
5656484
5656749
5657427
5659011
5660105
5661672
5664392
5665589
5665674
5666364
5666467
5667371
5668816
5669474
5670323
5670628
5671268
5672687
5673650
5675451
5675584
5676969
5677103
5681092
5682604
5684136
5684422
5684506
5684682
5684754
5685909
5686886
5687898
5690056
5691970
5692774
5693609
5694993
5695252
5695320
5695542
5695555
5697479
5697618
5697634
5697659
5698757
5698994
5699580
5699926
5702035
5703586
5704476
5706802
5707458
5707775
5707997
5708167
5708373
5708513
5709039
5709438
5710960
5712934
5713807
5714155
5714897
5716235
5716399
5717146
5719348
5721383
5722104
5723578
5726175
5727458
5727709
5730566
5732799
5732938
5734581
5736512
5736876
5737397
5737472
5738052
5738233
5738384
5741861
5742425
5744013
5745425
5746439
5746885
5747455
5748061
5751249
5751995
5753349
5753459
5753619
5753880
5754046
5754400
5754417
5754497
5756304
5757250
5757375
5759057
5759309
5761025
5762355
5763432
5767357
5768004
5768091
5768662
5769138
5769261
5770924
5771380
5772129
5772866
5774112
5774347
5774850
5776147
5776885
5777743
5777782
5779512
5779702
5779937
5780664
5781275
5781282
5781486
5782241
5782539
5789101
5790002
5790355
5790408
5792010
5793408
5793825
5794163
5795208
5795566
5795962
5796512
5796682
5796967
5800326
5801180
5801331
5802540
5802839
5803935
5806238
5807349
5807600
5807688
5808024
5809219
5809781
5810455
5810597
5811452
5811510
5812418
5814607
5819747
5820618
5821405
5823803
5824614
5825354
5825805
5826769
5826852
5828701
5829189
5829278
5829743
5830308
5831738
5832673
5833846
5835027
5835448
5835858
5836487
5837343
5838194
5838833
5838931
5841373
5846800
5847318
5848887
5849306
5850139
5851924
5853090
5853158
5853388
5854099
5854212
5854284
5854538
5857380
5858710
5859341
5861811
5863878
5864223
5864695
5866799
5867064
5870506
5870637
5871272
5871875
5872085
5872093
5872263
5873066
5874924
5875375
5879236
5879534
5880276
5880340
5882005
5882974
5883353
5884041
5885021
5885588
5885763
5885773
5886126
5887982
5890267
5890560
5891067
5891602
5894981
5896925
5897987
5898322
5900361
5900791
5901046
5903267
5903865
5905655
5907911
5908843
5909144
5910795
5911308
5913433
5913485
5915687
5916122
5916688
5916983
5917822
5919770
5924530
5926899
5927517
5929377
5930769
5933605
5934732
5936667
5937120
5937859
5938463
5938483
5939878
5941625
5942730
5943007
5944170
5944747
5945211
5945861
5946350
5947298
5947326
5947480
5948514
5948537
5950188
5952704
5953737
5954084
5955660
5956227
5959916
5960473
5961665
5962259
5963267
5964316
5964408
5966161
5967517
5967708
5969293
5970830
5971038
5971041
5973843
5974382
5975446
5976046
5976229
5978036
5980028
5980404
5982305
5983190
5984150
5984403
5985571
5986111
5986606
5987696
5989996
5990081
5990449
5990714
5990971
5991400
5991703
5991851
5992377
5992414
5992432
5993121
5993511
5994013
5995210
5998896
5999787
6001546
6003910
6003961
6004075
6004971
6005797
6005799
6007292
6008743
6009116
6009396
6009968
6012137
6012348
6012972
6012997
6013485
6020615
6021735
6022013
6022283
6023882
6024051
6024902
6026246
6026785
6030111
6031052
6032121
6032364
6034490
6034765
6035816
6037121
6040091
6042639
6042852
6043190
6043613
6045204
6045497
6046657
6047982
6048132
6049995
6052636
6053452
6053607
6054649
6054806
6055181
6055800
6056391
6057515
6057817
6060393
6061067
6061650
6062348
6062394
6063857
6065378
6065399
6065539
6066204
6068025
6068713
6069197
6070577
6070850
6071005
6071079
6071856
6073270
6075283
6075361
6075781
6075953
6076162
6076623
6077555
6077661
6078560
6078884
6080593
6080841
6082180
6082207
6084674
6085353
6085415
6085836
6089275
6089308
6090844
6090988
6091197
6091472
6091581
6091628
6092223
6092513
6094333
6094669
6097166
6097397
6099706
6100385
6100584
6101220
6101844
6101871
6103873
6103907
6105672
6107542
6110381
6110441
6111073
6112164
6112756
6112797
6113048
6115012
6116693
6116706
6117425
6119142
6119412
6120477
6122189
6123128
6123803
6124262
6126025
6128776
6129851
6129855
6129865
6131169
6131222
6131768
6132734
6132891
6133033
6134040
6134056
6134723
6135143
6136659
6139136
6139168
6139212
6140329
6141684
6141838
6142594
6143220
6145420
6145652
6146812
6147139
6148052
6148185
6148514
6148529
6148993
6150389
6151643
6152778
6154888
6155494
6156421
6157786
6159755
6159859
6159933
6161794
6163370
6164693
6165459
6165614
6165841
6166241
6167054
6167383
6169563
6170362
6170432
6172879
6173187
6178805
6179597
6180350
6181940
6182236
6182906
6183032
6183121
6183493
6184229
6185764
6185800
6187251
6187434
6187566
6187671
6187901
6189473
6189867
6190131
6190418
6192215
6193649
6195826
6196388
6197090
6199601
6200232
6200704
6201291
6202538
6202629
6202969
6203028
6203162
6203729
6203803
6203995
6204480
6204792
6205403
6208322
6208959
6209248
6209444
6210663
6210708
6210818
6211694
6212375
6214674
6216590
6216813
6217585
6218406
6221397
6221765
6223713
6223864
6226087
6226335
6226538
6226633
6226711
6226867
6227856
6228942
6230331
6232703
6233822
6234241
6235948
6236018
6236140
6237937
6241817
6241964
6242519
6243477
6243672
6243855
6244113
6244452
6244622
6244997
6245176
6246146
6251451
6251972
6253014
6255669
6257825
6258214
6258900
6261444
6261682
6262902
6264033
6265995
6266179
6267270
6268051
6268187
6269043
6269471
6270241
6270396
6272978
6274485
6275918
6276402
6276582
6276742
6277424
6279944
6281975
6283522
6284146
6284656
6285421
6288003
6288229
6289596
6290091
6290401
6290755
6291854
6294895
6296092
6296984
6297767
6298164
6298732
6299240
6300049
6300191
6300478
6301427
6301461
6301490
6303544
6303992
6304000
6305019
6305767
6305811
6310358
6310570
6311363
6312056
6313278
6315169
6315911
6316474
6317194
6318357
6318472
6318515
6319233
6319901
6320547
6321727
6325154
6325677
6326823
6326958
6327889
6328067
6328512
6328823
6330301
6330661
6330882
6330989
6333694
6335552
6336241
6337491
6337963
6338200
6341245
6341499
6343384
6344655
6344998
6345689
6346877
6347277
6347478
6348578
6348815
6350774
6351170
6352228
6354374
6355493
6355647
6356215
6356628
6356638
6357230
6357916
6358415
6358884
6359667
6359924
6362367
6362917
6365186
6365597
6365610
6367396
6368196
6369460
6371667
6375785
6377542
6377566
6377648
6377845
6378053
6378604
6378660
6379018
6380431
6381405
6384321
6385209
6385263
6386279
6386636
6388062
6388248
6388407
6388637
6392417
6392767
6393155
6393249
6393349
6393435
6393769
6395295
6395906
6396072
6397253
6397682
6398799
6399154
6399685
6400813
6400938
6401452
6402907
6404232
6404273
6406453
6408935
6409380
6410457
6410581
6410664
6411159
6411583
6411846
6412975
6413839
6415353
6415833
6416188
6416662
6417005
6417829
6418185
6418601
6419303
6419933
6420115
6421140
6424116
6424888
6424916
6427056
6429262
6429450
6430491
6431384
6432115
6432772
6433027
6433578
6436191
6437326
6437631
6438338
6439412
6439440
6439922
6440068
6442219
6442220
6444067
6444531
6446838
6447232
6447615
6448975
6451166
6452204
6452488
6453500
6453721
6453855
6454085
6454854
6455500
6455920
6456512
6456879
6456975
6457019
6459557
6461890
6464230
6464904
6465900
6466198
6466376
6468601
6468820
6469293
6469951
6470780
6471224
6472057
6474191
6474429
6476138
6476399
6477527
6479239
6479390
6479426
6479890
6480277
6483050
6483083
6483584
6483839
6485985
6487825
6488578
6488586
6490385
6493398
6493791
6493961
6494890
6495441
6495837
6496848
6498712
6499000
6499505
6499592
6501649
6502601
6502864
6503095
6503772
6504787
6505870
6505937
6506509
6507340
6507520
6508900
6509364
6509477
6509563
6509737
6509924
6510404
6512453
6512975
6514068
6514880
6517649
6517683
6518620
6520258
6520472
6520878
6521495
6521626
6522636
6523355
6524165
6524464
6524802
6525249
6525354
6525589
6529090
6530461
6530548
6530906
6534083
6534599
6536957
6537111
6537672
6538856
6541925
6545996
6547288
6547947
6548303
6548420
6549402
6550030
6550539
6550779
6550936
6553045
6554028
6558030
6558319
6559440
6559456
6560823
6562203
6563634
6564264
6564617
6565861
6566938
6567458
6567925
6569753
6570866
6571652
6571723
6572573
6572573
6576210
6576577
6576880
6577438
6577452
6578867
6578939
6579411
6580748
6581217
6583017
6583846
6584019
6584535
6586309
6588161
6588176
6588372
6588494
6589030
6590229
6591400
6591685
6593523
6593701
6594388
6594415
6596567
6599939
6602226
6604623
6606242
6607887
6609678
6611139
6611186
6612339
6612676
6613786
6614483
6615183
6615619
6619685
6620117
6620402
6621150
6623426
6625597
6625888
6627178
6628812
6629046
6629329
6629434
6630147
6630194
6631541
6631620
6631971
6632448
6633732
6633811
6635940
6639748
6640386
6643888
6643921
6644342
6645412
6647402
6649788
6652499
6652723
6654372
6654517
6654687
6655791
6656739
6658011
6658255
6658518
6658945
6660083
6661469
6662644
6665698
6666510
6667493
6668876
6669072
6669786
6671017
6671039
6672036
6675842
6677870
6678157
6679278
6679559
6679560
6679925
6680216
6681332
6683292
6684168
6684825
6685377
6685640
6686624
6686792
6687291
6687418
6688303
6688727
6689787
6689971
6689999
6690733
6690815
6691144
6691472
6693184
6694183
6694204
6694449
6694798
6696934
6699218
6703691
6705115
6705740
6706618
6709164
6710017
6710926
6711252
6713212
6714237
6715115
6715179
6715296
6716380
6716598
6718112
6719205
6720253
6723027
6723300
6724570
6726448
6727879
6728371
6728699
6731817
6732081
6733648
6735846
6739249
6741454
6742838
6742864
6744477
6747220
6748445
6749153
6751325
6753051
6754627
6755794
6756745
6757175
6759583
6762061
6763381
6763680
6763925
6764562
6767202
6768424
6768738
6768781
6768837
6771911
6772522
6773390
6773694
6773841
6774327
6774815
6775265
6775467
6775473
6777028
6777316
6777324
6779104
6779631
6781098
6781869
6781940
6782204
6783807
6789522
6789652
6789876
6792640
6795208
6797834
6798847
6798916
6800667
6801894
6802545
6803656
6804088
6805894
6806112
6806197
6806926
6807183
6808629
6810720
6811770
6813607
6813991
6814029
6816496
6818051
6818439
6820470
6820635
6820862
6820871
6821175
6823742
6824781
6825510
6825932
6827174
6827282
6829202
6829517
6830680
6831746
6833622
6834958
6835990
6837659
6838306
6838419
6839067
6839126
6839805
6843875
6844229
6844729
6847729
6850427
6851584
6851809
6853411
6855199
6855202
6856301
6858131
6862367
6863661
6864333
6864500
6864742
6866071
6866435
6866566
6866853
6867813
6868179
6868873
6872345
6873562
6875512
6877575
6877583
6878335
6878618
6878847
6880930
6881333
6881863
6884374
6884838
6885092
6885879
6886185
6886397
6886468
6887035
6892326
6893522
6894022
6894832
6895027
6895336
6895842
6897180
6897561
6898246
6898801
6899075
6899189
6899572
6899932
6901093
6901551
6903169
6903804
6903999
6904496
6906154
6906797
6907726
6908225
6908324
6909221
6909230
6910650
6911357
6912028
6912772
6914286
6916306
6917008
6917108
6917672
6918870
6919563
6919676
6920470
6920650
6920938
6923554
6923707
6923907
6924362
6924820
6925402
6926015
6927131
6927208
6929441
6930103
6930155
6930746
6931428
6932322
6932655
6933124
6933144
6933835
6934816
6935381
6936451
6936578
6937042
6937675
6937896
6937942
6938933
6939567
6939755
6940528
6941138
6943071
6946281
6946737
6947422
6948141
6951631
6952327
6952361
6956045
6959610
6960142
6961396
6961570
6965143
6966232
6966683
6968971
6969104
6969782
6970123
6970743
6972653
6973604
6974639
6976381
6981022
6981689
6982181
6982909
6983005
6984382
6985468
6987215
6987750
6990296
6991440
6991454
6992004
6995109
6995294
6995674
6996645
6997009
6998030
7000302
7001370
7001384
7002918
7003908
7005061
7005120
7005541
7005661
7008243
7008348
7010128
7010977
7013587
7015236
7015340
7016305
7016423
7016895
7019214
7019556
7019958
7020752
7021005
7021567
7021740
7022927
7023282
7026681
7027345
7029842
7030353
7031734
7032989
7034184
7035541
7036791
7036868
7037968
7038561
7039128
7039535
7040945
7041547
7041699
7041820
7043340
7044759
7046060
7048843
7048914
7049186
7050922
7051922
7052002
7052219
7053591
7054039
7056338
7058060
7058746
7059976
7061213
7061707
7062033
7062345
7063114
7063626
7064964
7068863
7068888
7069515
7070410
7070448
7072033
7076326
7076592
7077973
7078935
7079245
7080067
7080736
7081394
7082445
7082639
7082901
7083669
7083840
7084401
7085447
7085756
7086831
7086964
7086999
7087044
7090006
7090777
7091713
7093146
7093182
7093986
7095673
7096091
7097181
7098000
7100497
7100788
7100895
7101794
7102605
7103030
7104367
7104818
7105336
7105622
7105791
7105939
7106121
7110563
7113319
7115131
7116430
7116801
7117881
7118182
7118505
7119427
7121931
7122677
7122775
7123279
7123824
7125199
7125532
7125803
7129316
7130309
7130877
7131219
7131665
7133220
7133350
7133968
7137482
7137886
7138358
7140688
7141104
7141320
7141847
7142557
7142844
7145383
7147364
7148149
7148943
7149098
7149239
7150577
7150578
7150767
7151781
7152224
7153434
7153766
7154995
7155006
7155321
7156563
7156992
7158476
7159220
7160347
7161435
7161841
7162311
7163164
7164047
7164324
7166220
7166583
7167755
7168792
7171026
7172757
7173408
7173560
7174613
7174938
7175468
7175650
7176985
7177614
7177995
7178005
7178044
7178815
7181493
7181931
7182017
7182487
7183732
7184225
7184509
7184673
7185476
7189187
7189319
7189436
7190587
7190801
7191423
7195218
7195486
7195543
7196514
7196633
7197867
7198907
7199213
7199331
7200878
7201008
7201879
7202290
7202469
7204620
7204958
7205502
7205698
7206093
7206209
7208111
7210520
7211484
7211600
7212456
7213483
7213602
7213713
7213979
7216985
7218431
7219028
7220449
7220616
7221605
7221803
7222876
7224179
7224818
7226166
7227748
7227934
7228755
7230389
7230461
7231742
7232315
7232377
7232710
7233291
7236382
7236742
7238435
7239759
7240460
7240770
7242906
7243695
7244199
7244720
7245219
7245504
7246043
7247955
7248454
7249263
7249264
7251753
7253974
7255521
7257661
7258257
7258333
7261963
7262377
7263320
7265239
7265586
7265884
7266680
7267358
7267829
7268999
7269218
7269449
7270034
7270310
7274719
7276395
7276806
7276849
7277044
7277436
7278357
7280249
7281126
7282689
7283481
7284376
7284840
7287032
7288866
7289799
7290387
7290742
7291026
7291283
7291463
7294415
7295349
7295738
7296778
7297334
7297968
7299337
7299832
7300495
7301589
7302140
7304775
7304778
7304982
7305290
7306608
7307693
7308436
7308545
7308605
7308730
7309138
7309216
7309437
7310500
7311257
7311503
7312462
7312670
7313371
7313746
7314454
7314617
7315960
7317715
7318535
7318637
7318922
7319132
7319820
7321722
7322004
7323060
7323598
7325036
7325476
7326725
7327645
7330657
7330846
7331363
7334038
7337111
7337302
7337877
7338215
7340529
7343669
7344596
7344745
7345622
7345805
7347093
7348167
7348206
7349264
7349566
7350473
7350704
7354978
7356656
7357146
7358288
7360213
7360674
7362440
7362592
7362831
7364670
7365120
7365969
7366030
7366159
7367182
7369937
7372164
7373518
7374931
7376531
7377092
7378101
7378148
7378300
7378443
7381670
7381901
7382097
7389504
7390017
7390626
7391405
7393049
7395860
7396538
7397965
7398118
7398277
7399412
7399577
7400434
7401397
7402632
7402790
7402915
7405170
7407092
7408178
7410672
7411254
7411262
7412366
7412693
7414004
7414512
7415819
7416297
7416422
7416780
7416909
7417341
7418233
7419715
7419773
7419989
7420978
7421953
7425161
7425557
7427844
7427970
7428271
7428397
7429730
7431036
7431213
7432854
7433590
7433945
7435374
7436566
7437581
7439139
7441263
7441287
7443429
7443502
7444875
7447592
7449558
7450060
7451144
7452094
7452328
7452589
7455273
7455857
7456052
7456298
7457957
7458381
7458771
7459033
7459630
7462652
7462686
7463201
7463764
7463975
7464533
7468370
7470114
7470269
7471250
7471296
7472194
7472226
7472890
7473187
7475326
7479549
7479623
7480632
7482064
7482744
7483257
7483604
7483925
7484408
7484466
7485783
7487023
7488675
7488869
7490556
7493520
7495702
7496653
7497084
7497374
7499523
7500067
7500861
7501535
7502137
7504238
7507249
7510933
7511151
7516797
7517987
7519392
7520078
7524312
7524994
7525617
7525722
7526172
7528146
7529113
7531575
7531710
7532357
7533028
7533704
7534063
7534884
7535043
7536525
7540755
7540790
7541347
7543042
7543174
7545921
7547400
7548656
7548916
7550018
7550611
7550824
7551629
7551673
7554025
7554203
7554408
7554732
7555172
7555586
7556497
7557785
7558378
7558893
7560304
7560775
7562622
7562758
7562840
7563515
7564792
7565398
7565442
7565747
7567084
7568240
7568548
7568919
7569806
7570950
7571094
7574254
7574349
7574429
7574829
7574862
7577110
7577158
7582996
7583548
7583665
7584204
7584960
7585563
7586140
7587264
7589276
7590522
7590630
7590875
7591511
7591666
7595004
7595896
7596557
7596910
7599998
7600084
7600977
7604181
7604438
7604580
7608509
7609249
7609476
7609659
7612379
7612681
7613116
7613287
7614273
7614946
7615134
7619153
7619743
7621003
7621325
7625495
7625946
7625970
7630142
7630646
7631093
7631942
7632616
7633697
7633940
7634382
7634520
7636479
7638983
7639435
7639521
7639938
7641425
7641568
7644488
7644556
7647648
7647944
7648343
7649569
7650175
7650247
7651602
7651792
7652861
7652933
7655921
7657580
7657762
7660043
7660466
7661680
7663615
7663841
7664416
7666211
7668840
7668933
7669369
7670255
7672630
7674627
7675151
7678271
7679200
7680494
7680714
7681394
7681444
7681633
7682119
7682597
7685053
7685805
7686991
7687131
7688292
7688379
7691491
7691708
7694190
7695742
7696458
7698192
7698708
7701963
7702621
7702622
7703078
7703328
7704907
7705166
7706896
7708318
7708471
7711120
7711183
7711418
7714220
7716690
7717247
7719504
7719857
7720890
7722479
7722926
7723029
7723164
7724752
7725697
7725989
7727964
7729589
7730162
7732198
7733301
7733665
7733897
7735660
7735801
7736328
7737815
7738949
7739770
7740383
7741274
7741500
7741676
7741722
7741884
7742677
7744033
7745045
7745285
7745663
7746569
7749078
7750317
7751545
7752930
7754332
7755608
7755860
7756733
7757267
7759039
7759162
7760843
7768083
7768518
7768534
7770111
7770927
7772135
7773715
7774162
7774675
7775929
7776161
7776309
7778656
7778691
7782588
7782653
7786336
7786699
7787742
7789370
7789618
7789799
7789972
7790353
7790804
7791801
7792356
7792545
7792718
7795017
7795219
7795453
7795837
7798229
7798551
7798795
7799807
7800152
7800435
7800814
7802540
7802997
7805525
7805802
7806559
7808134
7811034
7811687
7811937
7813030
7813387
7813952
7815258
7816647
7817862
7822567
7822649
7823305
7823740
7824516
7826692
7826858
7827353
7827884
7828204
7829196
7830951
7831430
7831993
7832300
7833554
7834561
7834870
7835326
7836335
7838362
7838412
7838741
7838797
7838990
7839186
7841813
7844445
7844703
7846411
7849413
7850745
7853013
7853915
7855167
7856371
7857502
7857918
7859201
7859390
7861887
7863179
7863205
7864291
7864550
7865155
7865399
7865921
7867138
7868043
7868317
7870018
7871095
7871418
7873354
7874379
7874439
7874469
7874890
7875520
7879023
7881933
7884870
7885193
7885304
7885388
7885694
7886044
7886304
7887100
7887720
7889024
7889960
7891212
7893480
7895308
7895482
7896007
7896515
7897305
7898733
7900230
7902762
7904728
7904932
7905142
7907397
7912573
7913565
7913629
7914281
7916688
7917088
7917390
7918291
7918302
7918845
7919894
7920978
7921110
7922634
7922837
7925366
7925459
7925695
7926369
7926904
7929640
7931168
7932066
7932245
7932946
7934485
7934873
7938542
7939245
7939543
7940043
7940998
7942077
7942180
7942429
7944820
7945128
7946189
7946470
7946530
7946535
7948159
7948576
7948856
7950060
7950066
7950569
7951788
7953495
7954207
7954429
7955874
7956081
7957210
7957850
7959585
7960732
7961270
7961552
7961730
7961749
7962304
7962823
7963040
7963370
7963577
7964299
7964815
7965305
7966962
7967110
7967676
7967725
7968759
7971112
7971810
7972093
7972300
7972985
7974047
7974907
7975174
7975952
7976208
7978264
7979080
7981176
7981352
7983161
7985616
7987460
7991180
7993471
7994042
7994733
7994996
7995513
7995727
7995892
7995973
7996366
7996739
7997011
7997700
7999226
7999326
8000370
8001780
8006348
8006487
8006531
8007060
8010619
8014391
8019362
8019735
8019978
8022916
8023672
8024700
8025343
8026034
8026594
8027146
8028177
8028388
8029050
8029481
8031203
8032602
8032843
8035005
8035728
8036225
8038410
8038864
8042909
8043816
8046326
8047083
8050299
8052492
8052940
8053731
8054010
8054547
8054685
8055706
8056027
8056106
8056904
8058310
8059320
8059859
8060450
8061203
8061614
8061993
8062786
8063086
8063209
8065050
8066220
8066535
8067002
8067033
8067695
8069012
8071597
8071613
8072629
8074471
8074901
8077776
8077792
8079032
8079971
8080005
8081405
8081466
8081486
8085835
8086264
8087461
8087942
8088460
8089080
8089669
8090047
8090633
8092834
8093227
8093628
8094273
8094561
8094656
8096897
8098191
8098312
8101459
8101764
8102809
8103043
8108321
8109120
8109121
8109194
8109554
8109572
8109664
8110220
8110640
8110951
8111397
8111454
8111667
8116857
8117757
8118462
8119260
8119921
8123124
8124911
8124951
8124969
8125558
8126635
8130500
8133310
8133345
8134376
8135652
8138296
8138481
8138580
8139166
8141293
8141352
8142504
8142549
8144302
8144422
8144527
8144833
8146128
8146857
8147198
8147670
8148325
8148436
8148536
8149132
8149263
8150133
8151201
8152480
8156844
8157703
8159751
8160343
8160883
8162733
8163369
8163980
8165536
8165822
8168297
8168407
8168464
8172016
8172623
8174244
8175189
8175515
8176317
8176965
8178940
8179001
8179016
8179471
8182630
8182937
8185318
8186811
8189729
8189778
8190924
8191597
8191788
8192014
8193727
8195893
8195943
8197371
8197987
8198158
8198890
8199225
8200076
8200634
8202554
8203095
8203786
8204671
8204743
8206015
8207811
8208063
8209686
8209873
8212227
8213780
8215382
8215716
8216380
8217831
8217889
8219525
8222298
8224534
8224989
8225545
8226085
8226139
8227384
8229597
8229779
8230042
8231944
8232402
8232635
8234058
8237236
8238591
8239929
8243998
8245290
8245599
8245845
8246705
8247332
8248328
8249080
8249125
8250275
8250419
8251318
8252647
8252978
8253375
8254547
8255798
8256408
8256443
8256865
8257459
8258608
8258878
8259212
8261843
8262345
8264899
8265322
8265927
8267678
8268877
8269346
8269621
8270700
8271458
8271830
8271985
8272258
8274159
8274763
8275449
8275591
8278052
8278154
8279897
8281031
8281391
8284017
8289010
8290203
8290226
8291365
8293239
8293550
8295385
8295991
8296255
8297970
8298471
8300067
8300331
8300618
8303873
8303877
8304939
8305461
8308635
8308870
8309138
8311506
8311587
8311786
8311967
8312453
8312632
8313214
8314441
8315477
8315527
8315922
8317696
8318329
8319252
8319479
8320747
8321405
8321707
8322160
8324009
8325480
8325999
8326349
8327723
8328746
8329280
8332394
8332449
8333416
8333756
8335834
8336387
8336787
8337272
8337611
8340459
8341228
8341420
8343695
8344995
8345047
8345329
8345595
8346683
8347512
8348238
8348328
8348614
8351070
8352431
8352923
8353373
8353573
8355516
8355770
8355801
8356552
8356946
8357201
8360186
8360602
8364516
8365823
8371759
8374978
8375847
8377874
8379875
8381262
8384420
8384641
8386568
8387055
8387295
8387654
8388381
8392994
8393004
8393780
8396646
8397018
8397101
8397725
8397821
8400011
8401005
8401541
8403441
8404678
8405328
8407733
8407740
8408291
8409149
8410081
8412787
8413816
8414218
8415211
8415466
8416764
8417843
8418053
8418930
8419237
8420315
8420325
8420392
8420831
8420840
8421291
8421632
8424559
8428748
8428826
8430329
8430859
8431293
8432833
8433014
8433904
8435130
8436041
8436446
8437139
8438985
8442757
8443157
8445597
8446519
8449677
8450127
8450300
8450585
8451552
8452042
8452417
8454632
8455218
8455507
8455981
8456683
8457295
8459342
8465260
8466072
8466086
8467057
8468426
8468497
8468932
8470982
8471073
8471108
8474374
8475230
8479543
8484341
8485292
8486000
8486545
8486670
8487313
8489067
8489216
8490805
8491050
8491659
8492370
8493724
8494996
8496674
8499320
8500857
8502927
8507661
8508543
8508568
8509610
8510176
8511093
8512100
8515629
8516115
8517059
8520368
8521061
8523182
8524955
8525830
8526311
8527767
8528941
8529062
8529088
8529218
8531284
8534328
8536933
8537690
8538190
8539511
8541911
8542698
8543488
8543809
8545099
8545722
8545975
8547466
8547694
8547901
8548061
8548175
8550213
8550229
8553453
8554347
8554944
8555328
8557667
8558015
8558093
8558733
8560300
8560592
8562108
8566604
8569914
8570380
8571746
8572165
8573727
8574300
8574523
8574540
8575103
8575727
8576261
8576647
8580108
8581777
8583624
8583657
8584625
8584689
8585291
8585534
8586386
8587148
8587845
8590364
8591106
8591489
8591609
8591614
8592128
8592274
8593337
8594841
8595765
8595796
8596281
8596616
8596952
8597207
8597941
8598627
8601206
8601349
8603980
8603996
8604752
8607635
8608012
8609015
8610405
8610705
8612103
8612453
8612815
8612938
8613223
8614766
8615108
8616023
8616572
8617346
8619203
8623644
8624577
8627365
8628045
8628442
8630054
8630463
8631674
8631861
8632255
8632938
8633082
8633196
8633603
8633742
8635256
8636678
8637333
8637957
8638780
8639120
8640386
8641132
8641671
8642325
8644078
8646058
8646213
8646235
8647294
8648883
8650657
8650958
8651567
8652265
8652456
8652540
8652812
8653762
8654465
8655041
8655153
8656009
8656077
8656079
8656540
8656648
8657496
8657585
8657912
8658886
8658921
8659961
8660917
8662944
8663085
8664681
8667005
8667042
8667787
8668126
8668280
8668655
8669723
8670746
8670830
8672462
8672554
8673456
8674957
8676095
8678312
8678378
8678419
8678594
8680182
8681828
8682501
8684417
8684671
8687406
8688210
8689702
8690654
8691471
8693263
8693308
8693634
8693934
8695039
8697615
8699620
8701416
8701664
8702917
8703415
8703860
8703979
8704546
8705413
8705995
8706829
8708240
8709921
8710587
8711586
8711944
8712414
8713516
8714707
8714937
8717216
8718102
8718942
8719144
8719457
8722041
8723411
8723785
8724319
8725438
8727653
8728595
8729409
8730128
8730429
8732060
8733182
8734782
8735120
8735520
8735768
8735855
8737384
8737797
8737890
8738627
8739169
8739442
8740131
8740146
8740270
8740490
8740589
8741884
8743144
8745745
8746125
8747130
8747574
8748382
8749186
8750570
8755420
8756159
8756451
8756599
8757419
8757430
8760871
8761676
8765504
8767567
8771295
8771545
8772301
8775156
8776072
8776186
8777931
8778257
8778618
8783185
8785621
8786790
8787169
8787555
8788359
8791062
8791708
8795112
8796224
8796510
8796681
8797099
8797104
8797452
8798003
8798694
8799714
8800305
8802308
8803087
8806134
8806601
8810834
8811103
8812133
8813012
8815775
8818027
8818647
8821001
8821935
8822586
8822672
8824615
8828520
8830592
8832707
8833542
8834102
8836539
8838715
8839447
8841083
8841808
8843997
8844230
8844700
8844841
8848355
8848395
8849192
8851445
8853304
8853341
8853945
8854127
8854308
8854366
8857523
8858779
8861016
8864116
8864576
8864579
8865065
8866476
8866885
8867316
8869292
8869815
8869857
8871766
8874885
8874892
8875877
8877025
8878466
8879625
8879912
8881544
8881869
8882980
8884252
8885613
8886295
8888222
8888558
8890419
8890989
8891285
8892089
8892639
8893764
8894540
8896557
8898977
8899624
8899884
8900747
8900918
8901326
8903124
8903486
8906506
8906554
8906997
8907110
8907531
8908199
8908514
8909453
8910669
8911341
8913079
8914553
8914861
8916504
8918193
8918937
8919460
8920122
8920180
8921339
8921860
8922369
8925215
8925305
8927833
8928106
8928188
8930251
8930636
8930763
8930828
8930845
8930981
8932548
8934310
8935405
8936501
8936585
8937772
8938990
8939884
8939956
8940141
8942557
8943268
8944099
8946314
8948836
8949164
8953822
8955006
8956774
8959213
8959920
8961051
8961272
8961927
8963334
8964053
8964590
8968626
8970999
8975171
8976550
8976797
8978663
8979255
8980663
8981092
8981982
8982632
8982733
8983438
8986180
8987252
8987485
8987523
8987594
8988454
8989675
8990401
8991444
8992246
8993398
8994125
8994379
8995274
8995404
8995639
8997819
8998090
8999815
9002203
9002254
9004537
9005532
9007077
9007265
9007978
9008217
9009124
9011062
9011161
9013417
9013714
9016216
9016622
9020091
9020354
9021102
9022999
9025009
9026048
9026054
9028333
9028415
9028646
9029441
9029774
9030231
9031408
9032184
9033425
9034893
9035457
9038339
9038534
9039930
9040100
9040520
9040737
9041171
9041352
9042111
9042961
9044963
9045461
9046416
9047431
9048828
9049070
9049217
9051218
9053859
9055630
9055689
9055750
9056444
9057368
9058664
9059008
9059740
9059931
9060163
9061311
9063521
9063688
9063843
9064757
9064971
9065013
9066253
9068688
9068900
9068973
9069909
9071641
9072037
9073399
9074415
9075430
9078138
9080366
9081285
9083088
9085701
9088238
9088440
9089718
9089925
9090421
9090426
9091573
9092584
9092610
9093627
9096670
9097334
9097929
9100829
9106205
9106700
9106956
9107465
9108210
9108419
9108488
9108882
9109026
9109345
9110672
9111736
9111817
9112284
9112815
9113092
9113440
9114467
9114504
9115542
9116417
9121176
9121399
9122723
9123152
9123530
9124275
9125523
9125901
9126083
9126146
9127764
9128003
9128025
9129948
9130073
9130909
9131575
9133433
9133755
9134308
9134378
9135043
9136046
9137676
9140628
9140853
9142340
9143579
9143897
9145483
9145585
9146771
9147572
9147754
9148792
9153693
9154011
9154144
9155451
9156051
9157078
9157395
9157494
9158052
9158580
9159663
9160892
9162138
9162543
9164341
9164728
9165011
9165444
9166630
9166854
9166878
9168348
9168390
9170344
9171118
9171177
9172909
9174427
9175871
9177643
9177781
9178038
9181596
9182324
9182769
9182997
9183205
9184519
9184907
9185860
9186044
9187433
9188533
9190662
9190872
9191319
9191800
9191956
9192748
9193447
9194301
9195589
9196855
9197450
9199171
9199696
9201177
9202501
9202994
9203128
9203440
9203479
9203505
9204307
9204472
9206981
9207081
9210557
9212351
9213048
9213294
9213548
9214790
9214803
9216888
9217722
9219891
9220138
9221343
9222293
9222868
9223650
9224849
9224940
9227401
9228171
9228937
9229506
9229532
9230014
9231693
9235554
9235565
9236248
9236683
9238562
9238941
9239174
9239243
9239597
9239945
9242226
9242599
9245481
9246039
9249581
9249724
9252348
9254408
9257048
9257766
9258476
9259606
9261731
9262190
9262589
9262597
9263229
9263372
9263510
9263994
9264561
9264850
9265953
9266666
9267537
9270884
9271706
9272041
9272575
9273386
9273427
9273699
9276117
9276117
9278325
9279006
9279831
9280143
9280376
9282257
9283260
9283683
9285501
9286308
9288497
9288534
9289436
9289989
9292591
9294698
9294943
9295866
9296760
9298190
9299018
9299025
9299385
9300224
9300265
9300828
9301824
9302351
9302536
9309262
9311006
9316639
9317758
9324401
9324900
9327623
9327928
9327945
9328086
9328511
9329570
9329879
9330093
9334032
9335036
9338706
9340119
9341987
9342253
9342570
9343139
9344501
9345014
9345321
9345338
9346285
9347943
9348319
9351411
9352502
9352737
9353622
9353744
9353898
9356431
9356497
9359210
9360424
9362512
9363217
9364389
9366361
9368078
9370098
9370730
9371524
9374870
9375600
9377854
9377883
9379007
9380054
9380429
9380597
9381381
9382845
9382891
9385513
9385737
9391495
9392571
9393758
9395386
9395590
9398536
9398547
9401587
9402093
9402371
9403280
9407305
9409305
9410707
9410911
9411245
9412443
9413744
9413941
9414358
9416231
9416475
9416886
9418718
9420930
9421546
9421779
9422220
9422858
9425459
9427834
9429080
9429203
9430005
9430742
9431074
9431391
9432323
9433608
9433997
9435728
9436296
9436587
9437059
9437730
9439115
9439503
9441655
9442043
9442054
9442740
9443319
9443658
9443877
9444371
9444696
9445365
9446998
9447729
9448699
9451836
9451951
9455042
9455555
9455875
9456105
9457139
9460421
9463140
9465395
9465718
9466011
9466804
9467838
9467893
9469746
9471755
9471974
9473644
9474110
9474692
9474872
9475535
9475701
9476178
9477569
9481241
9483092
9483247
9484936
9485596
9485774
9485909
9486256
9490502
9490544
9491325
9491539
9491916
9492059
9492229
9493028
9495217
9498264
9498353
9500552
9501227
9502708
9503241
9505084
9505478
9505669
9505692
9506038
9506464
9509844
9513829
9515161
9515697
9516720
9516973
9517182
9521245
9521258
9522679
9523963
9524027
9524805
9526106
9526370
9527540
9528409
9528796
9529483
9530005
9531223
9531346
9532429
9532528
9534469
9534666
9534715
9535551
9535641
9536376
9536709
9541712
9542076
9545040
9545393
9545883
9546823
9551371
9551961
9552385
9552683
9553088
9553869
9554602
9555023
9555299
9555377
9555988
9556296
9557844
9559052
9560711
9560802
9560839
9561423
9561472
9562014
9564917
9567320
9568414
9570420
9571249
9571652
9571910
9571966
9574007
9574643
9574892
9575056
9576077
9578066
9579034
9579839
9584709
9584913
9585063
9585131
9586462
9586841
9592336
9595479
9595923
9597605
9597907
9597931
9598308
9598862
9599056
9602467
9603172
9604430
9604484
9604495
9605524
9605977
9606776
9607734
9609622
9610728
9611703
9613026
9613555
9613886
9614749
9617055
9617617
9618105
9620949
9621119
9622130
9622514
9623008
9623380
9623579
9625447
9625806
9634114
9635117
9635328
9637537
9637697
9638543
9641309
9641888
9643877
9644018
9644232
9647783
9648480
9650295
9650438
9650642
9652491
9653895
9654087
9655569
9656276
9656437
9657679
9657723
9658417
9659716
9659900
9660177
9661330
9661878
9662195
9663932
9664580
9664723
9666026
9666645
9667971
9668043
9669507
9670596
9671159
9671481
9673254
9675090
9675641
9677042
9677562
9678215
9678742
9679187
9680337
9680474
9682364
9683809
9683874
9684549
9685104
9685172
9685263
9686418
9686538
9686648
9689445
9691252
9691853
9692108
9692391
9698011
9698369
9699085
9700351
9701335
9701716
9702201
9702317
9702352
9703806
9704148
9704526
9705084
9706506
9706931
9707854
9707982
9709862
9710968
9711216
9711864
9712276
9713600
9713682
9714416
9715702
9716527
9716555
9717973
9718663
9719239
9720406
9720494
9721017
9721618
9722489
9723029
9723314
9724611
9725677
9726818
9727465
9727599
9727864
9730054
9731907
9733014
9733472
9736232
9736245
9736450
9737548
9739768
9739814
9740501
9741826
9742303
9743070
9743327
9744150
9744667
9744738
9745867
9748455
9748596
9749202
9749216
9750113
9751787
9751891
9752011
9752222
9753440
9753639
9754275
9754406
9755282
9755297
9755635
9755710
9755831
9756344
9756575
9758051
9758430
9762702
9763220
9764691
9765273
9765728
9766584
9766692
9768281
9768953
9769367
9771762
9771873
9771901
9772267
9774752
9775442
9776223
9777020
9777057
9777261
9777270
9779073
9779178
9780622
9781434
9781459
9782192
9783279
9784425
9785502
9785739
9788595
9789421
9792419
9792538
9793789
9794388
9795018
9797130
9799904
9800582
9801261
9801543
9801895
9803147
9804010
9805645
9806621
9807212
9807304
9808080
9808568
9811314
9812403
9812775
9812832
9813643
9814430
9814503
9816775
9820267
9821514
9821914
9823027
9825900
9826746
9827773
9829201
9829238
9830577
9830785
9830800
9831114
9832433
9832516
9834379
9840207
9840473
9841770
9841944
9843740
9844971
9845238
9845654
9847422
9849721
9851611
9854143
9854261
9855658
9856542
9857837
9858312
9858592
9858810
9859385
9859988
9863535
9864690
9864963
9866257
9866562
9866855
9868676
9870366
9870661
9870805
9871874
9874318
9876787
9877019
9877063
9879038
9879876
9882003
9883024
9883128
9883680
9885716
9886841
9889523
9890681
9892161
9893614
9893659
9893841
9893907
9895709
9896253
9896823
9898855
9899083
9900947
9901252
9901769
9902254
9902542
9903579
9904148
9904965
9905879
9906126
9906547
9906965
9908188
9911301
9911438
9911791
9912184
9913746
9914862
9915563
9916764
9916920
9917988
9918398
9919401
9920824
9921091
9921867
9921941
9922385
9922448
9922491
9922853
9924804
9925089
9926097
9926363
9927479
9928050
9930757
9931141
9932559
9932944
9933127
9933127
9933895
9935893
9936108
9936933
9938024
9939209
9939310
9939422
9940002
9940129
9940288
9941175
9941747
9941960
9944343
9944645
9944653
9944894
9944997
9945275
9945558
9945932
9946967
9947488
9948231
9948260
9949129
9949543
9950300
9951788
9952204
9956006
9956235
9960324
9966060
9966902
9966978
9967492
9968175
9968238
9968643
9968673
9971772
9974141
9974418
9975421
9975497
9975845
9977424
9978256
9979193
9979535
9979809
9980310
9983245
9984807
9985141
9986602
9986748
9987167
9987405
9987444
9987694
9989244
9989473
9991780
9995522
9996117
9996218
9997695
