24565
27173
39011
65843
70723
75342
77555
80987
124508
132536
149679
164407
181164
184848
215367
217278
245765
250632
257275
260881
267427
273941
275901
297200
314898
324467
371296
378131
382902
403931
424924
425567
449198
452178
457336
480831
487869
499082
506406
528139
531961
539717
582488
583725
596129
598109
599749
604599
630847
636635
639010
640797
643673
649749
656147
658969
663326
666089
684102
691766
693159
695745
711654
712209
715126
723364
727788
738998
746226
762329
783053
795369
799884
815603
817553
821598
826533
832472
851642
861132
865356
884248
885401
888316
899085
899412
907365
925689
926571
930304
937252
939382
988228
991516
999627
1017981
1018238
1028969
1031144
1031742
1039466
1048874
1061393
1074169
1084967
1089541
1109600
1115390
1121156
1123266
1126218
1126995
1129799
1132750
1137470
1144278
1146916
1148292
1155720
1166343
1170588
1170801
1188359
1195437
1234570
1244857
1250600
1256750
1264438
1280792
1316451
1323192
1332194
1332555
1340258
1345564
1345807
1366996
1368295
1368449
1369062
1372374
1389014
1394182
1395641
1403187
1424711
1428116
1430846
1433329
1434318
1438717
1440224
1454529
1455747
1461192
1500134
1521172
1528320
1529748
1532885
1533178
1541239
1559838
1569782
1575997
1591888
1595536
1607320
1626798
1629803
1640875
1647283
1653979
1657503
1716207
1718232
1725861
1736076
1736894
1752233
1764999
1774830
1778944
1781524
1802838
1834255
1842099
1847556
1871017
1886162
1890624
1910326
1929670
1940111
1944023
1946130
1957379
1963559
1965516
2006783
2010095
2011663
2047873
2053421
2053526
2054571
2056536
2069306
2079454
2080733
2091053
2091883
2111650
2116764
2123106
2124530
2151579
2160454
2163116
2183118
2183685
2188391
2192330
2192897
2194434
2198261
2200347
2206711
2211633
2215676
2219596
2221199
2227237
2247144
2266785
2267071
2267445
2276915
2285210
2287489
2288400
2295447
2299010
2299780
2301449
2302114
2354102
2366850
2368906
2371620
2383057
2389330
2419232
2431496
2444337
2451985
2462207
2466442
2466884
2496866
2510389
2514307
2520416
2532306
2533314
2539968
2556090
2558107
2558237
2564148
2569318
2577379
2590265
2608987
2630116
2630215
2630346
2636842
2637420
2645321
2661185
2667073
2667601
2687975
2699178
2706880
2744868
2747526
2771033
2785647
2797818
2816724
2867228
2925535
2925836
2964517
2979248
2981228
2985174
2985234
2997248
3003506
3004119
3006245
3016975
3018830
3035873
3044842
3055054
3055299
3063659
3074885
3102823
3108538
3110790
3143550
3150512
3151974
3173645
3181918
3192729
3211255
3218945
3219675
3240668
3259255
3261928
3268620
3278322
3304203
3314569
3326579
3330610
3333087
3338683
3345010
3347258
3358355
3360854
3370387
3375396
3386535
3395234
3412894
3422751
3428738
3436363
3443114
3463972
3480283
3480735
3481808
3485878
3487257
3499649
3502230
3521068
3525053
3538864
3547091
3552324
3556331
3558724
3588183
3598289
3603084
3605933
3607568
3628175
3629908
3641646
3648601
3658023
3660342
3685648
3691043
3716150
3723413
3758162
3758650
3788243
3801384
3819177
3828538
3831051
3836972
3838201
3838348
3841441
3844602
3848623
3873089
3875261
3876538
3878006
3915975
3922036
3928539
3929331
3932992
3935087
3955926
3956700
3957061
3961046
3962886
3966357
3969681
3973547
3977423
3991794
3993689
3998264
4003522
4003722
4033179
4033821
4036341
4045269
4052175
4071142
4078960
4081377
4081727
4086420
4090129
4097166
4097860
4110929
4115759
4143057
4149155
4152092
4169666
4175875
4183594
4184580
4185219
4214976
4221377
4254710
4255209
4256751
4257089
4259155
4269591
4286866
4291147
4303634
4328681
4330730
4331474
4355746
4376659
4378072
4378462
4410458
4415289
4417143
4439843
4446216
4453211
4459285
4473745
4488389
4490604
4495581
4500805
4508958
4509964
4517677
4554704
4564300
4569105
4581353
4589102
4595588
4598747
4605659
4619628
4633707
4644263
4672374
4680875
4682937
4683344
4694354
4733938
4748334
4749029
4750047
4750670
4751963
4766344
4784122
4802602
4803657
4812345
4813846
4821013
4834235
4847581
4864845
4896141
4922519
4934020
4942343
4943908
4960528
4962504
4967526
4983041
4996108
5029880
5033090
5038966
5078921
5083585
5111703
5118283
5139021
5141084
5148314
5156614
5161507
5163311
5166090
5182544
5188422
5189434
5197257
5203835
5205407
5228726
5229754
5249842
5264842
5275511
5279610
5289615
5290517
5304518
5312496
5314343
5316483
5324218
5328050
5334978
5343138
5345211
5349571
5351903
5354515
5369641
5403158
5417651
5428584
5433554
5434478
5459850
5468090
5486248
5487784
5515013
5518340
5526598
5540002
5545516
5565906
5574364
5577803
5595636
5595890
5603890
5616707
5641023
5644673
5669101
5672871
5689970
5702600
5705126
5716766
5727642
5734007
5742168
5771032
5776821
5777354
5794299
5831601
5833458
5836227
5870433
5874431
5893154
5898091
5918043
5921683
5931493
5944887
5962351
5962760
5970185
5978126
6000970
6056215
6070520
6080951
6083280
6086030
6090096
6095326
6097374
6104709
6106642
6130912
6155723
6167913
6168055
6168313
6172670
6173702
6182163
6184608
6186327
6194547
6200910
6204416
6207557
6218993
6232795
6246269
6258345
6265367
6265422
6278338
6293442
6294798
6312686
6312746
6334850
6350207
6366037
6381293
6386406
6392455
6401898
6418988
6439581
6441885
6448213
6448407
6469093
6470196
6479193
6522968
6539092
6549773
6556469
6556904
6562361
6569842
6573785
6577861
6581640
6594017
6608213
6611279
6624733
6666780
6694422
6702343
6719578
6735943
6738572
6742716
6743181
6743921
6745596
6761176
6773739
6783340
6787301
6788919
6810656
6811504
6814446
6820815
6826490
6837811
6857041
6858073
6880632
6886038
6900365
6905452
6935231
6947311
6978503
6986151
6986516
6986942
6997378
6997440
7000852
7021146
7030260
7036862
7037338
7037986
7054452
7067665
7078426
7107598
7118236
7131175
7132891
7141782
7155445
7166460
7180222
7187023
7189506
7189537
7201755
7202595
7202739
7206210
7209062
7210913
7228708
7232195
7234347
7237337
7248699
7251503
7258749
7261850
7265897
7289786
7309348
7313740
7345367
7350652
7359005
7368357
7379807
7397585
7400084
7401300
7410233
7410300
7415351
7415915
7441245
7444120
7446604
7459302
7463328
7466262
7470963
7471382
7481359
7482909
7487334
7489530
7529974
7564840
7600275
7602389
7627150
7632571
7635880
7662212
7664376
7664436
7669005
7685475
7692242
7697266
7698196
7703217
7712717
7719753
7729014
7732470
7759234
7776010
7781473
7816415
7823866
7831656
7836113
7845668
7856184
7860235
7864169
7866217
7870911
7889390
7907405
7919346
7919853
7923244
7937356
7940191
7946680
7972911
7986336
7995436
7999335
8001493
8007102
8027546
8043060
8046882
8096439
8097269
8108427
8110330
8128504
8144729
8145368
8154494
8188340
8190864
8193040
8218667
8234621
8238254
8244900
8251348
8284920
8301862
8341985
8346088
8352216
8359245
8365696
8370895
8386390
8391373
8405561
8408303
8419227
8423790
8434953
8437970
8445260
8451078
8455252
8465081
8496574
8512375
8515900
8518406
8518785
8518833
8546880
8561506
8564940
8566626
8566927
8582097
8585256
8613759
8633609
8634475
8637581
8644812
8654750
8658691
8668340
8670628
8675229
8681099
8718163
8724468
8737603
8742131
8759479
8771612
8780334
8785989
8786518
8788813
8799704
8810603
8837732
8847237
8854846
8857156
8871256
8918222
8918514
8939174
8957493
8971408
8977503
8990574
9037464
9043205
9062799
9068670
9076564
9080312
9090209
9092976
9093376
9097636
9098575
9121349
9127919
9143257
9152233
9153157
9155298
9155882
9190757
9192693
9194357
9195459
9209236
9212217
9239360
9239807
9253277
9285029
9285813
9293538
9300608
9318362
9327212
9342583
9343831
9358649
9366660
9371481
9397148
9431337
9461185
9467353
9482419
9493048
9511767
9512896
9535729
9537932
9540556
9541962
9553060
9564089
9568491
9582507
9597518
9614699
9617041
9639086
9666785
9667150
9668488
9673823
9680404
9689309
9692996
9697659
9712970
9726137
9729819
9734460
9758805
9759971
9765746
9772992
9774130
9778195
9799857
9805366
9824466
9832998
9849161
9856746
9858935
9892456
9893461
9903698
9907606
9934754
9937272
9939690
9940602
9945982
9947665
9955505
9956226
9990565
9997141
9997683
