7456
18353
19995
26870
32497
37929
41487
48362
62753
72861
82752
84777
90224
104434
109845
115396
152352
178519
203203
204250
215244
216701
217083
230373
241965
242184
242550
250193
258835
279878
281623
290649
292347
304959
307702
314552
314973
320195
322248
322341
329191
334395
338930
343430
344573
346584
351360
351845
359022
378106
380411
380870
394194
405859
429152
432080
434665
435564
442360
464193
475632
489264
518751
521283
527318
546456
548464
551164
561103
588070
639640
647793
672606
690480
711970
721224
725802
729942
733444
733559
743772
764172
770099
773794
800570
805930
809097
809281
813140
825325
833692
844022
845728
856013
871731
878427
879689
889003
891262
895622
900211
903945
911888
914408
914432
922923
936185
953891
977166
988277
988522
996579
1000307
1014252
1027231
1031015
1032461
1043140
1051319
1063535
1067462
1097924
1100929
1103841
1110988
1113994
1114963
1122505
1126455
1135826
1137196
1138912
1184351
1208222
1212434
1224624
1235057
1244003
1247206
1258057
1280932
1297335
1308316
1311724
1315231
1318243
1321108
1336240
1337285
1340426
1349231
1353978
1354254
1372183
1375780
1382329
1387195
1396677
1400763
1417606
1427287
1428841
1438625
1451711
1472033
1481472
1497049
1498170
1516017
1532090
1533142
1551861
1580221
1585450
1588109
1603245
1605008
1612696
1618951
1622100
1629219
1633478
1645972
1667658
1687317
1687490
1708960
1709627
1733221
1746605
1752413
1753477
1756931
1761215
1769013
1774719
1780243
1809548
1814586
1828921
1846213
1868732
1874545
1879892
1883851
1885644
1885930
1894040
1898428
1899965
1917639
1921181
1929736
1935485
1976250
1978481
1983036
1990390
2007094
2025983
2050681
2084803
2087288
2092391
2098193
2101353
2126392
2127839
2130545
2130985
2135461
2173299
2177704
2180296
2181066
2192791
2230174
2248384
2254387
2262207
2277952
2307242
2308858
2310008
2311885
2323384
2325380
2338943
2343586
2349751
2357159
2358479
2381586
2382154
2387930
2392140
2405880
2409693
2416270
2417420
2436637
2437622
2441950
2453020
2468657
2484954
2487816
2536406
2549104
2573886
2574503
2584476
2589539
2591179
2604099
2618084
2626166
2634835
2646954
2647209
2652384
2658258
2662726
2663826
2666581
2673026
2684220
2685430
2697030
2743290
2768112
2771420
2800378
2809088
2817003
2817088
2824913
2839550
2848145
2864012
2870837
2873679
2873684
2875878
2893307
2898123
2901796
2902134
2920197
2935631
2936833
2937305
2939568
2939976
2949247
2952521
2956985
2965737
2967373
2968991
2972521
2972990
2975249
2981763
2982464
2983234
2996969
2997189
3004004
3015717
3018287
3040921
3044856
3056859
3067927
3071378
3078739
3083942
3096641
3107257
3120143
3128456
3139927
3162883
3200531
3201924
3216370
3222885
3226012
3240182
3241705
3323636
3339036
3345554
3372922
3381044
3386946
3392869
3413014
3466556
3470038
3481605
3498027
3512792
3532472
3568986
3569572
3599692
3603807
3610765
3617194
3633608
3656023
3661098
3661309
3688404
3719591
3733650
3775402
3782211
3784202
3793925
3794395
3808355
3810951
3828012
3831924
3832429
3864912
3872904
3898046
3900408
3912535
3926190
3932453
3933172
3938116
3949190
3952126
3960304
3965100
3971452
3979979
3989530
3990698
4005092
4008043
4018297
4019133
4043513
4049793
4059942
4060030
4073512
4102048
4141154
4141165
4142121
4156785
4157173
4160920
4174393
4200663
4201865
4214987
4218073
4220844
4221744
4230544
4237361
4243034
4259650
4267648
4271652
4272512
4277220
4279658
4325579
4327238
4336925
4343607
4348684
4363459
4386984
4399765
4424224
4427418
4479156
4479758
4493729
4497470
4498348
4500343
4506795
4507871
4514271
4532325
4532773
4555395
4587957
4588088
4590021
4606980
4618976
4627608
4630010
4647998
4648767
4661570
4680038
4680891
4685115
4697470
4698289
4741991
4743434
4749545
4767061
4788045
4791207
4792206
4793146
4798655
4798793
4814952
4815225
4817987
4820618
4839704
4845096
4858946
4872642
4873772
4873915
4874220
4877345
4907124
4936304
4944074
4994846
4997062
5006196
5010200
5015304
5024317
5046466
5060432
5079985
5083565
5094580
5094665
5125087
5129935
5132315
5134461
5142398
5159087
5164607
5172603
5185229
5189364
5190578
5193926
5196226
5198311
5223140
5229070
5231085
5259967
5263806
5269950
5274349
5288499
5291050
5291979
5293566
5296198
5299052
5303318
5303626
5308168
5318489
5333158
5346493
5379724
5384688
5401642
5415580
5418605
5447793
5452847
5469317
5477855
5488806
5507057
5508190
5537251
5537440
5537656
5541201
5557631
5560289
5574708
5578704
5587097
5616377
5626509
5627200
5634348
5657036
5657095
5660179
5662318
5663069
5669238
5669443
5674189
5686116
5694741
5697273
5718098
5720411
5730933
5761577
5763192
5780363
5799556
5800339
5806305
5814900
5827757
5829644
5838491
5863191
5866875
5887652
5909768
5935880
5943902
5947096
5967333
5969183
5969433
5973170
6001075
6004922
6005192
6011846
6023198
6056518
6056900
6063268
6088797
6097318
6100078
6110478
6117980
6119062
6122571
6150781
6154650
6159120
6165122
6225119
6231997
6232625
6234182
6237370
6238096
6241038
6250184
6253665
6261988
6264750
6265575
6272640
6293237
6307820
6324332
6337325
6345464
6360969
6364120
6364282
6370262
6386323
6393213
6416378
6426354
6443223
6443730
6453213
6454822
6460264
6503842
6512195
6518840
6521678
6524598
6545337
6574679
6581008
6590228
6593692
6612973
6618354
6642214
6672564
6703251
6714320
6716681
6732943
6739445
6745894
6751350
6751980
6755900
6762534
6781242
6781808
6783841
6807035
6818659
6824555
6826386
6846946
6847174
6850587
6851410
6851925
6861848
6864799
6871248
6907292
6922404
6929951
6935561
6941473
6941882
6958477
6965483
6982378
6985894
7024787
7027858
7032007
7034247
7057493
7075194
7088488
7098113
7105427
7116472
7148483
7154930
7161330
7161465
7166306
7179815
7180371
7191316
7196146
7203518
7221735
7229259
7229359
7232018
7235774
7239922
7249704
7278533
7279590
7294891
7296595
7303156
7303281
7325039
7326567
7327679
7355042
7367011
7379341
7403863
7412371
7416936
7417556
7428817
7475429
7492615
7494199
7502894
7503843
7505989
7511005
7540678
7542879
7551510
7564230
7569120
7583707
7592537
7618232
7631065
7638273
7647975
7661051
7666924
7670650
7681517
7690523
7693835
7703322
7728225
7747588
7783679
7785078
7786953
7822893
7833606
7838490
7864448
7876610
7886589
7895488
7914239
7947300
7948661
7950402
7952813
7980426
7983115
7992617
8004379
8004550
8008335
8022892
8044173
8049859
8054191
8061590
8063050
8099637
8103805
8115897
8192760
8201535
8229790
8239686
8248862
8271247
8273086
8276929
8295611
8301978
8309976
8312148
8317123
8322193
8330434
8350954
8397475
8402423
8427156
8437682
8439504
8452378
8465898
8484676
8493393
8493660
8528749
8538089
8540131
8547085
8548031
8550463
8551480
8556704
8558555
8558603
8566444
8620864
8631251
8635155
8637856
8656008
8663192
8664307
8693013
8693047
8694842
8721918
8723734
8742091
8766202
8771357
8790810
8806690
8812491
8857481
8857976
8858914
8876435
8888345
8893399
8896391
8897306
8905374
8911376
8915067
8917715
8922117
8922992
8939481
8948779
8959401
8961473
8989328
8994447
9003498
9005079
9008572
9009909
9010220
9017128
9026845
9046230
9060200
9063449
9065770
9071135
9074615
9074986
9089007
9103510
9122509
9148019
9149258
9150031
9151313
9152250
9158075
9162642
9166591
9171109
9184461
9188157
9189991
9208503
9210033
9229867
9232381
9236383
9237539
9237947
9256643
9275063
9279375
9279741
9284504
9308337
9312874
9317467
9324841
9353873
9366743
9375369
9397512
9406804
9411549
9414222
9418709
9433035
9433689
9435180
9435458
9448666
9460155
9484501
9488265
9490428
9490698
9491480
9519928
9525448
9540054
9546890
9558765
9559651
9565167
9565706
9587685
9593559
9615731
9626322
9651913
9654007
9654951
9656242
9670082
9676134
9676878
9683732
9698684
9702396
9703570
9708501
9715766
9726135
9730537
9738614
9740581
9746061
9755507
9757811
9771093
9771152
9773744
9776049
9803082
9805550
9806270
9816252
9822833
9832882
9857823
9859290
9865448
9867156
9870620
9874114
9890314
9899944
9901045
9908805
9942322
9956484
9966747
9973545
9990609
