2395
12896
18762
19468
49593
50905
55993
56163
61324
74515
81236
112462
121068
145985
148921
166044
179756
183071
183435
207914
220713
226995
232681
248174
272042
279993
281603
295180
299453
304441
305302
320243
332363
345806
355332
366669
367679
382657
383468
390688
393194
411135
419006
440520
453621
480055
488493
515410
519624
521091
527620
533892
534115
544471
564237
573760
578287
585114
588478
598197
601718
604220
608309
620974
621347
628458
644636
655325
657298
691553
693253
717519
778316
792468
794251
798489
822995
830175
840921
848874
858292
870444
874767
892453
928748
933583
944269
950025
966768
970953
986319
992311
997032
1008278
1017337
1023443
1026748
1036134
1046044
1052689
1090172
1092956
1096194
1150116
1155173
1158854
1159673
1172812
1177881
1178552
1196710
1213293
1218029
1226943
1234333
1246277
1250729
1259284
1263516
1268164
1304103
1314021
1345953
1348699
1354698
1380948
1384892
1390180
1412071
1451839
1456618
1469428
1471316
1474018
1479004
1486168
1498977
1504358
1507212
1510573
1510991
1511015
1518968
1524031
1533745
1534686
1546322
1547073
1550116
1550496
1574392
1574973
1575262
1577453
1593141
1600134
1634327
1635854
1644077
1669850
1675615
1682714
1684505
1698056
1713777
1725203
1747119
1747266
1751086
1815583
1816092
1827924
1832434
1835429
1852645
1853090
1879002
1880745
1883090
1885575
1905692
1911820
1918021
1918910
1936685
1942219
1943505
1947958
1977259
1980877
1985341
1990635
2007019
2010607
2033189
2039045
2058540
2064727
2077778
2078409
2099891
2101378
2102635
2116302
2127601
2129100
2139274
2144988
2146341
2150711
2151266
2167511
2168527
2179030
2198638
2205408
2216512
2216910
2222376
2236558
2239065
2250441
2253476
2313073
2316141
2340508
2353058
2392433
2394576
2396855
2407875
2413902
2425329
2426504
2433153
2446525
2456092
2456134
2467514
2469720
2475210
2477085
2485786
2495548
2498311
2501137
2527119
2556465
2556685
2580506
2595100
2602038
2602182
2609846
2635281
2644682
2666418
2667987
2687801
2697839
2707815
2711721
2713105
2724209
2730471
2734557
2746862
2750430
2753656
2756448
2758385
2786406
2789553
2809153
2822817
2841514
2854721
2861373
2862582
2873441
2896561
2899424
2907349
2915600
2925474
2929191
2933120
2947066
2947832
2956021
2959012
2974539
3000690
3003525
3016788
3035891
3039792
3048642
3049210
3085992
3113786
3120672
3130903
3132841
3133923
3138600
3159841
3169219
3172489
3209531
3219436
3232688
3235550
3235703
3236070
3238591
3244201
3259966
3260786
3267419
3309884
3322513
3328243
3332939
3339737
3348361
3350512
3358263
3360165
3360255
3363256
3369282
3372391
3388424
3394240
3395203
3398238
3403427
3409136
3412792
3413647
3417636
3421630
3425398
3462346
3464664
3473119
3479893
3488110
3488321
3489935
3525743
3529737
3545364
3592641
3593642
3596548
3606269
3633726
3635346
3643596
3646678
3663015
3667947
3672123
3674350
3690366
3726728
3758594
3774593
3804667
3812626
3813770
3814872
3834898
3841259
3871494
3873967
3900239
3912263
3918961
3939299
3943454
3947684
3948007
3950487
3961149
3965766
3969702
3976485
3976709
3981250
3989178
3991140
3992688
3995596
4002095
4005324
4014553
4020610
4020878
4025576
4031577
4037494
4039566
4048780
4049036
4052450
4057806
4061774
4062124
4065958
4078620
4083895
4102723
4105193
4116355
4122243
4132632
4136597
4146795
4170422
4177390
4186094
4192540
4198483
4208364
4213336
4243567
4261342
4265968
4271427
4290040
4291831
4311467
4314274
4335856
4338748
4339730
4353485
4356992
4360237
4368353
4387361
4402296
4402465
4403874
4413666
4425197
4428730
4428792
4437112
4450659
4455785
4457965
4460203
4469906
4475513
4476482
4492770
4499076
4502616
4508419
4523744
4524275
4534698
4541325
4552862
4555854
4569913
4578365
4584579
4598742
4606976
4618343
4628276
4644054
4646763
4652717
4663360
4675137
4682759
4717993
4723921
4726487
4727768
4759669
4769074
4775365
4776024
4792982
4813576
4818669
4823576
4825110
4844216
4858700
4914180
4915706
4927337
4935306
4946445
4953257
4959429
4959994
4968895
5001950
5014530
5026036
5031944
5040548
5043759
5048438
5062655
5064701
5077566
5083629
5115769
5137234
5140816
5152786
5155034
5169434
5187179
5220964
5231954
5262733
5279128
5286833
5290889
5296661
5337607
5363404
5364237
5364425
5378022
5379499
5386861
5391467
5441601
5449056
5472914
5473469
5488629
5497177
5510525
5522395
5524043
5536780
5546696
5558427
5561176
5575050
5582048
5584473
5642431
5642930
5643841
5648150
5653489
5656309
5673793
5677719
5681478
5688202
5695510
5728653
5738174
5742332
5748241
5754696
5768845
5773444
5774919
5791578
5805170
5812621
5814075
5821470
5827328
5839184
5852572
5857170
5866166
5879496
5904462
5919856
5922321
5924599
5946846
5955684
5976907
5980354
5983565
5984869
5994277
5996334
6007601
6023007
6024649
6026317
6027578
6036417
6041652
6076449
6081416
6085288
6085543
6092548
6093980
6099694
6104590
6105719
6128026
6131619
6135915
6138423
6207070
6212957
6215192
6224288
6227733
6231157
6233789
6236808
6237861
6270496
6276694
6307184
6313337
6339984
6345501
6351360
6397606
6406876
6429251
6433956
6439561
6457789
6461856
6462632
6464886
6490908
6498293
6515105
6550283
6565562
6630051
6639714
6651402
6652365
6659011
6666648
6677199
6678102
6682060
6685074
6691530
6694638
6708500
6719013
6750450
6776256
6787261
6797940
6799562
6807984
6815685
6840821
6858637
6882725
6884444
6888787
6889481
6923825
6925936
6938248
6949008
6952621
6956437
6958943
6960499
6974310
6975440
6980553
6987197
6991160
7002578
7004844
7026009
7044117
7053518
7064656
7081495
7103135
7106444
7116558
7133552
7140828
7153443
7157228
7168269
7174639
7181847
7199092
7205145
7224018
7237432
7250746
7271094
7303676
7306581
7307846
7311577
7315469
7324577
7353506
7354813
7356439
7364161
7371265
7379348
7387728
7391519
7394396
7401548
7411464
7419330
7420340
7428835
7439116
7469533
7482885
7491203
7496066
7497680
7501099
7505504
7507539
7516882
7519621
7524859
7529247
7550307
7560059
7560326
7596861
7599203
7620833
7631156
7635184
7640394
7648738
7663365
7674439
7684453
7699536
7701269
7704082
7714065
7723075
7737548
7742818
7743852
7744458
7745302
7746752
7756195
7758970
7768764
7786903
7799740
7807968
7808104
7808721
7814510
7820469
7843362
7844385
7848247
7852351
7861986
7871344
7878434
7886074
7897962
7911653
7913357
7915416
7921502
7922786
7928284
7928507
7973350
7984942
7987223
7990894
8014652
8030579
8051565
8059264
8067405
8075272
8083892
8094568
8129891
8135789
8142271
8143710
8154320
8158718
8162599
8169326
8169719
8173204
8177944
8197133
8203244
8206079
8217982
8246511
8270135
8293456
8297599
8299354
8304335
8312352
8328749
8335271
8353394
8356403
8407148
8440727
8448048
8448366
8462116
8462600
8486642
8504074
8544337
8545945
8553952
8559295
8561211
8577305
8579326
8594073
8599822
8605297
8616110
8619748
8621940
8627486
8634649
8639889
8645034
8670152
8672190
8690098
8724811
8733885
8734524
8749423
8767516
8778622
8784679
8787701
8791401
8799376
8806610
8812572
8813559
8822484
8834924
8843144
8859891
8860895
8890630
8897569
8898033
8905363
8913460
8920351
8930388
8934174
8943814
8959125
8966055
8988789
8993748
8994049
9005087
9009407
9017656
9023634
9039324
9044231
9046879
9052187
9065966
9066454
9066505
9093859
9094445
9107394
9112802
9115574
9120717
9121212
9139499
9141028
9163133
9163264
9168189
9180920
9193506
9194845
9198654
9208730
9230863
9239543
9240284
9267812
9272854
9275191
9283470
9286600
9294315
9306382
9313078
9316074
9329319
9341971
9345100
9345412
9346939
9347475
9348565
9352150
9360750
9371042
9375222
9379015
9385946
9409714
9420679
9426699
9426814
9435370
9461951
9464225
9477362
9487236
9501389
9523921
9531150
9545904
9547202
9555123
9557513
9590982
9593922
9605442
9609155
9613487
9620828
9620984
9622147
9629693
9631655
9639918
9642356
9644520
9647908
9662174
9698737
9699586
9704090
9710369
9712234
9715960
9722093
9733563
9765727
9786788
9792168
9802839
9829437
9843492
9846735
9862168
9875704
9896955
9901542
9909753
9920938
9928259
9971494
9985914
9995616
