22
1852
3739
5082
5536
7111
7666
7770
11331
11478
12024
12470
13905
16011
16068
16980
18529
20410
20491
21099
21452
21991
22783
23843
24813
25185
27014
27258
28066
28431
28543
29525
30998
31920
32029
32292
33127
34648
35167
36597
38809
40517
43485
44637
45911
48275
49321
54040
54119
54279
54570
55915
56051
57053
57830
57895
58522
59307
59634
60128
63819
64026
64649
66654
66875
67243
67991
70131
77317
79090
80085
80616
82570
82706
83156
83797
84070
85247
88461
89805
91285
91644
92695
93254
93452
93612
93814
94217
95925
96509
97005
97360
98597
98867
100837
102297
102796
103403
110107
112392
113942
114116
114705
114759
114921
117155
118264
118463
118920
120245
121450
122061
122776
123010
124937
127517
128527
128730
129028
129608
130346
132316
133052
133630
134267
136856
138951
138996
139312
140193
141725
143617
145375
146277
146489
147256
149626
150431
151678
153591
155181
158005
158786
159006
159094
159973
160382
160643
161623
161870
162099
163185
163774
165014
165139
166174
168386
171526
172306
172326
174736
175413
176726
176996
181698
182510
183710
183948
184129
184281
184408
185125
185981
186319
186748
186755
187448
187839
188730
190452
191320
191549
191737
192728
193254
193926
195639
195692
197571
198272
199069
201232
201241
203276
204368
205339
206166
207564
209048
209147
209406
211452
211714
213470
216241
216800
216814
217287
218392
219718
220474
222974
223179
224148
226782
228629
229819
231948
233559
233969
234155
235849
235865
236580
236716
244076
247704
248816
249470
251043
251131
251221
251429
251585
251895
251951
255159
256843
256930
257282
258069
258318
258476
259729
260487
260751
262531
262953
266084
267665
268591
270210
271456
272767
273609
273749
277093
279294
279773
281458
282506
283579
285868
287205
287329
288722
289262
291190
292394
293415
295141
296468
297835
298048
298321
298504
299669
300643
301007
301649
304028
304456
307411
308014
308033
308878
309033
309523
309805
310681
311015
311158
313625
314740
315754
316853
317131
317327
318320
318484
319796
320775
320812
320854
321316
323748
325171
325386
325819
326454
329518
331341
332510
332684
333231
333442
333555
334254
334472
334649
335125
335624
336338
336980
337618
337665
338188
340029
340207
341109
342887
343685
349733
350319
350660
351156
352688
354699
356387
357038
357203
357445
361830
361833
362367
366517
366994
368269
371565
374048
374590
375842
376224
379298
382035
382396
382935
383259
387177
387417
387602
389360
389411
389879
390852
390906
394613
395165
398329
401242
401851
404598
404916
405232
406472
406908
406997
407573
407804
407866
408953
409243
410592
412659
413495
413783
413912
414312
414418
414842
417126
418476
418979
419022
419467
419565
419702
424048
424802
425761
426749
427646
427987
429357
429878
429906
429924
430102
430199
430361
430469
430833
432331
439386
443248
443613
444033
444557
444929
445503
446499
446843
447015
447174
447196
447824
448573
448831
449503
451072
451661
451814
452039
453625
458418
459020
462170
463060
463061
464337
464931
465354
466544
466567
468110
468693
470800
470831
472067
474511
475648
476151
476572
477482
480333
482840
483848
483930
484740
485710
487489
488182
488376
490489
493635
494292
494484
495316
496009
496429
497116
498533
499269
500963
503228
504051
505885
506577
506585
506900
507581
507748
508225
508318
510064
511636
511781
513718
515165
515916
516369
516998
518078
519727
520235
520800
521318
522575
525237
526427
527371
529469
531959
532115
532397
533583
533754
534313
535274
536846
536850
537313
537751
539505
540183
540603
540841
543958
544911
545021
546912
547325
547453
547618
547989
548426
550154
550684
551551
551908
552869
553533
554051
555816
557165
558567
558686
559625
559803
559960
560610
562339
562861
563494
565188
566283
566760
568423
569283
571096
572791
573247
573273
573588
573718
573920
576438
578265
581693
582978
585142
587135
587150
587235
587278
587922
589095
589720
589762
590145
592463
592488
594641
594772
595875
596711
597452
602744
603070
603190
603669
604821
605760
608081
609371
611211
611533
613192
613829
616726
618690
620882
621928
622136
622281
623767
624548
625208
626206
633577
633949
634449
636720
636978
640281
641219
641925
641951
643191
643459
645422
646109
646323
647321
647730
648682
649854
650243
650973
651155
651338
651391
652050
652379
655161
655395
658028
659275
660310
661269
661666
662255
663997
664261
665085
667722
669255
669575
670443
671871
673983
677324
677372
680112
681193
681287
681544
682133
682221
686417
688220
689688
689787
689788
689936
690148
694494
694955
694997
695299
697236
697356
699808
700830
701016
701246
701968
702743
705201
705754
706475
707002
710420
711260
711675
711968
712239
714440
715736
717154
717880
718434
720206
720527
721058
721097
721531
724374
724468
725707
726460
726542
726893
727277
727719
728012
729000
729896
730341
731317
733027
734732
735243
735538
738332
739820
740220
740350
740899
741182
743203
743244
746640
748203
748464
748885
749321
750537
751076
754704
758020
761473
762202
762823
763414
764008
764538
765590
767244
768331
770669
770683
771015
771305
772167
775609
778060
778328
778361
778376
778450
779311
780057
781082
781102
782596
783111
783714
785220
787457
787687
789192
791095
791855
791958
793071
793316
794192
794259
794814
794849
795075
797063
797590
797683
797730
798493
798580
798836
800098
801042
803752
803861
804031
804395
804786
805946
806932
811077
811149
811559
812794
813996
814738
818450
818804
819406
819607
820133
822994
823458
823917
825159
826717
826854
827015
828222
828343
828750
831368
831406
832217
833460
833493
834058
834273
834601
834943
836125
836273
837432
840374
843187
844386
844839
845098
846192
846398
847024
847087
848258
850573
852568
854025
854083
854115
854245
854792
854792
855402
857792
858999
859023
859899
861420
863288
863293
864185
865583
865770
868562
868755
869610
870354
870698
871388
871645
872313
872404
874860
875870
875956
877734
878303
879223
879567
879861
880236
880589
881135
881826
883601
884165
884665
886017
887451
889049
889743
893228
893853
897224
899271
899429
899916
900640
900855
900923
900984
901659
903000
904211
906407
907811
909695
910519
912479
912506
913790
915045
915274
916961
918974
919780
919813
923291
925939
925988
927056
927175
927959
929492
931136
933777
935436
936189
937761
938837
939029
939806
941003
941071
941830
942730
942859
944595
945666
946617
946833
947116
947451
948337
948343
948737
950901
951165
951547
952853
953554
954216
954677
955607
955801
956611
956673
959865
961445
963788
964010
964490
964998
966604
968576
969017
969362
969681
970033
970612
971145
971559
971671
975739
977055
977450
977700
977766
978652
979090
980061
980273
982093
984213
984293
985452
985819
986458
990410
991332
992261
992353
992748
992955
993037
993874
995034
995165
995817
996085
996740
1000767
1002040
1002753
1003236
1005677
1009002
1009244
1009278
1010073
1011601
1012274
1014091
1014202
1014877
1014903
1015903
1016871
1017256
1017672
1018946
1019045
1022004
1023529
1024021
1024648
1025059
1025614
1026274
1028674
1029558
1030018
1031163
1031632
1033805
1034748
1035010
1036157
1036223
1036226
1040164
1041024
1041058
1044238
1045793
1046022
1047490
1049646
1049790
1049985
1050236
1050650
1050987
1052145
1054233
1054601
1055473
1055889
1056006
1056115
1056380
1056964
1057288
1058315
1058654
1059075
1059096
1059197
1059878
1063196
1063505
1064550
1066987
1068252
1068326
1069779
1071522
1073283
1073851
1074914
1076060
1076261
1076434
1077092
1077612
1078788
1078817
1079960
1082036
1082956
1083014
1083542
1084428
1086004
1087104
1087278
1088910
1089069
1093836
1095314
1096212
1098567
1099556
1105556
1106151
1106179
1106243
1107700
1109322
1110299
1110623
1110767
1110937
1111774
1111952
1112561
1112627
1113270
1115143
1115201
1115323
1115585
1116591
1121219
1123733
1124899
1127528
1129799
1130026
1130612
1131164
1131323
1131498
1132903
1133636
1134088
1135091
1137573
1138031
1138373
1139707
1140244
1141016
1141685
1142277
1142881
1142939
1145793
1145865
1147109
1148338
1148406
1151353
1152834
1152988
1153117
1155085
1156098
1156371
1158004
1159594
1159646
1159679
1159723
1159866
1160666
1160733
1160996
1161359
1163369
1163946
1164358
1165767
1165902
1166366
1166923
1167404
1168109
1172059
1173350
1173374
1177149
1177181
1177886
1178020
1178516
1179403
1180529
1181341
1182807
1184783
1186146
1186671
1187286
1187696
1187804
1188304
1190066
1190759
1191360
1191871
1191978
1192980
1193014
1194162
1194305
1196634
1196775
1198049
1199306
1199308
1199524
1199642
1200249
1200545
1200572
1201865
1202674
1204260
1204462
1204854
1206051
1206214
1206244
1206915
1207341
1208509
1210118
1211450
1212172
1212896
1214120
1215465
1218124
1218758
1219177
1219200
1221145
1221308
1222243
1222418
1223109
1223267
1223884
1224663
1225291
1226351
1227617
1227933
1229746
1230037
1230126
1231622
1231689
1231963
1233022
1233318
1239315
1239757
1240822
1240853
1241652
1242502
1243172
1243779
1245238
1245666
1247035
1248970
1248971
1248979
1251230
1251366
1253350
1253508
1255818
1255910
1256234
1256378
1257201
1257647
1258761
1259016
1259522
1259672
1260379
1261201
1261430
1262740
1265946
1267894
1268805
1269521
1274195
1274682
1275721
1276360
1276460
1278144
1278151
1279341
1279660
1279891
1280215
1280770
1281509
1281518
1284052
1285130
1287452
1287872
1288653
1288728
1289527
1289748
1289807
1289999
1291087
1291595
1291720
1292516
1294984
1295538
1299770
1299771
1301416
1302491
1303101
1303405
1304714
1305231
1306620
1307933
1308840
1309583
1309723
1310051
1311998
1312043
1312441
1313511
1314017
1314456
1315491
1317931
1321263
1321460
1322670
1322724
1325333
1325865
1329025
1329125
1329727
1330345
1330747
1334897
1336808
1336839
1338475
1339241
1339990
1341648
1341894
1342445
1343148
1346155
1347636
1348668
1349339
1349751
1349760
1350570
1350683
1351350
1352576
1353589
1354236
1354412
1355966
1356498
1357605
1358021
1358642
1358692
1359242
1359926
1360216
1362900
1364641
1364825
1366747
1369056
1371240
1371533
1371772
1372973
1372983
1374705
1376191
1377822
1378371
1380343
1380671
1380680
1381170
1381947
1382500
1383746
1383866
1386575
1386845
1387336
1387642
1387822
1388540
1388780
1389774
1390062
1392769
1393923
1394549
1397196
1397417
1401955
1402709
1403019
1404136
1404212
1404244
1404340
1404708
1404790
1406420
1407013
1407297
1407975
1410315
1410604
1411591
1412619
1413581
1414158
1414384
1414549
1414915
1415320
1417133
1419096
1420563
1421032
1421574
1422830
1423324
1423813
1424068
1426044
1427183
1433211
1435458
1435935
1439234
1439870
1441158
1442717
1443105
1443321
1445525
1445651
1445842
1447074
1448072
1448695
1449507
1449777
1451754
1454521
1455319
1455898
1457917
1458384
1458704
1458935
1459007
1459024
1460285
1462878
1463080
1463087
1465504
1465520
1466116
1466637
1466731
1467161
1470642
1471728
1472294
1473352
1474407
1474771
1475968
1476901
1479539
1479581
1481438
1482302
1485202
1485306
1485663
1489237
1489719
1490011
1490623
1491190
1494785
1497484
1498920
1502847
1503045
1503370
1503872
1507941
1508210
1509786
1509931
1510182
1511650
1512723
1513632
1514140
1515533
1515919
1516561
1519063
1519214
1519381
1519977
1525409
1525531
1525541
1526210
1527603
1527684
1529690
1529820
1529975
1530458
1531405
1531450
1532751
1532846
1534907
1535441
1536106
1539188
1542188
1542327
1542865
1545010
1545996
1546738
1551524
1553169
1553738
1554736
1556692
1558034
1562116
1562880
1563104
1563306
1563452
1564084
1564264
1564758
1566805
1569354
1570832
1571102
1571233
1571327
1572451
1572634
1572774
1573261
1577238
1579039
1579559
1581143
1582048
1583885
1585773
1587815
1588757
1589336
1591769
1592956
1593763
1593865
1595560
1596255
1596368
1596888
1597214
1600978
1604632
1606721
1608275
1609979
1610614
1614698
1615662
1616444
1617346
1617438
1618192
1620802
1620962
1621070
1621364
1622052
1623098
1623457
1624002
1624293
1626322
1627629
1628540
1629096
1629144
1634058
1635803
1637157
1637450
1638459
1638758
1639571
1639677
1640739
1642495
1643697
1644443
1645529
1645901
1645905
1647229
1648231
1649318
1649455
1649697
1649861
1652995
1655553
1655620
1657190
1658255
1661006
1661179
1661451
1661676
1661726
1662241
1663833
1665402
1665471
1665893
1666456
1666551
1667057
1667738
1669365
1671832
1672576
1673605
1673848
1675095
1675183
1675445
1675658
1677330
1677605
1678859
1680665
1680770
1682266
1682286
1683195
1683234
1683932
1685081
1685448
1685711
1687488
1688871
1690353
1690678
1695994
1698244
1699742
1700264
1700659
1702868
1704349
1704401
1704422
1704988
1706283
1707353
1707808
1709077
1712175
1712245
1714187
1714615
1715282
1715457
1716261
1716676
1717729
1723269
1725364
1726804
1728576
1730315
1730987
1731217
1732887
1733178
1734768
1736507
1737428
1737596
1738074
1738099
1738855
1739732
1743944
1744542
1746826
1747172
1748140
1748507
1749470
1750922
1751084
1751963
1754682
1754771
1755061
1755185
1755230
1755248
1755854
1755858
1756228
1756888
1757806
1761505
1761803
1762456
1764023
1766196
1766386
1766925
1767102
1767199
1767603
1767628
1769868
1771088
1771479
1773063
1773182
1773394
1774368
1774499
1774898
1776341
1776461
1779749
1781356
1782354
1783164
1783808
1784980
1786087
1788667
1790650
1791644
1792471
1794093
1794163
1794554
1794785
1795839
1796407
1797235
1797872
1801522
1801764
1803210
1805286
1805474
1806401
1806430
1807308
1807648
1808150
1809332
1809645
1810503
1811257
1813792
1813938
1814277
1814683
1814714
1817692
1818042
1818847
1821415
1821855
1822159
1822932
1823827
1824687
1824730
1825351
1826384
1826464
1826626
1828981
1830540
1830944
1834199
1834255
1834631
1835975
1838776
1838951
1839207
1839414
1839444
1840396
1842230
1842794
1842861
1843027
1843567
1843586
1845113
1846636
1846928
1849410
1851704
1851999
1854778
1854821
1857835
1858339
1861154
1861560
1864466
1865553
1865570
1868088
1869632
1869884
1871048
1872213
1872717
1872837
1874973
1877448
1878131
1879852
1880302
1881041
1882203
1884718
1885135
1885495
1885559
1886333
1887934
1889610
1894923
1895032
1895718
1895836
1895854
1895908
1897807
1899577
1899809
1901430
1907045
1907238
1907433
1908961
1909594
1910494
1911047
1911484
1912671
1913220
1913408
1915531
1915813
1916019
1916942
1918495
1921906
1922504
1924083
1924242
1925193
1925403
1927248
1927607
1929578
1930420
1931002
1933294
1933611
1934725
1935712
1936037
1936596
1937142
1937928
1938698
1938715
1940470
1940860
1941117
1941851
1943496
1947486
1947897
1948035
1948225
1950082
1950321
1952677
1953482
1954011
1954036
1954568
1955053
1957438
1958774
1960348
1961430
1961586
1961602
1961743
1962808
1963004
1964834
1965204
1965531
1966257
1966330
1966433
1967203
1969172
1970253
1971941
1975676
1977053
1979523
1981345
1983615
1984126
1986809
1990669
1990730
1990787
1990867
1991771
1993082
1994504
1994647
1995652
1996208
1997399
1999221
2003728
2003980
2004251
2004970
2006215
2007564
2007882
2007936
2010850
2011010
2012443
2014722
2016530
2016897
2017042
2017095
2017800
2018917
2021819
2022021
2022447
2024220
2024604
2028386
2029566
2030086
2030120
2033026
2033217
2033989
2034316
2035139
2035435
2038224
2038559
2038658
2039255
2041132
2041620
2042582
2043543
2044374
2046249
2048103
2048186
2049105
2049212
2049359
2049816
2050119
2050166
2052489
2052675
2053744
2054430
2055356
2055555
2056493
2057495
2057661
2059682
2062512
2063039
2063904
2064599
2068548
2068550
2069957
2070341
2071623
2071752
2071793
2072403
2073163
2076425
2076712
2077285
2078164
2080276
2081294
2083365
2087780
2087885
2089567
2089935
2094144
2094333
2094518
2096973
2097302
2097329
2101101
2101214
2102287
2102392
2102953
2106135
2107196
2107879
2107927
2107977
2108342
2110908
2111517
2112535
2112994
2113185
2113202
2113514
2113960
2114706
2115292
2115447
2115575
2116376
2117031
2118392
2119378
2119959
2120301
2121793
2123055
2123256
2123559
2125208
2127965
2128702
2130133
2130509
2130942
2132050
2133939
2134347
2135428
2137046
2138758
2140556
2141887
2142064
2142413
2143718
2147013
2147722
2148926
2151352
2152745
2153250
2153254
2154246
2156214
2157474
2158683
2158822
2159149
2159375
2160147
2160694
2161933
2162049
2163361
2164015
2166011
2167743
2168227
2168891
2169340
2169550
2169602
2173064
2174004
2174238
2174572
2174878
2175901
2176632
2177906
2178153
2179700
2179976
2180286
2182056
2183210
2183436
2187049
2187967
2188838
2188856
2189715
2191874
2191909
2194759
2195227
2196698
2197107
2197899
2198218
2199465
2199469
2202709
2203888
2205487
2206856
2208586
2208841
2208925
2208966
2209441
2209459
2211579
2212870
2216243
2216736
2217716
2219595
2220083
2221030
2221592
2222119
2223232
2223669
2223855
2224488
2224761
2224896
2225221
2225259
2228383
2228815
2229686
2230046
2230904
2231168
2231346
2232645
2233152
2233724
2233873
2234579
2236384
2236580
2238353
2238565
2239839
2241165
2241312
2241533
2242061
2244077
2244656
2245750
2246185
2247241
2247463
2248302
2250294
2251382
2251758
2254736
2255829
2255996
2256592
2257459
2257748
2258424
2259198
2259203
2260166
2260448
2262895
2264912
2265006
2265120
2265442
2265681
2265733
2268915
2271107
2272679
2273597
2280181
2284222
2284827
2285372
2286846
2287543
2288490
2290039
2290592
2293241
2293654
2295158
2296129
2296699
2299233
2301133
2302033
2303007
2303137
2303397
2303492
2305087
2305090
2305290
2305381
2306415
2306872
2307822
2308274
2309913
2315728
2319577
2319578
2320327
2320573
2322761
2323088
2323390
2324527
2324709
2325590
2325967
2328437
2328483
2329260
2330858
2331554
2332824
2333383
2333606
2333774
2334208
2335876
2338389
2339502
2340201
2340857
2343892
2344716
2345108
2345664
2345868
2347616
2348156
2348787
2349268
2349623
2351421
2354801
2356209
2356496
2357321
2357845
2357909
2361062
2361543
2362400
2363561
2363821
2364138
2364274
2365016
2365058
2365238
2365548
2366103
2366794
2367386
2369600
2370001
2371077
2371118
2371285
2373519
2373603
2374366
2374515
2376970
2377607
2377766
2378816
2381297
2384728
2385575
2385821
2387075
2387322
2387408
2388172
2389636
2392092
2392798
2393361
2395176
2396169
2397053
2397279
2398900
2400108
2402247
2402317
2404537
2405113
2406260
2406964
2407147
2408430
2408565
2410417
2411343
2413673
2414778
2415231
2415345
2415972
2416164
2418294
2418382
2418838
2419997
2420296
2420626
2422587
2423550
2424534
2425992
2426091
2427680
2429664
2429919
2430350
2430633
2431183
2431753
2432302
2433366
2439176
2440819
2443375
2445659
2445893
2451073
2451769
2453115
2453478
2453494
2455610
2455699
2459450
2459507
2460055
2461301
2461664
2462874
2463295
2466274
2467271
2467395
2469797
2470933
2471228
2471488
2473466
2475503
2475617
2475863
2477882
2478115
2478503
2478589
2479166
2479211
2479245
2479563
2479950
2479963
2481885
2483215
2483958
2485353
2486622
2488682
2489984
2490463
2490667
2492339
2492502
2493637
2493937
2495819
2495901
2496550
2498007
2498572
2499062
2499393
2500843
2504204
2505275
2506673
2506746
2507195
2507327
2507340
2507554
2509946
2510997
2511206
2512177
2512668
2512841
2513231
2513828
2514627
2515828
2516258
2517067
2517817
2519269
2523079
2523227
2525325
2525675
2526570
2526648
2527963
2529074
2529348
2529714
2530138
2532605
2533550
2533797
2534049
2534209
2534743
2535059
2537162
2544765
2545320
2545709
2547246
2547563
2549010
2549409
2551367
2551496
2551906
2552176
2552683
2552915
2553015
2553367
2554050
2555829
2556237
2556465
2556953
2557348
2557519
2560318
2560776
2560826
2561059
2561538
2562946
2563064
2563835
2564253
2564601
2565185
2566114
2567000
2567740
2570567
2571105
2572103
2572361
2572472
2572577
2573140
2573271
2577468
2578183
2578375
2578618
2580167
2580594
2580778
2581980
2583297
2583427
2583678
2584153
2584332
2588186
2588817
2590011
2590748
2591552
2592412
2593769
2594078
2594746
2597111
2598227
2599515
2600604
2601048
2601177
2601434
2601639
2604607
2605924
2606124
2612862
2613210
2613295
2614519
2614786
2618736
2618923
2622688
2624896
2624896
2624945
2625096
2627285
2627714
2627831
2629724
2630117
2630912
2630964
2631608
2632662
2634554
2635020
2636610
2636682
2638028
2638329
2638718
2641494
2642408
2649547
2649574
2652818
2653397
2654563
2654601
2655916
2656380
2657409
2657527
2657751
2658486
2658693
2659529
2663784
2664100
2666806
2667057
2667367
2668146
2668953
2668987
2669013
2670702
2671533
2671645
2672068
2672896
2672979
2673391
2673591
2674869
2675167
2675536
2676893
2679394
2679979
2685569
2685886
2686389
2686483
2686896
2688841
2690062
2691397
2691678
2692206
2692678
2693729
2695061
2695167
2695878
2697308
2698603
2698825
2701611
2701970
2702504
2702901
2702902
2703162
2703962
2704982
2705499
2707058
2708603
2708636
2708640
2708662
2708967
2711769
2711982
2712343
2713312
2713505
2714339
2715130
2715467
2715633
2716364
2716428
2719371
2719812
2720821
2721915
2724049
2724050
2726804
2728188
2729716
2731982
2733911
2734713
2735278
2735308
2737457
2737510
2738512
2740223
2742066
2743231
2743928
2745012
2746494
2747826
2751253
2752639
2753060
2755945
2758676
2761275
2762018
2762657
2763183
2764281
2766309
2766781
2767442
2768185
2768510
2768519
2768604
2768818
2768883
2769242
2769369
2770000
2772247
2772361
2772659
2772903
2772964
2773493
2775691
2776532
2777062
2777124
2780190
2781474
2781574
2782798
2786187
2789162
2789367
2789546
2789731
2790808
2791259
2792456
2792881
2793591
2794852
2795424
2796553
2796864
2797296
2798617
2800123
2802092
2803623
2806678
2806870
2808873
2809658
2810403
2810450
2810745
2813576
2816039
2816611
2817722
2820642
2821503
2822438
2822493
2822929
2823256
2824932
2826141
2827119
2828216
2828726
2828832
2829595
2830453
2832748
2833002
2834623
2834638
2834782
2838252
2838626
2839632
2839714
2840286
2840558
2840667
2840919
2841734
2844124
2844897
2845523
2845549
2847596
2847706
2849138
2849255
2851403
2853796
2853981
2854570
2854713
2855920
2856011
2858133
2858363
2858722
2858996
2859529
2862452
2862739
2863036
2864876
2866102
2866226
2867204
2867985
2869834
2870819
2872937
2877204
2877310
2877417
2879552
2881314
2885603
2886492
2886916
2887647
2887924
2889481
2890224
2891770
2892274
2892945
2894155
2894693
2895884
2895949
2897058
2897715
2898291
2899850
2902661
2902720
2903311
2904149
2904764
2907413
2908020
2910986
2912537
2912860
2913077
2913603
2913765
2914229
2914688
2914798
2916592
2917203
2922844
2923954
2924350
2924658
2924697
2924870
2926156
2926728
2929473
2930851
2930934
2931175
2932604
2934054
2937257
2939777
2940841
2941928
2943513
2943874
2943935
2946220
2946344
2946618
2948289
2948795
2951265
2955043
2955371
2955498
2955590
2957209
2958503
2959413
2961449
2964975
2965371
2966409
2966848
2968004
2968063
2968109
2970113
2972732
2973783
2974027
2975130
2975893
2975966
2977250
2978216
2978632
2978646
2978950
2979406
2979559
2980509
2980955
2982319
2982896
2984027
2984112
2985520
2986485
2987163
2988167
2988885
2990601
2992219
2992354
2992441
2993532
2993581
2995003
2997682
2999895
3002821
3003040
3003568
3004332
3005393
3005762
3006679
3009934
3010226
3012101
3013662
3013828
3014092
3014331
3015162
3015760
3015963
3016599
3017813
3017870
3018809
3018911
3019250
3019483
3020341
3020917
3021069
3021732
3023550
3024159
3024342
3024490
3026339
3026878
3027036
3027644
3027878
3028436
3030100
3030700
3032513
3033981
3035568
3036504
3037050
3037206
3039343
3040149
3042670
3043100
3043809
3046650
3047427
3048642
3049212
3051616
3052768
3053205
3053638
3055179
3055643
3055806
3056793
3060056
3061349
3061388
3061883
3063257
3063821
3064642
3065123
3065251
3065326
3065415
3067960
3068529
3068924
3069845
3069927
3070247
3071192
3072505
3073869
3075048
3075158
3076323
3078265
3078963
3081122
3081850
3082007
3083471
3084780
3085113
3086770
3087175
3087804
3088525
3089559
3091186
3091366
3091569
3093054
3096390
3096984
3097030
3097638
3097789
3099207
3100112
3100528
3102099
3105664
3112537
3112723
3116483
3117282
3119109
3120776
3120881
3121228
3121816
3123259
3124219
3125187
3126061
3128523
3129414
3131288
3131598
3133119
3134117
3134925
3137320
3138415
3138848
3142917
3144437
3145968
3145987
3146171
3147218
3147987
3148364
3148577
3150482
3152588
3161287
3161984
3162341
3162824
3165067
3165666
3166083
3166794
3168731
3168878
3169604
3169794
3170757
3171283
3172546
3172946
3176702
3176845
3178374
3179375
3179376
3180523
3181798
3183052
3184716
3186146
3187399
3188672
3191092
3193518
3196186
3197636
3197926
3198810
3201083
3201984
3202352
3202702
3203256
3203309
3204551
3204910
3205607
3207083
3208088
3208539
3209008
3210825
3212781
3214082
3214551
3215217
3215728
3216137
3217615
3218218
3219904
3219999
3220043
3222509
3222677
3222842
3222930
3223378
3224855
3225027
3225030
3227036
3228343
3228596
3228751
3229051
3229580
3234156
3235044
3235318
3236034
3236323
3237322
3237576
3237651
3239721
3240283
3243923
3245668
3246233
3246633
3249760
3250453
3251087
3251408
3251554
3251645
3253721
3254212
3254808
3255333
3255697
3256109
3257836
3258798
3259562
3259846
3260476
3263094
3263666
3263669
3264206
3267952
3269161
3271085
3271204
3271303
3272995
3273059
3273864
3277246
3278570
3279865
3280968
3281339
3281715
3284130
3285312
3285830
3286265
3286312
3287784
3287836
3288673
3291014
3291229
3293188
3294173
3295820
3297349
3297981
3298142
3298490
3298678
3299295
3299630
3299990
3300228
3300376
3300472
3300508
3300724
3301133
3301273
3303180
3303527
3306043
3308262
3310297
3311117
3313462
3313826
3313862
3314469
3315253
3315274
3315876
3316445
3317559
3317659
3320964
3324097
3325985
3326276
3326354
3326721
3326926
3328603
3329998
3330262
3330395
3330451
3330618
3332153
3333292
3333394
3334628
3335370
3337722
3338373
3339795
3340317
3341200
3342044
3342999
3344262
3344565
3345579
3346639
3348088
3348965
3349699
3350547
3352319
3354048
3355046
3356349
3357307
3357379
3358017
3360308
3360747
3361131
3362892
3362959
3363785
3363910
3365064
3372103
3372365
3376423
3377505
3379192
3380038
3381533
3383117
3384692
3385355
3386108
3387271
3387454
3389316
3390333
3391934
3392960
3392995
3393834
3394068
3394273
3396076
3398374
3399895
3401898
3404129
3404853
3405976
3407230
3408138
3412005
3412184
3413618
3414061
3414605
3414685
3415645
3416524
3416589
3417023
3417052
3417457
3421216
3421961
3423691
3424984
3425050
3425066
3426006
3426170
3426960
3429382
3430092
3430792
3432892
3436521
3440700
3442209
3442232
3442377
3443915
3445540
3447891
3448955
3449914
3450127
3450484
3451189
3451727
3452326
3454312
3454356
3455148
3455152
3455776
3455898
3455980
3456357
3456710
3457903
3457974
3460274
3460448
3462651
3463787
3463827
3464455
3466973
3467266
3467775
3471420
3471954
3472972
3473464
3473659
3474499
3474652
3474660
3475187
3475516
3475647
3476668
3476707
3477952
3479488
3479586
3479615
3482184
3483216
3486904
3488173
3489272
3490020
3490580
3491028
3491984
3492892
3493338
3495172
3495186
3495509
3496775
3497030
3498196
3498910
3499656
3503557
3505195
3505569
3505933
3506149
3509688
3510494
3511231
3511409
3511495
3518177
3518453
3519465
3519829
3520200
3523652
3524517
3525382
3525546
3525774
3525900
3526194
3527694
3529752
3529756
3531394
3531866
3531963
3532068
3532686
3533423
3534890
3535379
3536900
3537700
3537803
3538223
3539107
3539490
3542711
3545597
3545951
3546252
3546635
3546779
3548651
3548944
3549170
3549379
3549668
3550877
3551605
3552562
3553600
3554225
3556716
3558629
3559857
3560827
3561167
3562019
3562965
3564607
3564810
3565347
3566955
3568379
3568872
3570403
3571071
3571280
3572003
3573618
3577397
3578191
3578256
3580114
3581735
3582650
3583326
3585040
3585082
3586359
3586403
3586601
3586976
3586978
3587300
3587673
3587915
3588073
3588253
3588273
3588541
3589098
3591720
3594586
3594652
3594834
3595013
3595887
3595909
3599104
3599113
3601561
3603377
3604195
3608210
3610300
3610437
3611158
3612530
3613821
3613839
3614601
3614725
3620243
3620480
3620491
3620507
3620722
3621111
3621614
3622386
3623343
3623349
3625048
3625184
3625818
3626940
3628610
3628860
3630190
3631973
3633052
3634395
3635061
3636555
3639301
3639832
3639851
3640929
3641169
3642758
3646010
3647078
3647710
3647826
3649145
3650703
3650904
3652310
3652562
3653369
3654175
3655374
3655455
3656033
3657880
3658802
3659844
3659944
3664536
3665364
3665414
3666086
3668608
3669279
3670754
3672258
3672306
3673384
3674787
3675672
3678177
3678363
3680526
3681141
3682604
3683202
3683312
3683770
3687083
3687553
3688483
3688547
3690625
3690784
3691144
3691738
3692803
3693411
3693625
3696252
3696341
3697580
3699340
3701769
3702277
3704507
3704735
3704925
3705858
3706288
3706463
3707644
3708750
3710815
3711108
3713133
3713511
3714044
3714761
3715060
3716416
3717739
3720721
3721821
3723534
3723555
3723625
3725556
3726650
3727056
3727746
3727904
3727997
3728047
3728973
3729963
3730074
3730549
3730661
3730912
3734561
3735058
3735184
3735875
3736182
3737437
3738251
3739807
3740287
3740289
3741250
3742040
3743221
3744625
3744763
3744957
3744984
3746374
3746396
3746592
3749294
3751898
3752184
3752661
3752815
3755322
3755460
3756153
3756269
3756309
3756429
3756932
3756968
3757079
3757535
3757923
3758368
3759113
3759915
3760933
3761105
3761733
3762152
3764359
3764824
3765016
3765224
3765937
3766725
3766979
3769248
3771076
3772802
3773045
3775046
3775048
3775483
3775739
3777184
3778594
3780314
3780783
3783582
3783630
3785311
3787832
3788762
3791164
3792691
3793532
3794382
3795821
3795833
3799016
3799362
3799923
3801620
3801734
3802359
3802687
3804041
3804205
3804743
3805083
3807669
3808311
3808979
3810289
3810566
3811102
3811432
3811711
3811792
3812538
3815871
3816341
3816756
3817299
3817430
3817463
3817876
3819642
3819989
3822926
3824068
3824621
3825440
3825666
3825910
3825929
3827659
3830164
3830349
3831487
3832088
3832379
3833940
3834728
3835044
3835234
3835405
3838318
3838509
3839974
3840308
3841359
3841705
3841872
3846900
3847500
3848394
3848959
3849825
3849901
3850315
3850318
3851431
3855225
3858011
3858954
3859072
3859777
3860287
3863813
3864039
3864655
3865425
3865525
3865671
3865775
3866645
3866841
3867010
3868805
3869794
3870568
3871540
3874203
3875685
3878582
3878629
3879627
3880482
3881177
3882154
3882477
3884269
3886845
3888419
3888569
3889231
3889551
3889693
3890609
3894400
3894797
3895731
3898139
3898936
3900300
3900747
3903723
3904090
3906439
3909407
3910040
3912237
3912308
3912629
3916707
3917438
3918288
3918326
3919799
3923436
3923573
3927529
3928776
3928859
3929312
3929846
3929978
3930631
3931263
3933264
3934150
3934913
3935031
3939537
3939570
3940929
3941014
3941351
3941395
3941441
3943218
3945244
3945888
3946121
3946446
3947756
3948101
3948498
3948789
3949144
3949565
3951491
3952022
3952399
3953341
3953973
3954221
3955819
3957830
3959768
3960023
3960152
3961765
3963388
3964155
3964249
3964433
3965017
3965172
3966028
3966208
3969853
3971123
3972667
3972956
3973819
3974068
3974540
3974600
3977502
3977849
3980189
3982360
3982584
3986039
3986416
3987038
3987051
3987727
3991143
3992034
3993721
3995014
3995020
3995873
3998579
4000401
4001135
4001749
4002092
4003071
4003858
4003961
4004231
4004423
4004485
4005834
4006002
4007186
4007676
4008576
4009789
4010185
4013032
4015329
4016802
4018673
4019020
4019286
4019379
4022282
4022356
4022549
4024029
4024225
4024348
4025063
4025514
4026994
4027720
4028584
4030168
4031128
4032170
4033173
4034788
4035789
4037754
4040458
4040621
4041690
4042798
4043997
4047118
4047721
4048425
4048477
4049033
4049091
4052156
4052235
4052402
4053764
4054321
4058658
4060245
4060434
4061252
4061276
4062443
4064894
4067493
4069934
4070779
4074193
4074663
4074714
4076515
4078002
4078606
4080760
4081684
4082245
4083800
4087146
4087682
4087742
4088861
4088932
4090741
4092845
4094451
4095373
4095386
4095881
4097919
4099050
4099187
4099917
4100428
4103226
4103490
4103758
4103803
4104540
4106319
4108988
4109446
4110184
4110282
4111109
4112268
4113531
4116909
4117485
4119854
4120430
4120463
4120825
4120969
4121319
4123069
4123352
4124203
4124765
4124766
4124886
4125925
4127614
4127835
4128123
4128249
4128581
4128788
4131027
4131557
4132272
4132806
4132908
4135233
4135481
4135760
4137613
4138959
4139778
4140710
4140834
4141965
4143431
4145190
4145535
4147208
4148035
4148161
4148301
4148316
4148445
4150519
4151149
4154311
4155334
4155832
4157382
4159237
4159262
4160156
4160618
4161038
4162902
4164391
4164421
4165381
4165519
4167019
4168441
4168653
4169312
4169767
4170663
4171055
4171859
4172219
4172313
4172485
4174479
4175966
4178442
4179337
4179603
4180773
4181258
4181810
4182007
4182622
4183201
4183771
4184254
4184380
4185140
4185223
4185325
4185666
4188356
4189756
4192108
4193969
4198097
4201770
4202954
4204073
4204243
4204643
4204847
4205055
4206265
4206282
4206881
4207217
4207445
4207552
4208382
4210177
4210306
4210398
4212605
4213476
4215563
4217800
4218688
4218891
4219695
4219873
4223567
4223976
4224344
4224649
4224732
4225095
4225649
4226193
4226289
4227054
4227601
4228117
4228372
4229091
4231180
4233318
4233783
4234186
4235683
4235983
4237504
4238272
4238513
4240587
4242751
4246641
4247914
4249771
4250440
4250928
4251220
4251667
4253353
4254307
4254745
4255535
4256392
4256469
4256802
4258532
4260931
4261637
4262437
4262769
4263279
4263745
4264187
4264372
4265692
4265834
4267540
4267844
4269749
4269760
4269928
4272654
4273028
4275090
4275442
4275525
4276355
4278281
4278447
4279982
4280409
4280645
4281125
4281532
4282153
4282772
4283559
4284757
4285070
4285827
4286809
4289407
4289990
4291788
4291789
4297009
4297081
4302779
4303811
4304380
4305035
4305251
4307010
4307346
4308257
4309982
4310520
4310797
4312379
4312467
4313582
4316669
4317588
4318796
4320448
4320921
4321999
4322827
4323936
4324818
4326314
4326383
4327342
4327484
4328888
4329144
4330092
4331152
4331243
4332804
4333706
4334745
4334945
4336217
4337948
4338143
4340580
4341752
4342019
4342200
4342951
4351495
4352344
4352978
4354110
4356229
4356684
4357600
4359784
4362087
4365331
4366908
4368425
4368638
4369041
4370843
4371291
4374021
4376459
4380933
4381214
4382511
4382581
4382711
4384388
4384448
4384879
4385918
4386714
4387746
4389402
4390481
4390801
4391371
4392565
4392690
4393868
4394103
4397023
4397437
4398683
4398899
4399510
4400026
4400753
4401254
4402538
4402691
4403878
4403919
4404702
4405838
4411074
4411547
4417694
4417698
4421435
4422029
4422207
4423370
4423533
4423568
4424780
4424794
4425536
4425818
4425987
4427319
4427776
4428197
4428924
4431110
4431440
4433121
4433721
4435047
4435771
4436640
4439051
4439368
4439666
4443220
4443272
4443438
4445522
4446801
4447329
4448379
4449113
4450014
4450925
4451763
4452136
4452400
4454242
4456757
4457505
4458761
4459360
4459430
4460105
4460484
4461925
4462607
4463334
4467626
4468907
4469317
4470344
4470591
4472212
4474036
4474116
4476873
4477285
4478695
4479112
4479518
4479641
4480900
4481925
4482215
4483177
4485446
4485718
4487471
4488631
4489513
4490368
4491575
4492650
4492951
4493241
4494211
4494679
4495780
4495906
4496070
4497348
4498530
4499351
4500553
4502138
4502349
4502505
4503357
4503887
4504262
4505552
4506433
4508351
4510592
4511075
4511076
4512489
4512617
4512799
4513257
4515744
4517983
4518332
4518792
4519863
4522790
4523812
4523931
4525090
4526901
4527036
4528020
4529450
4530257
4530263
4532440
4533334
4535850
4536684
4538222
4538462
4539691
4541046
4541776
4544617
4544668
4544983
4547328
4547774
4548021
4548258
4548690
4551752
4552587
4553253
4554536
4554856
4555090
4556610
4557314
4559242
4559464
4559495
4559512
4560710
4562165
4562930
4564870
4565423
4567494
4568240
4570916
4571383
4572020
4572116
4573496
4575370
4580890
4584229
4584278
4584456
4584533
4585936
4587261
4588220
4588802
4590045
4590104
4591173
4591766
4591887
4593925
4593944
4594076
4595206
4597133
4597162
4597670
4598676
4599567
4600383
4600501
4601485
4602159
4603042
4604140
4605766
4606117
4607949
4608750
4610342
4612425
4613143
4613572
4614078
4614548
4615189
4615317
4615640
4615869
4622553
4622789
4623871
4624021
4625085
4625737
4625942
4629876
4631062
4631579
4634049
4634367
4634628
4635068
4636365
4636509
4636610
4636660
4639217
4641281
4641756
4643733
4644315
4645100
4645893
4646723
4646882
4647438
4650780
4652468
4653512
4653642
4653862
4654049
4656055
4656617
4657333
4660131
4661405
4661763
4663683
4665097
4667381
4667710
4670183
4670681
4672757
4674319
4675458
4675825
4676895
4678592
4679633
4681065
4681651
4682540
4682831
4683513
4684514
4684571
4684789
4685025
4685196
4687203
4687879
4688694
4688771
4688777
4689277
4689330
4689470
4690607
4691090
4691268
4691343
4691606
4692758
4694826
4695740
4698007
4698403
4698559
4699519
4700857
4701792
4703292
4705605
4706034
4706523
4708634
4714013
4715804
4716301
4717618
4719033
4719833
4720451
4720592
4721158
4722300
4722975
4723076
4723865
4725531
4725779
4727469
4728100
4728703
4729220
4729575
4731727
4733248
4734661
4734828
4734929
4735020
4735879
4735886
4735891
4736120
4736489
4738649
4740069
4740918
4741199
4742631
4742844
4743137
4743483
4743660
4744242
4744735
4745290
4746896
4747774
4748333
4749728
4750655
4750734
4750747
4752384
4752760
4753352
4753903
4755501
4756126
4756910
4756914
4757100
4758742
4759204
4760210
4764255
4766160
4767252
4767377
4767440
4768522
4768943
4769225
4770617
4770628
4770729
4770764
4772374
4772634
4773231
4775405
4777214
4777639
4779018
4779483
4779922
4780018
4783140
4783143
4783868
4784370
4785902
4787481
4787920
4788352
4788539
4788898
4789348
4790670
4791329
4791753
4791781
4793986
4801166
4801249
4801254
4802627
4803633
4804453
4806397
4808246
4808392
4808583
4809936
4812779
4815528
4816323
4817369
4818567
4823407
4823833
4824539
4824765
4824928
4825342
4825884
4826752
4827158
4827474
4827826
4828092
4829975
4831903
4834037
4834656
4834998
4837384
4838516
4839680
4840766
4840777
4840984
4841295
4842793
4843479
4844360
4844970
4849507
4851720
4852552
4853204
4853407
4854646
4856821
4858693
4863148
4863180
4863785
4864702
4865097
4866538
4868148
4869587
4870295
4870306
4870620
4872179
4872254
4872423
4873090
4873700
4878841
4880091
4881929
4883115
4883126
4883331
4883561
4885509
4886534
4888719
4888913
4890259
4891129
4891246
4891519
4891588
4891945
4892348
4894210
4894749
4895284
4895918
4896039
4896930
4896952
4897861
4900464
4903544
4904046
4905117
4905201
4905826
4906018
4906139
4907253
4907435
4907988
4908013
4908135
4908797
4911107
4913203
4913430
4915872
4917097
4917459
4919502
4920560
4920865
4921062
4923292
4923571
4924070
4924974
4925500
4926135
4926469
4926740
4929199
4929948
4930860
4931187
4931756
4932682
4933248
4934376
4935441
4937439
4938529
4940381
4942065
4942582
4942591
4942858
4943066
4944424
4944794
4944889
4945299
4945780
4945857
4947105
4947914
4950968
4951209
4951273
4952844
4953620
4953969
4955864
4958966
4959254
4959843
4962319
4964369
4964590
4965424
4966598
4968830
4969195
4969749
4970283
4971850
4972151
4973250
4973986
4974164
4974342
4976782
4977614
4980251
4982747
4984910
4985012
4985485
4986840
4986890
4987531
4988076
4988149
4989868
4992021
4992305
4993241
4996340
4998578
4999877
5001156
5002092
5002557
5002677
5006874
5007235
5008716
5010872
5011517
5011575
5011825
5012653
5015565
5017108
5021211
5023846
5024743
5025435
5025944
5026558
5026836
5028666
5029221
5031281
5031958
5034854
5035069
5035262
5035711
5037545
5037743
5039903
5043027
5043751
5044961
5047173
5047896
5047917
5048283
5048533
5050069
5050779
5051574
5051898
5053339
5054897
5055189
5055905
5056102
5056266
5058794
5059195
5061156
5061235
5061509
5061857
5062410
5062757
5063267
5066721
5068876
5071022
5075253
5076013
5076185
5076239
5076919
5078131
5081370
5081787
5082868
5083819
5083920
5084594
5085665
5085802
5087074
5088226
5088337
5090079
5092368
5092827
5092984
5093484
5094721
5095942
5097120
5097346
5097525
5099578
5100057
5100599
5101620
5101646
5101791
5102178
5105368
5105611
5105964
5106896
5107278
5107313
5107334
5107604
5107863
5108958
5110277
5111716
5113267
5116850
5119520
5120820
5123023
5124366
5124802
5124908
5125454
5125814
5126586
5127871
5132429
5133097
5133657
5134722
5136956
5141848
5142718
5145123
5146777
5147363
5149106
5150265
5150898
5153254
5153754
5153768
5154722
5154747
5156166
5156383
5157987
5158070
5158463
5158881
5160216
5161708
5162437
5162516
5167632
5167854
5167877
5168508
5168917
5168947
5169587
5171175
5172411
5173341
5173362
5174233
5174976
5175010
5175123
5175974
5177375
5177915
5180053
5180407
5183042
5183528
5184621
5185239
5185647
5188888
5189276
5190481
5190624
5190847
5191118
5192125
5192642
5192967
5192987
5193150
5196074
5196176
5196411
5198728
5199662
5201026
5204604
5206327
5206846
5207357
5208579
5208628
5208656
5209395
5210263
5210693
5210708
5211583
5212487
5213371
5213445
5213792
5214884
5214976
5217240
5217259
5217799
5219327
5222937
5223137
5223588
5225307
5225896
5227971
5229292
5230120
5230914
5234311
5236152
5236979
5237309
5240721
5241006
5241365
5241470
5242065
5242094
5242182
5242236
5242841
5245310
5245939
5246207
5247344
5247623
5247631
5247720
5247771
5248588
5248711
5250957
5253724
5253938
5254566
5256597
5256731
5256773
5256874
5257129
5257257
5257825
5259139
5259427
5260481
5264477
5264976
5266043
5266835
5267260
5267905
5267994
5268144
5269637
5269776
5270426
5272792
5273765
5273789
5275987
5276649
5278073
5278100
5280080
5280274
5280673
5280737
5280974
5283079
5283451
5287859
5288337
5289045
5289233
5290278
5290995
5293540
5294285
5296690
5299873
5300099
5300261
5300288
5300453
5300876
5300880
5301601
5303217
5303483
5304696
5307488
5308723
5309521
5309790
5310949
5311758
5313946
5317256
5317799
5318180
5318325
5319038
5319120
5321529
5323322
5323701
5324491
5324719
5325420
5326519
5326627
5326925
5327117
5327128
5327556
5332574
5333887
5335014
5335524
5335892
5339429
5340059
5341090
5343231
5343810
5343872
5343978
5344820
5346384
5346718
5348874
5352485
5352561
5353152
5353837
5356773
5356888
5357444
5358142
5360409
5360961
5360984
5361101
5361177
5361991
5364135
5365906
5367345
5367449
5369596
5370217
5373227
5374022
5374288
5374435
5374775
5374825
5375576
5375594
5375883
5378095
5379533
5380116
5381399
5381808
5381832
5381845
5382707
5383532
5384419
5384911
5385853
5387766
5388295
5389755
5389932
5390106
5390605
5392150
5394809
5395273
5399797
5399995
5400181
5400760
5401577
5402583
5403098
5405667
5407668
5408467
5409683
5411498
5411747
5413906
5413918
5414050
5414306
5416084
5416270
5417779
5418425
5420252
5421093
5422012
5423021
5423436
5423897
5425726
5427122
5427162
5427454
5427861
5430148
5433190
5433506
5434036
5435005
5437083
5438312
5439623
5441123
5442772
5444721
5445467
5446596
5446924
5447465
5449097
5452086
5453736
5455070
5455645
5456221
5456310
5457299
5457452
5459567
5460192
5461883
5462679
5463650
5467342
5472093
5472163
5472443
5474290
5476294
5481389
5483133
5484137
5484256
5484720
5484891
5485717
5486686
5486711
5489487
5489500
5490328
5493123
5493948
5494186
5495942
5497710
5498176
5498338
5498971
5499112
5503195
5504509
5505471
5505742
5507220
5508332
5508614
5510226
5510639
5510991
5513016
5514015
5515147
5515285
5519398
5519471
5522844
5522951
5524820
5525797
5525979
5526504
5527264
5528764
5528873
5530392
5533018
5534157
5535529
5535725
5536342
5536660
5538464
5542494
5542950
5545828
5546596
5547276
5548029
5548278
5550793
5551136
5552139
5552483
5552591
5552720
5553193
5553502
5554542
5555616
5556464
5558481
5558782
5559029
5559722
5561244
5561458
5561535
5561890
5562068
5563551
5563711
5565105
5565648
5567332
5569001
5569900
5570263
5570374
5570878
5571257
5571789
5572392
5573425
5573591
5575115
5576161
5576407
5576880
5578481
5579982
5580952
5581957
5582258
5582825
5585178
5586476
5587355
5588526
5588703
5591918
5592685
5593656
5594085
5594763
5595335
5595465
5595750
5596065
5597686
5597739
5600007
5600390
5602053
5602421
5602889
5602892
5603196
5605426
5605948
5606597
5606611
5608876
5609965
5609975
5610504
5611601
5613201
5613770
5614351
5614442
5617444
5618542
5618943
5619025
5619974
5621977
5622639
5623775
5624931
5625798
5626135
5626459
5626750
5626932
5627002
5627986
5629017
5629755
5630088
5630475
5632332
5633592
5634148
5635488
5637407
5640480
5640963
5641984
5642310
5645379
5646292
5648023
5650572
5652510
5653231
5653676
5653823
5654404
5654702
5656161
5657151
5660709
5660848
5660946
5661352
5661682
5662418
5662609
5664695
5668429
5669681
5671129
5672933
5673662
5675212
5675344
5679213
5679476
5679857
5680448
5683157
5684939
5686590
5687638
5688223
5689746
5690482
5691247
5692121
5692737
5693127
5694537
5694673
5696210
5697664
5699056
5699483
5699632
5700053
5701618
5702092
5703713
5705853
5706752
5707821
5709622
5709745
5710383
5711754
5715840
5716018
5717924
5718428
5718630
5718970
5720377
5720472
5721551
5723039
5723183
5724804
5727443
5729580
5730181
5731636
5731661
5734649
5735572
5736127
5738413
5738942
5739152
5739375
5740890
5741663
5742199
5742373
5743050
5743642
5744351
5744585
5746065
5746938
5748499
5750845
5752423
5752975
5753014
5755630
5756762
5756982
5758005
5759060
5759147
5759347
5759368
5759809
5759815
5761072
5762072
5762142
5762375
5762785
5764013
5764783
5766086
5767959
5768610
5768680
5771624
5772651
5773403
5774178
5774463
5774605
5774883
5774972
5776517
5776826
5776871
5777270
5777884
5777920
5778187
5778490
5782147
5782249
5782613
5783127
5783915
5784391
5784413
5786157
5786719
5787708
5789902
5789952
5790749
5791474
5791860
5792181
5792205
5792720
5793353
5793387
5794115
5794881
5795230
5796446
5796457
5796922
5798514
5799129
5799314
5801478
5804200
5805430
5808923
5809176
5809354
5809933
5810338
5811054
5811967
5813357
5814461
5815127
5815277
5815802
5816805
5819887
5820573
5820921
5821655
5822575
5822877
5823141
5823883
5824379
5824418
5824518
5825025
5825647
5826012
5827749
5827883
5828602
5828858
5829620
5830568
5831184
5832319
5833896
5834761
5835124
5838402
5841095
5841583
5841934
5842272
5842887
5843157
5844056
5845299
5846100
5847137
5847650
5848274
5848779
5850930
5853702
5854712
5857427
5857988
5858852
5859789
5860802
5861033
5862058
5862566
5863189
5865132
5866363
5866860
5867476
5868766
5868912
5869729
5869816
5869907
5870980
5872592
5873434
5873540
5875290
5876516
5876725
5876865
5878323
5878630
5879418
5882355
5882944
5883080
5883262
5887809
5888280
5890351
5890444
5891847
5894115
5896789
5896962
5898006
5898564
5899135
5900274
5901008
5903672
5904007
5905184
5905417
5908718
5908742
5908788
5909292
5909412
5909911
5910438
5911328
5911781
5912441
5912684
5913258
5915037
5915681
5917089
5917263
5917442
5918589
5918632
5918787
5919674
5920496
5922148
5922219
5922615
5924123
5924470
5924691
5924755
5924870
5927444
5927658
5928357
5928426
5928954
5930005
5930081
5930236
5931568
5932148
5932436
5933588
5934498
5935488
5935891
5936216
5937404
5938717
5939273
5939405
5940738
5940913
5940982
5941591
5941697
5941892
5943721
5944347
5945080
5945907
5949125
5949641
5951560
5952702
5953108
5953422
5953431
5961972
5962638
5963689
5963805
5964071
5964759
5966075
5966381
5966821
5967382
5967714
5967916
5968983
5969748
5970191
5973273
5973932
5975066
5976448
5976744
5976858
5977783
5979881
5984356
5987145
5988753
5992156
5995145
5996240
5996412
5997156
5997408
5997675
5997817
5998076
5999596
6000390
6000659
6001557
6001876
6001900
6001938
6002004
6003668
6006184
6006928
6007127
6007666
6007981
6008226
6008848
6009023
6011318
6011630
6011966
6012165
6012735
6015568
6015610
6016453
6017217
6018319
6018793
6019407
6020274
6021519
6022659
6022943
6024748
6025020
6025903
6030204
6032489
6033562
6033675
6033930
6034719
6036366
6036688
6037618
6037752
6040508
6040659
6042997
6044730
6045199
6045285
6045306
6047438
6047629
6047693
6048948
6049785
6050735
6051852
6053072
6053355
6053525
6053915
6054707
6056937
6058110
6059184
6060141
6061574
6061988
6062970
6063718
6064351
6065305
6065399
6065941
6067803
6071090
6071290
6071298
6072818
6073114
6073619
6074283
6075748
6075830
6076531
6080903
6081084
6082346
6082603
6083098
6083517
6083653
6084005
6084876
6085058
6085412
6085534
6087405
6087512
6088398
6088427
6090015
6090762
6091338
6094092
6094813
6096784
6097604
6098472
6099250
6099325
6099837
6102777
6103661
6104488
6104609
6105579
6106932
6107074
6107343
6107757
6107892
6111113
6111545
6111698
6112375
6113147
6113278
6116336
6116531
6116802
6116907
6118212
6118927
6119644
6119767
6121515
6124106
6127950
6128701
6129884
6130680
6130716
6130892
6131753
6132034
6133549
6134257
6136581
6137685
6137969
6138714
6139708
6140915
6142708
6143082
6144795
6147559
6149052
6149593
6149908
6151981
6153297
6154728
6155480
6155712
6156051
6156944
6157822
6158161
6160057
6160878
6162882
6163128
6164360
6164658
6165106
6167877
6168653
6169400
6170021
6172277
6172281
6173550
6174428
6175574
6175784
6176965
6177618
6177721
6178045
6180230
6180942
6181820
6183053
6183245
6183582
6185040
6185171
6185859
6188740
6189743
6191585
6194011
6195750
6197200
6199747
6201039
6204325
6204381
6205281
6205878
6208112
6208780
6210648
6210881
6212979
6214267
6214741
6216146
6216160
6216848
6216986
6217121
6217926
6218013
6218461
6219550
6220320
6221992
6222313
6223070
6224384
6225675
6225905
6227391
6227710
6228421
6228586
6229995
6230212
6230837
6231820
6232429
6232733
6233857
6234163
6234487
6237022
6238684
6240849
6241122
6241143
6242543
6245006
6246466
6249990
6254360
6254582
6254605
6255347
6257959
6258395
6259716
6259862
6260307
6261531
6262823
6264255
6266413
6266703
6267778
6268963
6269973
6270597
6271784
6271993
6272320
6272483
6274958
6276037
6277166
6277571
6277621
6278352
6278416
6279048
6279282
6279449
6279708
6279784
6281067
6282318
6282545
6282936
6283084
6284543
6284823
6285301
6285561
6287026
6287538
6287664
6288961
6289765
6291388
6292247
6296262
6298578
6301231
6301677
6305059
6305496
6306037
6306849
6312167
6313941
6314696
6314823
6314944
6316333
6318145
6318646
6318719
6319421
6320848
6321700
6322051
6323165
6323695
6325612
6326368
6326463
6327536
6329416
6331582
6331881
6332112
6332178
6332980
6333018
6334116
6334476
6334894
6336311
6336468
6337737
6338456
6339559
6344024
6344606
6345135
6346684
6347973
6348007
6348491
6349270
6349369
6350080
6350135
6352329
6352372
6353004
6353727
6353751
6354930
6354944
6356975
6357849
6358094
6358311
6358541
6360670
6360833
6361490
6363397
6363468
6365554
6365893
6367966
6368317
6370839
6372454
6372606
6373490
6373685
6374265
6375386
6376736
6377727
6378364
6378664
6379652
6380424
6381997
6384446
6384853
6386446
6387571
6387606
6388341
6389411
6389547
6390152
6390374
6391444
6391994
6392866
6393796
6393822
6395482
6396064
6397731
6399375
6399560
6400516
6400585
6401423
6402126
6402126
6406627
6408302
6410193
6412053
6412472
6412523
6413085
6413314
6416371
6416463
6417041
6421321
6422288
6422481
6423285
6423727
6424575
6425657
6426255
6426576
6427669
6429023
6429228
6429270
6429617
6430852
6435570
6435664
6436064
6437237
6438738
6439676
6440887
6441095
6442087
6442677
6443430
6443487
6443821
6444665
6448230
6448277
6448468
6449096
6449749
6450269
6451895
6452275
6452300
6453642
6455501
6455599
6455666
6455749
6456410
6457238
6457877
6458403
6458440
6459732
6459826
6460109
6462692
6463317
6464281
6464305
6464458
6464819
6464906
6468174
6469106
6469704
6470281
6470564
6470991
6471772
6477482
6478136
6478957
6479066
6480320
6481207
6482136
6482153
6482672
6483433
6485925
6486078
6486511
6486584
6487349
6487633
6488601
6490084
6490113
6493632
6496953
6497017
6499642
6500221
6500423
6503364
6504767
6506654
6508070
6511220
6511579
6515337
6517131
6517996
6519187
6521021
6524583
6525874
6526820
6527012
6528822
6529130
6531441
6531963
6532561
6532985
6533168
6533489
6533630
6534174
6534395
6535377
6536411
6538808
6539657
6540000
6540494
6541312
6541867
6542383
6543197
6545024
6545507
6545638
6547088
6548795
6549698
6550399
6550756
6551160
6551253
6551600
6553887
6554636
6557741
6558038
6558211
6558959
6560054
6562372
6563344
6564076
6564692
6565237
6566224
6567082
6567221
6567479
6570491
6570864
6571098
6572340
6573287
6574705
6575291
6575700
6575970
6577186
6579659
6579811
6580888
6580986
6582796
6583104
6583955
6584015
6585319
6585351
6585632
6588819
6590361
6594067
6594674
6597867
6598298
6599572
6600255
6600395
6601572
6602717
6605782
6608127
6608456
6609077
6610960
6611322
6611903
6612917
6613722
6614781
6615075
6615234
6616694
6619493
6619559
6619966
6622290
6622351
6624581
6626867
6629398
6631157
6631735
6633242
6633693
6633775
6637122
6637403
6639624
6639692
6641566
6642126
6642217
6642703
6643819
6643821
6645574
6647012
6648787
6650078
6651313
6651374
6652860
6653264
6654763
6654908
6656860
6657449
6658338
6658886
6660945
6660985
6661254
6661596
6663606
6664888
6665392
6666416
6666635
6666875
6668620
6669744
6673926
6673999
6675824
6676483
6676523
6677059
6679723
6682638
6682873
6683921
6684162
6684655
6684902
6685880
6686390
6687593
6687715
6688509
6690412
6691826
6695233
6696248
6696696
6696925
6697036
6698717
6699333
6699978
6700079
6700217
6700273
6701645
6702013
6702406
6702604
6704687
6705278
6705939
6707244
6710498
6712351
6714822
6715642
6716082
6716435
6716981
6717105
6718112
6718725
6719921
6720586
6720768
6721773
6721936
6724430
6724436
6724778
6724863
6725013
6725665
6725771
6726214
6727479
6728999
6730440
6731798
6733836
6734454
6735216
6736689
6737074
6738148
6740260
6742306
6744804
6745584
6746287
6746714
6747193
6754076
6754181
6760518
6761642
6762336
6762731
6763410
6763575
6763607
6764403
6764544
6765396
6765651
6767754
6767767
6768112
6771797
6772215
6772842
6773843
6776154
6777138
6778188
6778988
6779623
6780427
6781404
6782481
6783978
6786211
6787000
6787394
6787904
6788279
6790763
6790862
6791570
6792882
6794585
6795323
6797566
6797730
6797940
6799759
6799954
6800283
6801223
6801572
6801842
6803908
6807112
6809820
6811143
6811483
6813101
6813223
6814162
6814216
6817164
6817609
6818048
6818694
6819212
6821085
6821500
6822167
6824303
6824899
6824936
6825085
6825225
6825960
6826844
6827052
6829235
6829288
6830057
6830589
6832516
6835355
6836752
6838424
6839187
6840074
6840521
6841810
6842022
6842160
6843019
6843529
6843559
6844556
6844709
6845792
6847028
6848088
6849118
6849481
6849661
6852645
6852959
6854865
6855223
6855573
6855654
6855691
6856696
6858361
6859439
6859611
6861139
6862940
6863504
6864526
6864610
6864878
6866342
6867244
6867419
6867877
6868768
6872714
6873005
6873101
6875035
6875498
6876463
6876903
6877298
6878980
6881617
6882372
6882910
6883376
6885629
6885699
6890612
6891358
6892947
6893397
6894250
6896406
6896644
6899179
6899258
6899612
6899670
6900199
6900326
6900588
6901442
6902105
6903336
6903528
6903760
6904102
6905670
6905820
6905868
6906427
6908134
6908416
6909856
6910065
6910197
6912547
6913098
6913221
6913411
6913630
6914407
6914872
6916019
6917725
6918833
6920024
6921239
6922725
6923249
6924687
6925535
6925836
6927688
6928294
6929531
6936334
6936633
6938695
6939365
6941382
6941454
6941992
6942114
6945185
6946959
6947647
6950648
6952930
6953019
6956697
6956952
6957851
6957912
6958141
6959817
6963068
6964411
6968070
6968463
6969048
6970788
6972290
6972702
6973838
6977736
6977763
6978381
6978437
6979530
6979729
6979911
6982742
6982872
6984163
6984678
6984883
6985688
6985804
6985836
6986933
6987451
6988904
6989069
6990131
6991582
6993018
6993020
6993144
6993439
6993861
6996285
6996442
6998576
6999401
7000760
7000944
7001673
7002114
7006071
7006854
7007893
7008669
7009942
7009977
7010172
7011570
7011949
7012043
7012941
7015574
7018180
7018351
7020032
7020099
7022334
7025412
7026383
7027351
7027899
7028008
7028728
7029639
7034721
7034975
7035825
7036176
7036248
7036671
7036795
7038439
7038721
7038920
7042860
7045515
7045637
7046062
7047020
7047538
7047826
7050070
7050425
7050631
7052044
7053366
7055881
7056566
7057496
7058322
7061603
7062581
7066597
7067704
7068629
7068713
7069067
7069712
7070866
7071172
7072159
7073742
7075055
7075415
7075979
7076202
7076414
7076424
7076970
7079140
7080681
7081565
7082685
7083569
7083763
7084702
7085494
7086739
7086937
7087156
7088728
7089552
7090445
7090920
7091977
7092878
7092956
7094143
7094290
7095034
7095877
7096038
7096370
7096627
7097271
7098622
7099020
7099572
7100337
7100795
7102196
7103749
7104172
7104573
7104640
7104730
7105017
7106588
7107271
7109058
7112147
7112563
7112874
7112956
7113635
7114829
7116584
7118739
7119355
7120842
7121185
7121709
7122632
7123108
7123516
7124034
7125092
7126086
7126272
7127933
7128171
7128755
7129240
7129469
7129968
7131221
7131768
7131781
7132034
7132432
7132765
7133802
7134053
7134108
7134534
7136720
7137668
7137834
7140305
7140422
7142307
7142600
7143130
7143845
7144533
7145000
7145786
7146276
7146375
7146657
7147243
7147422
7147922
7148601
7149322
7151083
7151256
7152809
7153674
7154862
7156767
7157616
7158347
7158709
7158720
7160396
7161807
7162185
7162627
7162705
7163786
7164913
7165266
7166002
7166223
7167270
7167719
7169466
7172098
7173982
7174093
7175025
7175364
7176372
7177309
7179928
7180040
7182611
7182617
7182798
7182837
7183409
7183949
7184848
7185160
7185922
7188179
7188278
7188895
7190768
7191296
7194594
7198546
7199003
7199722
7200806
7202609
7203000
7203276
7203512
7204771
7204905
7206191
7207250
7207690
7210295
7212893
7213401
7213667
7214295
7215750
7216013
7216408
7216980
7218816
7220186
7220384
7221282
7224677
7225791
7225980
7227027
7228562
7229986
7230430
7231408
7231941
7231980
7232441
7232552
7233592
7234564
7236841
7238475
7238614
7238669
7241643
7242702
7242927
7244042
7244062
7244680
7244971
7245405
7245731
7245784
7246317
7246349
7247161
7247671
7247684
7247843
7248372
7248756
7252786
7252852
7253571
7253612
7254752
7255725
7255926
7256027
7256362
7257151
7257308
7259361
7261259
7261640
7261941
7262355
7262536
7263358
7266710
7266732
7267154
7267483
7268598
7272146
7272941
7276115
7276874
7279899
7282957
7283217
7283481
7284352
7284582
7285558
7286527
7286883
7287656
7288450
7288885
7289409
7289581
7290119
7292234
7292669
7292981
7292987
7294155
7295789
7296084
7299036
7301454
7302950
7304753
7305287
7307143
7309729
7311252
7312603
7312675
7312753
7313145
7313658
7313736
7315336
7317178
7317587
7318740
7319076
7320274
7321608
7321960
7323378
7327630
7327972
7328559
7328778
7328815
7329222
7329909
7330123
7330286
7331001
7331402
7332017
7332928
7333848
7334780
7335672
7337113
7338633
7339163
7342096
7344959
7345465
7346350
7346527
7351775
7352160
7353796
7355025
7355685
7357159
7357160
7358187
7360760
7360804
7361303
7362361
7364181
7365176
7365748
7367427
7367493
7367651
7369270
7369406
7370984
7372095
7374005
7375802
7376306
7377025
7377331
7378215
7378739
7381255
7381881
7382184
7383685
7383777
7386638
7389021
7389204
7389832
7391713
7392787
7392928
7394098
7394779
7395778
7397127
7399894
7401757
7402004
7402501
7404789
7406990
7407289
7408011
7408034
7408196
7409054
7409667
7409826
7410204
7412815
7413368
7413804
7414475
7416142
7416314
7416574
7417409
7417713
7418922
7419647
7419906
7423252
7423448
7423805
7424099
7424117
7425370
7428468
7432788
7433476
7434909
7438200
7438489
7438872
7441103
7441425
7441793
7442037
7445047
7445268
7446564
7449539
7449562
7451487
7454189
7454561
7456717
7456809
7456905
7457992
7460132
7460478
7460970
7461347
7461495
7463172
7463330
7464721
7465449
7467951
7469774
7469958
7470274
7470593
7471818
7473474
7475318
7475426
7475516
7477220
7478170
7479139
7485591
7485760
7486206
7491700
7493403
7493590
7493913
7494169
7495907
7496359
7496682
7497287
7497474
7500638
7500722
7502090
7503613
7504488
7505382
7505496
7505867
7506716
7507496
7508165
7508534
7508837
7509528
7509663
7512226
7512675
7514509
7518221
7518280
7519044
7519908
7520177
7523580
7524338
7527272
7527905
7527987
7529621
7530343
7533866
7534014
7535323
7535592
7536803
7537040
7537172
7538580
7538716
7538925
7538993
7540170
7540677
7542805
7543151
7543238
7544578
7544677
7545017
7548868
7551409
7551549
7551623
7551711
7553596
7554072
7555002
7555556
7555697
7556116
7556117
7556177
7558862
7559275
7560328
7560831
7561118
7562055
7562754
7562757
7563585
7564703
7564899
7565260
7565701
7566322
7566979
7569593
7569919
7569941
7569976
7570860
7573512
7573545
7574152
7575408
7575854
7578979
7579113
7580268
7581693
7583356
7583533
7588351
7588911
7590716
7591290
7592617
7593619
7595488
7595791
7597288
7598075
7598300
7599582
7600382
7600534
7600769
7600952
7601561
7602203
7602933
7603540
7605412
7606930
7607911
7609070
7610338
7612628
7613243
7613427
7616105
7617490
7618497
7622110
7622189
7623119
7624352
7624353
7624882
7625021
7626075
7626577
7627956
7628160
7628520
7628933
7631896
7632644
7635825
7635872
7635939
7637975
7637996
7640887
7642033
7642223
7642838
7645501
7646408
7647211
7647747
7648001
7649562
7650963
7654684
7656285
7656304
7657060
7657268
7658559
7658600
7659743
7661886
7662802
7662985
7664038
7665351
7665376
7666163
7667046
7668574
7668649
7670021
7670469
7671101
7671848
7672256
7672395
7672707
7674373
7674731
7676022
7677873
7678012
7678080
7679385
7679404
7679656
7679715
7680234
7680943
7682721
7683229
7683792
7687749
7689496
7690683
7691414
7691944
7692497
7692646
7692751
7692765
7694325
7694424
7695937
7696973
7697027
7697230
7698294
7698362
7700766
7700884
7701198
7703251
7704697
7706156
7707353
7707542
7708675
7708732
7708969
7709894
7710302
7710424
7710819
7712332
7712792
7713771
7714667
7716643
7717061
7717853
7718717
7718771
7718938
7720940
7720967
7721180
7723957
7723974
7724045
7724466
7726316
7729330
7731011
7732965
7734114
7735644
7737234
7738945
7740604
7740903
7743120
7743561
7744273
7744579
7745306
7745326
7748999
7749928
7751328
7753149
7755557
7756369
7757141
7757706
7760086
7760903
7760931
7764395
7764828
7767567
7767763
7769065
7770810
7770862
7771764
7772642
7774546
7775987
7776668
7778803
7779393
7780382
7780798
7783461
7785514
7785884
7787739
7788723
7788810
7789494
7790927
7791840
7792739
7792827
7793241
7796080
7796106
7799106
7801371
7801511
7801972
7802219
7802877
7803027
7808263
7809640
7810655
7811706
7811989
7812056
7813025
7813472
7814027
7815304
7815413
7815556
7815752
7816291
7816576
7817304
7820028
7821913
7823454
7825944
7826811
7827308
7828083
7828131
7828940
7830865
7831414
7834379
7837309
7837741
7838975
7839221
7841418
7841652
7842170
7843244
7845850
7847135
7847291
7847465
7847812
7848906
7849282
7849763
7851499
7851726
7853108
7853188
7854939
7856029
7856463
7857929
7858291
7860609
7860984
7861169
7862265
7863885
7864015
7864062
7865659
7865695
7866035
7866369
7867215
7868414
7869133
7869819
7871456
7873595
7875768
7875890
7876536
7876637
7877688
7877967
7879047
7880704
7884472
7884532
7887497
7887693
7887796
7888906
7891768
7892279
7893278
7894546
7894631
7895224
7896106
7896798
7897812
7898473
7899210
7899385
7901230
7901409
7901528
7903206
7906934
7907652
7907722
7907800
7910322
7910385
7910501
7911285
7911377
7911732
7912732
7913469
7913893
7915159
7916177
7917636
7918465
7918694
7919653
7920834
7923358
7923972
7926445
7926869
7927702
7927867
7929230
7929669
7930704
7931877
7931898
7932793
7932957
7933581
7934415
7934847
7935003
7935722
7936314
7937499
7938258
7939487
7940126
7941564
7942473
7942576
7943242
7943368
7943574
7944361
7944960
7945463
7945685
7947925
7949218
7950040
7950160
7950697
7950746
7951099
7951154
7951247
7952108
7953017
7955833
7957771
7959582
7960943
7961984
7964088
7966471
7967355
7968579
7971518
7974356
7974908
7975786
7975935
7976794
7977443
7977632
7977776
7980393
7983640
7984641
7984674
7984980
7985413
7985834
7987126
7989945
7990226
7991260
7993956
7994190
7994623
7994922
7997525
7998019
7998046
7998315
7998415
7999874
7999878
8000910
8001889
8001968
8002410
8002624
8003150
8003327
8004119
8004436
8005011
8005513
8006338
8008358
8008423
8008425
8009264
8010443
8011497
8011625
8011931
8013592
8013899
8014085
8014208
8014311
8015839
8016958
8017661
8020283
8020455
8021505
8021817
8022330
8022347
8022879
8023094
8024482
8029251
8029900
8031124
8033400
8033916
8034004
8034371
8034431
8035589
8036372
8036662
8037200
8039837
8040873
8042078
8042197
8042643
8044357
8045616
8046339
8046370
8047381
8048140
8048346
8049717
8050448
8051174
8052761
8053433
8054164
8056360
8057514
8059044
8059133
8061040
8061114
8062314
8062809
8063351
8063597
8065720
8065947
8066516
8066943
8070400
8072895
8073033
8073184
8073298
8073588
8075178
8075448
8075464
8077521
8077695
8077819
8078823
8079752
8080161
8083173
8088250
8088530
8090248
8091125
8091402
8092614
8094136
8096915
8097040
8097815
8097957
8098221
8101450
8102072
8104457
8110296
8110465
8110733
8111248
8114568
8114881
8116240
8116814
8120703
8120711
8121740
8124263
8125635
8126803
8127102
8127507
8128039
8129090
8129781
8131291
8131919
8132137
8132149
8133978
8135040
8135371
8137055
8137477
8137623
8137897
8137994
8138690
8140179
8141966
8141998
8142122
8142698
8143499
8144963
8146217
8149081
8152106
8153629
8154882
8155175
8155751
8156542
8156796
8157336
8157554
8163106
8163829
8164762
8165597
8166451
8166474
8166729
8168919
8168950
8171404
8172712
8172878
8175914
8177031
8177669
8179073
8179336
8179850
8184557
8184640
8185026
8186184
8186364
8186869
8187180
8187457
8189355
8190041
8190135
8191176
8192115
8193301
8194251
8195552
8199810
8199840
8199906
8200308
8200635
8202864
8207770
8208765
8208866
8210299
8211977
8212157
8212476
8213476
8214647
8214764
8215631
8216083
8216762
8220685
8221735
8222725
8222818
8225404
8231158
8231487
8232284
8233505
8234614
8234942
8235788
8237935
8238757
8240090
8242403
8242462
8242738
8245987
8246174
8249833
8250027
8250352
8251645
8255963
8256722
8256992
8257158
8259097
8260391
8260767
8262465
8263051
8263400
8264790
8265040
8267650
8268746
8268940
8269275
8270059
8270174
8272794
8273325
8275361
8275620
8275633
8277704
8277935
8282528
8284896
8285643
8286640
8287426
8287543
8291049
8291994
8292416
8292858
8296390
8298668
8299799
8300917
8300943
8301058
8301409
8302978
8304799
8305404
8305780
8306021
8306443
8307283
8310421
8311435
8311440
8313757
8314936
8316030
8317804
8318631
8319427
8319486
8319967
8322554
8323022
8323863
8324232
8325429
8327277
8327523
8327848
8327878
8328096
8329320
8329796
8330748
8330816
8330875
8333280
8333466
8337117
8337508
8337784
8338035
8338688
8339659
8340564
8340810
8340830
8340888
8342075
8342668
8346758
8346924
8348241
8349800
8351722
8351999
8353119
8353676
8356028
8356068
8356552
8358728
8359636
8360532
8360817
8362295
8363905
8364069
8365036
8365268
8365677
8366454
8366677
8366946
8367827
8367911
8368165
8368290
8369394
8369554
8369888
8370394
8372772
8374149
8374307
8375057
8376243
8376432
8377774
8378372
8378609
8379259
8379330
8380025
8380195
8381051
8381347
8382041
8382340
8382719
8385349
8386162
8387592
8387829
8387980
8388115
8389588
8389626
8390064
8391677
8391718
8392407
8392770
8392772
8393373
8394669
8394721
8396957
8396985
8398421
8399262
8399503
8399799
8399840
8399937
8400964
8401370
8401846
8402152
8402897
8403593
8404318
8404418
8404560
8404571
8404685
8405024
8405304
8405351
8407061
8407608
8409239
8409892
8410665
8411001
8411415
8414774
8419276
8419546
8419619
8421556
8422079
8422972
8425811
8427479
8429002
8429049
8429394
8429568
8429859
8430630
8432128
8436388
8438629
8440379
8440824
8442671
8443015
8443258
8444273
8444541
8447945
8448789
8449418
8451506
8452460
8452628
8455414
8456196
8456917
8458358
8459227
8460710
8461910
8464717
8467228
8467751
8469004
8470579
8470829
8472151
8473385
8476460
8477600
8479482
8479600
8480025
8480277
8481475
8481718
8482807
8486014
8486677
8487784
8489985
8491167
8491186
8491444
8492141
8493805
8493830
8494088
8495341
8496687
8498059
8498843
8499177
8499931
8503818
8504724
8505243
8505737
8507327
8507612
8508474
8509699
8510002
8510337
8513466
8515291
8515389
8518139
8519080
8519134
8519138
8519652
8520463
8521520
8521832
8521860
8523664
8526013
8526660
8527231
8527252
8529337
8530552
8530856
8531563
8531667
8531838
8532083
8534256
8534627
8536430
8537064
8539132
8540302
8540939
8541190
8541739
8541948
8542678
8542775
8544652
8545103
8546147
8547718
8551417
8552217
8552601
8555330
8555887
8557463
8558073
8559055
8559058
8559176
8560546
8562753
8563670
8563791
8565263
8565481
8565504
8567140
8569033
8571084
8571273
8572628
8574727
8575173
8575279
8576239
8576685
8576779
8577249
8577520
8580243
8580933
8581092
8581311
8581441
8582412
8583963
8588950
8590777
8591544
8593511
8596572
8596800
8598201
8600952
8601242
8601403
8601858
8602236
8602386
8602780
8603575
8603722
8605418
8605880
8607132
8607811
8608071
8616330
8617122
8617340
8617875
8618194
8618418
8618786
8619399
8619636
8620405
8621411
8621461
8621868
8623266
8623891
8624222
8624669
8624704
8626661
8627567
8628223
8628318
8629114
8629610
8629814
8632088
8634123
8634535
8635107
8635483
8635992
8636463
8636724
8636795
8636982
8637450
8638825
8638881
8645657
8646310
8646558
8649385
8649907
8651222
8654779
8656767
8657100
8657285
8659705
8659763
8659764
8660188
8660606
8660911
8663010
8663446
8667187
8668068
8668723
8668732
8669872
8669893
8671353
8672121
8673625
8674955
8675593
8676178
8676395
8676850
8678286
8682129
8682842
8683572
8684286
8684322
8685982
8686005
8686473
8686571
8686824
8688318
8689743
8690963
8692206
8692861
8694307
8696474
8697820
8698437
8698452
8698673
8699601
8703466
8703750
8705212
8705529
8705555
8706196
8706444
8706765
8707883
8713122
8713265
8714051
8716028
8716836
8717695
8718535
8718870
8719626
8721213
8723853
8724896
8726914
8728858
8731167
8731258
8732537
8732974
8733239
8735398
8736728
8738123
8738258
8740811
8740874
8742155
8743331
8745439
8745720
8745944
8747974
8748233
8751338
8752346
8755850
8756571
8757801
8759051
8759091
8760132
8761320
8763371
8763861
8764140
8764243
8766054
8767370
8767423
8769242
8770118
8776025
8776366
8778692
8779408
8779771
8780545
8781324
8781712
8781766
8782326
8783517
8785481
8785518
8785962
8786703
8789405
8792592
8796902
8797169
8800288
8800903
8802808
8804492
8805518
8809629
8812371
8812639
8813146
8813700
8814983
8815172
8815323
8816201
8816541
8816992
8817364
8818003
8818216
8821019
8821439
8821466
8824254
8825551
8826794
8827663
8828261
8828366
8829390
8829898
8830363
8830509
8830536
8835500
8836284
8836318
8836848
8837276
8837818
8839664
8839843
8840015
8840159
8841970
8845639
8845947
8846072
8846073
8846724
8848372
8848902
8851119
8852971
8855840
8857425
8859348
8859412
8860222
8861008
8861331
8862256
8863397
8864621
8864638
8864714
8865125
8866720
8866834
8868520
8869438
8870138
8870352
8871751
8872043
8874276
8874731
8875947
8875985
8876184
8877742
8877864
8878430
8878598
8879094
8880069
8880638
8880882
8881386
8882887
8882998
8883537
8883734
8885420
8886359
8887474
8887876
8887999
8888450
8893013
8894075
8894196
8894347
8898267
8900642
8902866
8903093
8903118
8904506
8904756
8904806
8905161
8906860
8908633
8908950
8909384
8909828
8910404
8910942
8911273
8913845
8916340
8916437
8917111
8917242
8918171
8919532
8920249
8920930
8922495
8923568
8923905
8924140
8925403
8925798
8926780
8926918
8927165
8927923
8928269
8931303
8932127
8932588
8933440
8934107
8934468
8935537
8937292
8937760
8938966
8939192
8940341
8940621
8941577
8942588
8945350
8945601
8946908
8947021
8948413
8949978
8951343
8953169
8954020
8954146
8954851
8955318
8955398
8956863
8960743
8961466
8961728
8963638
8964541
8966938
8967358
8968125
8970358
8971147
8971910
8972799
8972847
8976472
8976824
8978584
8979213
8980836
8981448
8981741
8982343
8984291
8990308
8990351
8990404
8990713
8992058
8992813
8992834
8993322
8993371
8995762
8996128
8996540
8998277
8998554
8999073
8999257
8999274
9001797
9003335
9003981
9005523
9007214
9008082
9010917
9011072
9012181
9013127
9014044
9014752
9015797
9016352
9016441
9016493
9016702
9017655
9019169
9019340
9019387
9019958
9020300
9020725
9022459
9023372
9023434
9023536
9023751
9023771
9024384
9026954
9028647
9029178
9031900
9032438
9032656
9034113
9037164
9037448
9037581
9037766
9038204
9038707
9039920
9040845
9043287
9045738
9045876
9046159
9046822
9047619
9048771
9049889
9051743
9053942
9054962
9055880
9056052
9058391
9059021
9059221
9059881
9061208
9062200
9063822
9064550
9065047
9065097
9065516
9066132
9068901
9071292
9071424
9071485
9074269
9075802
9076188
9077510
9078248
9078413
9079877
9080394
9081342
9083012
9086397
9087266
9088311
9088445
9090523
9092232
9092603
9093542
9093837
9094204
9094377
9096430
9096679
9096710
9096960
9097730
9097731
9097819
9098002
9098939
9099110
9099278
9099387
9099843
9100416
9100978
9101088
9105797
9107195
9107461
9108741
9108762
9109933
9110468
9110976
9111300
9111856
9112673
9112724
9112790
9113430
9113957
9115184
9115374
9117877
9118371
9118865
9120776
9124636
9125000
9125422
9125917
9127494
9127707
9129106
9129436
9130083
9130453
9130798
9133304
9133353
9134428
9134689
9135655
9136547
9137324
9137972
9138786
9138824
9139862
9140737
9141413
9142892
9143123
9143481
9144078
9144180
9144510
9147964
9149426
9150023
9151404
9151704
9152358
9154871
9157547
9158094
9158130
9158368
9158842
9159845
9160025
9160793
9161257
9162075
9163424
9164217
9165295
9165379
9166320
9167475
9172276
9173294
9174568
9176482
9178118
9178955
9179280
9179860
9180006
9180198
9180863
9181419
9184083
9184357
9185533
9185651
9185801
9186143
9186797
9186960
9187118
9188442
9188813
9188829
9188967
9189074
9192065
9192851
9194385
9198685
9199804
9200310
9204089
9204465
9204888
9205295
9205772
9206194
9208046
9213137
9217752
9218760
9219049
9219060
9219153
9219715
9221223
9221429
9221920
9224076
9224243
9225666
9226031
9226431
9226458
9226470
9226672
9227476
9227605
9227833
9228335
9228822
9229767
9232899
9233130
9233608
9235145
9235829
9236199
9236616
9237706
9240795
9241033
9241460
9242421
9245411
9245681
9245826
9246658
9246752
9248117
9249916
9251442
9251609
9252898
9253479
9254389
9256135
9257838
9261143
9261866
9263841
9264292
9264649
9266962
9268526
9270615
9271802
9272030
9272192
9272604
9273607
9274107
9274914
9276448
9276944
9277054
9277452
9279721
9281038
9281993
9282576
9283202
9283745
9283767
9285290
9289769
9290507
9291523
9291554
9292491
9293808
9295508
9298294
9299536
9300515
9300849
9302538
9303321
9305130
9308964
9310125
9310314
9312848
9313210
9313593
9314108
9315763
9317575
9318441
9319425
9320064
9320703
9320888
9322612
9323973
9325721
9326759
9328994
9330828
9333027
9333452
9333495
9333945
9334047
9334809
9337547
9337550
9338165
9339322
9340525
9341388
9343207
9343321
9343930
9344580
9345171
9345694
9347804
9348061
9350204
9352034
9352455
9352770
9353512
9353544
9354153
9354247
9354577
9354724
9356685
9357065
9359503
9360980
9361582
9361718
9362116
9363789
9364706
9364985
9366479
9367800
9369377
9369920
9371006
9371291
9371555
9371741
9373654
9374043
9374078
9374270
9374895
9376662
9377675
9377989
9378663
9378985
9379524
9380610
9380941
9381352
9382264
9384046
9384317
9384334
9386173
9387802
9388070
9389623
9392369
9392869
9393005
9394602
9394720
9395042
9396741
9397188
9397587
9398143
9398197
9398552
9399118
9399506
9401067
9401495
9401951
9402766
9405306
9406141
9408011
9412157
9413598
9414500
9415560
9417185
9417340
9417404
9418094
9418839
9422187
9422774
9423477
9424349
9424571
9425232
9426364
9428531
9429085
9429342
9430049
9430086
9430869
9431051
9431139
9433996
9434790
9436374
9436714
9438679
9440193
9440694
9441454
9443462
9443783
9444147
9444928
9445462
9446808
9448038
9448978
9450529
9450656
9451012
9451169
9451298
9452285
9452426
9453253
9454629
9455198
9456450
9458547
9458892
9460031
9461089
9462616
9462954
9463951
9467427
9467447
9469116
9469155
9470267
9470483
9471994
9473633
9474585
9475021
9476896
9478459
9478800
9479394
9479525
9481128
9481433
9481622
9483201
9483204
9484477
9485390
9485822
9486919
9487287
9489265
9489298
9490505
9492668
9494069
9494103
9494721
9496149
9498137
9500160
9504707
9505734
9505976
9506467
9509091
9509897
9510464
9512863
9513596
9514777
9515369
9515417
9515938
9516449
9516858
9517056
9518204
9518464
9519498
9521982
9524211
9524461
9525516
9525850
9526630
9528305
9529872
9530241
9530336
9530769
9530778
9531034
9533412
9533978
9534067
9534564
9534695
9535226
9536011
9537573
9538735
9539746
9543463
9543580
9545170
9546091
9548665
9550909
9553580
9556493
9557351
9558990
9559566
9560019
9561157
9562018
9562723
9562980
9563490
9564270
9565026
9565757
9567480
9568622
9572170
9573758
9574316
9574841
9574971
9576577
9577770
9577892
9578621
9581701
9582291
9583107
9583663
9585745
9588532
9588756
9589439
9590314
9590981
9591625
9592787
9593262
9593556
9597250
9597295
9598317
9598536
9599370
9599778
9601187
9601529
9603294
9603449
9603818
9604713
9605673
9606559
9606688
9606702
9606781
9607189
9607486
9608582
9610893
9613266
9613528
9613547
9614540
9615692
9615974
9616446
9616469
9618152
9618994
9619332
9619841
9620380
9621961
9622575
9623792
9624994
9626495
9627304
9627551
9627720
9629291
9630047
9630272
9631423
9632959
9633308
9633313
9634638
9636581
9637415
9637430
9638589
9638857
9639345
9641898
9643781
9644151
9644646
9644793
9645275
9646032
9647213
9647765
9650273
9650488
9650549
9650845
9651975
9653176
9653283
9653504
9654095
9655532
9656238
9656476
9656788
9660655
9660795
9662163
9663005
9663056
9663170
9666102
9668290
9669626
9669660
9670945
9672609
9672756
9674468
9674882
9675551
9676005
9676421
9676499
9677164
9677732
9678124
9679383
9680487
9681791
9682280
9684707
9686125
9686886
9687803
9688601
9689156
9689222
9689931
9690124
9690276
9691466
9692181
9692974
9692996
9696310
9701579
9704324
9706436
9707322
9707879
9708089
9709884
9711124
9711326
9711559
9712461
9712750
9713974
9715153
9715660
9716243
9718648
9718918
9719184
9719526
9719790
9719906
9721508
9722066
9722497
9723741
9725981
9726845
9727748
9727787
9728473
9729855
9731781
9732116
9733789
9734978
9736857
9736858
9736866
9737663
9739843
9739915
9740613
9743257
9743274
9743505
9743903
9745114
9745720
9747413
9747969
9749608
9749815
9750049
9750110
9750147
9751197
9757886
9758023
9759748
9760546
9761005
9761729
9762073
9764138
9765380
9765897
9767127
9767393
9767454
9768534
9768650
9769102
9769168
9770494
9771839
9772366
9772499
9772531
9773186
9774041
9776144
9776616
9776920
9777374
9777975
9778210
9778261
9778893
9780585
9781199
9781924
9781972
9782147
9782174
9782353
9783548
9787348
9787812
9789133
9789518
9790183
9790252
9790987
9791461
9792425
9792748
9793435
9794149
9794526
9794837
9794887
9797337
9797514
9799613
9799988
9800090
9800192
9803794
9805562
9805820
9805949
9805955
9806983
9807454
9809758
9811498
9812158
9813508
9814068
9814105
9814133
9814892
9815315
9815807
9817887
9819249
9820851
9822271
9822866
9822964
9823067
9824051
9824796
9825642
9826003
9827102
9829616
9831611
9833517
9833800
9834117
9834233
9835141
9835810
9835994
9836105
9837250
9838355
9841764
9842315
9844136
9844251
9844314
9844537
9845013
9848453
9848878
9850357
9851016
9851731
9852713
9855044
9856078
9857576
9859429
9862293
9866202
9867329
9869866
9870426
9870659
9871698
9872048
9872408
9873398
9874205
9874282
9874526
9875020
9875535
9875753
9880844
9883741
9885275
9888590
9888973
9891976
9892727
9893004
9893485
9893978
9894208
9894594
9898234
9898892
9898994
9899146
9901001
9902349
9902749
9904194
9905005
9905716
9905744
9906481
9908156
9910042
9910179
9910333
9910627
9910669
9911343
9912491
9912879
9913271
9913574
9913709
9914110
9914508
9914805
9915113
9917513
9920478
9920824
9921087
9921610
9924047
9924049
9924933
9926561
9927925
9928759
9928906
9929976
9931031
9931109
9932016
9932888
9933963
9934498
9934967
9935767
9938801
9940591
9941808
9941880
9942148
9943016
9943724
9944063
9944418
9945496
9947400
9949294
9950455
9952629
9954311
9955703
9957130
9958498
9959251
9959579
9960928
9961041
9961111
9961416
9961475
9962536
9962917
9966131
9966598
9966778
9966979
9967630
9969063
9969175
9970815
9970977
9971949
9972064
9972716
9973001
9973636
9973954
9974765
9975451
9976632
9976935
9977454
9977574
9979005
9981075
9981290
9985237
9986343
9986348
9986398
9986771
9987051
9989984
9993250
9994996
9996216
9996437
9997979
9998618
9999853
