7605
18651
21611
26189
50337
53423
61808
79790
83445
88709
111186
124716
129860
130077
144705
150900
151927
157081
160919
164057
179270
182422
190505
196798
197247
211138
211461
228888
259424
298748
305027
313869
335626
347208
349817
362857
363032
363464
371104
386725
386732
397870
412202
420569
427237
428793
446828
451692
462452
490647
503177
505077
527121
534925
558782
561550
564785
565407
568512
569576
591730
619921
631758
635589
647480
649117
657837
662467
666874
683262
690015
697638
703130
717424
737374
740556
744511
745597
762932
771765
775136
793253
804066
805393
812012
832614
833252
840805
840936
842113
853166
867239
887217
903535
904058
935123
937700
966614
982834
989239
993130
1022491
1028550
1030557
1046157
1065009
1072522
1072565
1073767
1080202
1083586
1084044
1088130
1112189
1116090
1117210
1131160
1140501
1145938
1163257
1168592
1169081
1172024
1181662
1183802
1186997
1191746
1218809
1240414
1252809
1269168
1271461
1277286
1277328
1278099
1280056
1281088
1286344
1291146
1300632
1327880
1334353
1336523
1341060
1346700
1350844
1365155
1382050
1395249
1403225
1408335
1412090
1413770
1419800
1444501
1452302
1459360
1463818
1464394
1466503
1482919
1506592
1519681
1542930
1555745
1564574
1567378
1572024
1574685
1579365
1589300
1599898
1602398
1618015
1624338
1629103
1637692
1654169
1659861
1660200
1660782
1699373
1700734
1721140
1739563
1749558
1761267
1779442
1785482
1788591
1791845
1791906
1800337
1809190
1813267
1818796
1839934
1860220
1864313
1866086
1866284
1868001
1888980
1894258
1901546
1919470
1920098
1920639
1935387
1938826
1955685
1966113
1972344
1984890
1985504
1989683
1996087
1997119
2029888
2050332
2058586
2064246
2090214
2091915
2101262
2111613
2112506
2118088
2140183
2157427
2172732
2177734
2188919
2207408
2213013
2226607
2232076
2246865
2248819
2266279
2266930
2273839
2300374
2300378
2314952
2315854
2317817
2318112
2321714
2327962
2341345
2354954
2358143
2359365
2373119
2402079
2411782
2417542
2419198
2432942
2433212
2444059
2445053
2473149
2480371
2485303
2487189
2501197
2506724
2511518
2517098
2518418
2528110
2528163
2546862
2556113
2602145
2608485
2616580
2616910
2624250
2644102
2656955
2681305
2690788
2695327
2695395
2695532
2707856
2709961
2713379
2716678
2733627
2744530
2759281
2766306
2782802
2790954
2829274
2832752
2836655
2842581
2858390
2866010
2873817
2876281
2876485
2880517
2888404
2905316
2914264
2941453
2946757
2955108
2963903
3029051
3030977
3044061
3078588
3085316
3097658
3103219
3107119
3147162
3162821
3167458
3173207
3205104
3206550
3214154
3227591
3231056
3233696
3242448
3253461
3261254
3276960
3280263
3295675
3306849
3321926
3323055
3334352
3334570
3339021
3343072
3344089
3359985
3377476
3386126
3408306
3417098
3425010
3497514
3506217
3521637
3528519
3528867
3531780
3551479
3563637
3569942
3577622
3605441
3617419
3636183
3638846
3648313
3679024
3690229
3691795
3692275
3713268
3713963
3725932
3750320
3751351
3755860
3771659
3774751
3776021
3777962
3781991
3784558
3785872
3799024
3819714
3820491
3827688
3852719
3853876
3860582
3877325
3880462
3892710
3893495
3915684
3916908
3923107
3925067
3928664
3978025
3980095
4023507
4029150
4034153
4061626
4063011
4065478
4070417
4072755
4075214
4077666
4104954
4110522
4119848
4131912
4158957
4158991
4168688
4199200
4208148
4209113
4210063
4259001
4264437
4265446
4272658
4284820
4306460
4320769
4330036
4332332
4336855
4339906
4354664
4367143
4378401
4384398
4388162
4409520
4412435
4422027
4432729
4444922
4459708
4467351
4482975
4499792
4515132
4515184
4549095
4558255
4579059
4592454
4596189
4597208
4600021
4600791
4601887
4619666
4619696
4634298
4636595
4651340
4655512
4666572
4686720
4704357
4708551
4712778
4721549
4728456
4732605
4734483
4749521
4751627
4756585
4772719
4778451
4781232
4781847
4794514
4802527
4839082
4847562
4854359
4867970
4877271
4912644
4942235
4950293
4982812
4985529
4989171
4991434
5006338
5024636
5029021
5040711
5046553
5054282
5060397
5068143
5078181
5082112
5092350
5103107
5105595
5107371
5132938
5140606
5149181
5160179
5168785
5179330
5184218
5187597
5222628
5238333
5249981
5249991
5270770
5283425
5304496
5309078
5311910
5352725
5355121
5357770
5363442
5374307
5391989
5393090
5394207
5428694
5453331
5464605
5474268
5477476
5494447
5494817
5525370
5525637
5530780
5533446
5560087
5579287
5608425
5608897
5612709
5613219
5614535
5616849
5619100
5619720
5619762
5630200
5640028
5653089
5660895
5664947
5667448
5670083
5683397
5686390
5693366
5712192
5714282
5719300
5732336
5733207
5750142
5760663
5761059
5771675
5784076
5790205
5792202
5799982
5807648
5846620
5852786
5898330
5900193
5923129
5924941
5927702
5928757
5938918
5957596
5960254
5972822
5983173
5986222
5986836
6021863
6034783
6045679
6057312
6060813
6064576
6077476
6078919
6122696
6123052
6147826
6148373
6157845
6170602
6179246
6183691
6204576
6208248
6232985
6236167
6274366
6276797
6294605
6302581
6304466
6306459
6307794
6313756
6333275
6355874
6356321
6362720
6364327
6379883
6392876
6397437
6400682
6406416
6415850
6418673
6431351
6439478
6450012
6459142
6470215
6478264
6480598
6481664
6484021
6489154
6496277
6496990
6497774
6508991
6514832
6520370
6522031
6531401
6536664
6549301
6550519
6597668
6600966
6610346
6631444
6634782
6637363
6640113
6640152
6654542
6686079
6701430
6718041
6726726
6737100
6753689
6769615
6787743
6791865
6814726
6821514
6865655
6866165
6869637
6872104
6884676
6896237
6902788
6929814
6937931
6947970
6953496
6955121
6964960
6970474
6982615
6988939
6998252
7000562
7001863
7006395
7017392
7030110
7033057
7035171
7067524
7068224
7093671
7094657
7094881
7105317
7105974
7109064
7112877
7113864
7118727
7120207
7133798
7144184
7147291
7158969
7166652
7225638
7242178
7255025
7255294
7257375
7273219
7276025
7276274
7287658
7297239
7317656
7323778
7325281
7343555
7345087
7358721
7376330
7379123
7395083
7401788
7403226
7419270
7438326
7440349
7491079
7511976
7520274
7535855
7546429
7553133
7570899
7574002
7576509
7581264
7585948
7597674
7601726
7604635
7652765
7653785
7654197
7665714
7691752
7731775
7755207
7756493
7760123
7769804
7769932
7770262
7796670
7819298
7827265
7838111
7852013
7865545
7867769
7875940
7877897
7881997
7887139
7894261
7899224
7899333
7928186
7935463
7942160
7944024
7946562
7959744
7972152
7973392
7980482
7993551
8001774
8002449
8002685
8006152
8023400
8039169
8041213
8065800
8079105
8104878
8105252
8107271
8115332
8119320
8122409
8124581
8137350
8151484
8170624
8185768
8191156
8192998
8196626
8199818
8200122
8207890
8213480
8220413
8233731
8234114
8251995
8257134
8268292
8281462
8302566
8324953
8339655
8340217
8344817
8348428
8359270
8371213
8379351
8389853
8391549
8397539
8401267
8412782
8418792
8448525
8452348
8476099
8490751
8519169
8531373
8549340
8567747
8577295
8580359
8582952
8611638
8612960
8616570
8617376
8643205
8649140
8657436
8665591
8672341
8675078
8678891
8712961
8717371
8720095
8720258
8725346
8729048
8740179
8742979
8752916
8764611
8767151
8769203
8782484
8783318
8803254
8812940
8828837
8853400
8857921
8860605
8875982
8919226
8922150
8939693
8944281
8976364
8978114
8978699
8984068
8988873
8995229
8998458
9004619
9006080
9010597
9010662
9011985
9019479
9028966
9033824
9045067
9056525
9066684
9087858
9114226
9152037
9162374
9178084
9178532
9179063
9186476
9187772
9193256
9197081
9197817
9200983
9210900
9222760
9227357
9234858
9263099
9263346
9265791
9269991
9281718
9288902
9289505
9303361
9315820
9318914
9330042
9347435
9363671
9370720
9386093
9389904
9403240
9404962
9408234
9424385
9435412
9440372
9448793
9467233
9475159
9481870
9489394
9518766
9523934
9526390
9529539
9535253
9564732
9569440
9572672
9581172
9600498
9625361
9635018
9636587
9640824
9647924
9653651
9674120
9679104
9695253
9695336
9698917
9706455
9734730
9738726
9740548
9751452
9752242
9762566
9773943
9783928
9791232
9796255
9810321
9811601
9823258
9865161
9874349
9875951
9877054
9891422
9902581
9906870
9912813
9929470
9930467
9939629
9964535
9976505
9985724
9997023
