7332
15761
19343
20952
29550
33446
34184
35826
35992
54125
74636
100558
112684
132030
142161
142329
144127
151538
159564
169653
170466
174524
179691
184423
190018
193536
219660
239202
239699
244487
247892
253554
278015
280994
291972
324024
348631
350736
365358
374055
392052
400972
404084
410936
422115
425528
439828
440991
443453
455186
462204
463556
473575
492941
513925
521742
523350
536531
548757
560570
562977
578656
583309
587433
596700
598284
604831
608508
627164
648823
659537
659601
667604
670549
677033
677780
681227
682268
694757
699720
705758
747586
754488
779917
781704
788331
796487
824447
827039
876645
878950
888107
917024
927877
934936
950698
973729
975538
980015
986165
990669
991121
995419
997660
1007604
1015979
1018708
1023798
1024749
1030469
1044655
1057993
1064511
1073785
1075539
1083265
1091152
1094153
1102511
1110068
1116156
1119427
1133308
1159938
1165141
1170527
1182852
1196943
1246967
1250064
1259869
1265609
1274045
1293530
1301301
1345362
1347324
1349861
1354124
1378063
1389291
1398795
1436155
1436995
1447038
1454225
1457549
1468977
1492038
1494567
1495368
1511029
1523340
1524121
1529330
1533795
1536783
1542337
1542984
1547920
1551559
1570823
1574311
1578214
1579806
1585028
1593551
1597372
1605185
1612326
1614664
1615941
1633473
1637700
1638792
1643977
1651059
1661783
1666584
1669343
1673330
1675220
1678332
1683777
1690398
1704495
1708895
1748299
1749431
1757240
1782240
1789576
1793557
1804768
1817860
1834950
1837123
1873809
1878311
1883439
1930845
1933241
1942927
1945962
1949628
1960295
1972017
1973323
1977451
1983210
1990716
1996141
2021092
2030797
2050455
2069552
2078039
2082375
2087516
2091905
2095557
2126787
2134407
2136621
2143042
2151090
2161290
2168177
2200499
2207899
2212238
2213916
2227259
2233255
2243142
2246335
2254293
2255613
2265216
2283021
2284184
2299853
2305099
2305360
2315038
2332120
2376953
2389961
2428847
2431225
2436049
2437407
2461244
2464387
2465862
2467288
2490412
2500198
2506626
2524494
2531614
2537108
2550954
2555851
2563780
2567044
2600715
2604839
2629719
2632300
2646147
2661634
2670859
2675950
2682080
2711821
2713067
2724306
2725404
2727883
2739979
2750099
2763330
2765816
2772118
2776151
2778970
2793734
2794860
2832657
2836277
2859450
2859863
2860830
2861306
2863569
2869445
2873780
2884374
2892009
2892237
2893372
2927373
2939844
2946244
2951384
2956304
2967755
2969783
2979522
2980258
2993017
2996567
2996834
3003117
3012030
3014943
3042405
3048855
3063698
3066243
3067696
3075654
3076231
3101127
3106954
3111045
3115060
3121160
3123284
3144070
3150176
3156979
3162390
3165188
3175419
3184411
3192296
3200983
3204479
3211362
3214211
3222013
3223613
3227910
3229359
3232710
3241857
3251344
3259758
3277330
3282914
3282998
3291144
3301538
3303044
3303792
3306451
3317848
3319142
3326063
3327567
3327882
3330795
3334847
3338750
3340940
3357008
3374728
3385044
3385556
3386441
3406153
3422568
3446883
3459142
3461465
3467796
3481893
3482206
3482686
3486834
3487912
3533440
3549831
3566033
3572677
3573477
3577245
3580091
3598476
3599521
3621987
3638807
3647378
3649251
3660186
3681943
3683808
3691908
3707943
3710255
3712715
3714614
3714898
3723259
3723965
3733935
3810254
3818359
3870343
3876787
3884405
3885627
3897738
3899669
3902274
3902546
3910755
3912328
3938633
3939502
3949723
3951398
3963515
3990591
4010223
4019500
4021331
4022028
4036969
4037528
4046579
4052246
4060223
4062282
4078301
4082480
4088242
4089770
4090429
4116972
4119331
4125436
4168745
4185422
4191894
4202744
4263198
4265891
4268747
4282512
4291393
4291924
4299219
4306446
4342905
4359013
4370711
4374168
4377010
4390379
4396057
4402004
4410384
4411015
4425519
4454444
4462071
4462362
4468055
4470167
4473318
4488346
4489492
4500072
4502351
4517971
4519165
4557682
4583665
4594905
4598732
4606722
4619305
4658238
4658254
4691582
4697672
4699717
4700712
4702438
4702830
4710208
4721571
4749963
4759094
4797207
4797728
4827655
4836399
4850732
4869149
4878777
4881556
4882195
4887218
4936295
4951551
4967429
4967597
4984291
4991690
5002133
5017799
5023310
5026352
5039313
5043256
5050235
5068112
5086395
5091686
5116311
5132419
5135933
5150919
5153564
5164214
5181138
5196265
5212836
5233087
5234946
5238808
5241490
5264905
5267534
5281475
5285677
5294842
5304092
5327124
5346334
5389469
5406011
5413955
5423131
5443123
5452164
5454616
5478186
5489616
5490441
5496260
5499112
5522792
5545239
5552678
5579954
5591111
5591608
5592830
5594996
5605030
5615763
5616305
5617693
5622806
5623594
5636650
5645231
5651801
5656130
5668394
5694337
5696533
5711014
5727561
5739851
5753600
5761194
5767262
5809057
5821688
5834192
5842400
5845934
5849640
5859215
5876939
5879508
5889664
5893088
5909300
5923973
5945350
5950746
5954533
5959152
5981965
5989152
6000946
6001494
6005241
6005543
6011523
6031318
6046747
6050892
6052817
6052877
6083316
6084029
6086529
6090502
6090624
6104638
6125631
6128449
6136780
6141266
6143671
6162492
6165145
6177078
6177463
6180743
6190791
6195853
6211578
6221466
6252674
6268739
6272034
6277404
6278993
6302184
6308493
6316278
6335018
6365228
6379358
6385679
6388211
6404720
6415879
6431362
6453036
6456316
6461220
6467521
6477222
6494402
6498687
6499453
6501039
6503479
6558047
6561381
6563046
6578624
6578848
6586781
6586891
6588404
6605822
6608303
6614825
6621589
6636083
6650019
6655928
6656778
6670492
6693612
6718444
6737968
6747493
6752778
6762818
6802682
6806512
6832342
6866911
6884564
6902043
6939728
6953805
6956621
6979935
6986721
6996104
7007994
7014112
7029598
7032266
7041337
7041514
7045799
7049336
7052068
7059592
7060254
7071277
7081192
7086637
7092244
7100274
7114299
7118998
7144554
7162556
7172262
7173851
7176130
7179353
7189291
7193041
7204233
7216412
7218184
7233446
7236782
7270351
7284282
7285772
7290386
7295686
7305945
7309276
7322752
7331409
7332395
7341273
7343951
7358142
7361084
7362223
7381405
7382914
7386787
7418068
7454210
7454976
7456349
7461190
7464224
7473193
7476328
7495360
7508682
7517522
7525341
7534410
7536114
7537543
7558516
7568363
7578383
7586802
7600452
7617423
7617869
7640186
7663399
7668033
7668489
7674209
7714653
7725642
7728643
7729377
7748083
7752085
7761919
7763433
7767419
7816227
7826429
7839377
7864751
7891139
7892292
7893727
7905466
7954709
7957806
7958443
7970753
7977112
7978147
7987341
7999021
8003160
8005507
8013501
8029200
8033844
8044185
8044898
8045575
8048434
8052972
8053961
8068415
8085733
8093233
8097219
8119281
8125765
8127995
8160943
8166357
8174048
8178953
8179872
8182615
8191669
8194546
8218248
8220317
8220829
8234873
8242342
8260843
8277108
8284514
8288580
8289751
8305598
8315122
8344174
8348500
8360773
8364553
8368342
8372038
8376986
8392030
8400028
8411633
8418734
8431488
8438888
8452279
8490094
8493735
8495240
8504355
8508385
8515488
8529616
8542298
8547344
8551930
8560413
8561031
8570042
8602298
8604352
8624203
8627545
8630441
8664342
8664551
8664911
8669314
8677978
8691865
8718254
8771666
8794996
8823618
8833080
8835865
8838062
8855063
8858302
8860651
8867011
8872479
8880362
8894321
8903838
8905644
8913053
8924324
8929407
8937025
8943212
8945299
8946281
8968437
8970664
8982572
8984878
9006317
9013442
9015329
9046962
9061227
9074481
9084288
9090075
9108997
9113998
9117795
9120741
9129507
9153263
9175133
9175888
9189322
9204042
9210575
9211150
9221472
9236223
9243209
9256719
9275223
9275684
9280202
9283118
9289750
9295854
9303455
9309296
9316612
9319269
9324506
9330465
9341559
9342720
9353741
9363472
9373113
9375612
9392571
9396467
9413195
9426351
9436911
9448415
9458819
9462043
9468260
9480445
9482202
9485240
9500822
9509646
9512147
9512906
9523375
9560239
9561058
9562063
9562113
9562342
9574615
9594755
9598993
9601170
9610227
9621539
9640801
9641996
9648320
9671666
9671769
9672069
9677232
9693315
9719702
9721752
9737704
9738377
9739481
9740464
9752224
9757165
9798856
9799999
9805497
9807850
9820612
9902788
9907640
9922048
9926570
9940013
9943409
9949555
9952607
9956165
9969922
9973557
9985542
