5310
6222
7037
14062
15943
19028
74636
79811
91016
92871
98197
108056
114137
123840
126525
135774
136553
144644
145721
149794
153916
201545
239134
242193
254582
259928
264582
275192
279186
324308
326184
330419
337262
337634
353945
377587
395369
397760
402667
403359
408390
419834
426323
438742
456547
460638
461693
485556
515830
518501
519602
530902
539964
540919
542334
545026
552171
580445
596069
611461
641139
650706
653947
674315
695836
698092
711284
725748
727132
727729
730081
744222
755599
758174
761279
762842
765308
765485
767576
767699
768510
776922
792796
792904
805904
815550
819610
821224
834905
836671
838963
842488
846585
847800
848168
853289
855649
855786
858759
861866
870362
872693
877962
904221
910597
921060
921521
942825
946907
958734
959764
962667
967636
972691
976462
998951
999590
1013734
1023321
1044765
1060711
1061218
1081652
1086711
1092216
1111290
1111536
1114127
1114265
1118200
1125365
1133699
1137473
1151396
1163324
1168807
1178247
1192620
1231499
1233242
1236982
1250922
1254426
1261111
1279151
1280014
1282121
1286010
1288687
1294841
1300994
1306156
1332306
1374772
1375898
1382633
1385987
1389752
1402830
1409850
1422638
1432838
1436662
1442650
1461336
1466837
1473009
1478589
1498128
1499111
1505693
1511203
1514380
1518197
1527000
1534283
1541455
1551108
1562678
1566278
1604662
1633895
1648121
1701364
1719674
1727139
1727329
1728176
1729264
1736197
1742387
1749424
1754136
1758437
1762532
1764385
1775029
1784015
1802904
1806740
1811286
1823061
1824287
1835465
1837001
1839875
1846621
1846760
1847940
1848075
1867503
1877671
1885954
1891933
1909536
1916734
1930753
1949260
1949491
1982169
1988181
2013556
2015804
2047505
2056458
2060798
2064201
2067544
2071432
2083588
2088846
2097322
2102563
2103769
2121653
2122326
2126678
2132415
2134797
2139717
2170196
2173460
2204311
2205086
2216923
2224783
2237954
2273759
2282498
2289716
2299404
2307592
2337554
2340704
2341638
2349959
2357289
2375298
2397321
2413410
2440313
2444633
2449343
2470700
2471942
2478093
2484301
2505490
2522019
2546789
2548688
2551539
2566122
2574847
2575198
2576070
2582035
2582286
2588036
2588075
2592632
2594363
2612253
2621582
2637161
2643019
2644690
2655909
2668452
2673942
2686645
2717905
2724049
2751823
2753379
2754718
2755057
2762365
2767860
2779980
2784257
2801013
2806208
2820595
2822011
2827374
2846772
2853546
2853664
2861646
2864133
2866381
2867207
2870383
2882941
2882994
2907829
2930113
2931067
2936678
2956511
2957833
2962631
2976227
2977233
2978127
3005385
3008392
3009175
3010285
3014580
3018341
3030520
3039788
3043582
3067008
3067308
3081964
3095982
3098542
3101831
3108987
3113256
3147041
3150859
3158206
3188671
3193674
3213440
3214995
3228782
3242644
3252872
3255342
3265918
3279825
3287885
3293823
3297978
3305370
3327845
3328883
3347648
3371666
3378680
3382710
3397418
3398300
3399584
3400794
3403492
3404464
3407655
3431138
3458328
3491114
3501655
3506220
3519315
3532786
3533587
3540353
3574652
3581077
3591273
3595423
3600664
3611900
3619766
3625189
3627852
3636078
3650009
3650998
3676422
3687263
3697599
3703912
3704783
3733299
3739441
3742516
3754884
3760290
3769680
3776152
3816155
3816890
3834252
3842582
3859708
3861532
3890789
3906117
3916035
3932351
3937741
3988879
4016235
4018465
4026737
4036198
4042997
4065088
4093704
4106829
4109007
4109030
4121591
4123883
4137237
4151426
4153138
4165017
4178458
4179967
4181013
4181891
4181974
4193603
4214193
4215481
4236038
4238947
4250575
4264502
4265679
4268877
4292274
4301076
4317825
4318490
4325040
4339573
4343653
4349225
4352561
4363058
4364660
4383530
4388671
4396248
4404913
4425415
4430046
4430194
4444819
4446287
4456002
4461586
4475054
4565854
4575209
4601009
4610307
4616731
4617735
4633748
4642465
4675752
4676198
4684347
4693263
4716431
4722697
4726349
4753634
4754291
4757402
4763193
4767978
4785173
4793330
4795783
4811579
4812109
4827751
4831288
4838401
4849931
4851980
4854210
4858080
4867324
4874804
4877280
4877877
4890901
4898736
4899333
4944230
4953265
4962999
4968665
4969062
4973528
4976357
4983269
4990557
4993254
5019420
5023094
5033234
5035447
5036188
5063955
5069952
5075754
5079243
5116642
5147242
5151138
5157909
5168762
5170129
5173552
5178483
5188907
5199405
5210278
5236104
5250795
5251226
5256799
5259977
5260386
5261080
5262716
5281145
5287193
5329501
5334166
5350379
5354406
5364123
5381942
5388772
5402740
5416471
5422319
5438407
5464231
5476165
5479697
5486548
5511442
5542849
5547298
5549190
5552184
5562091
5570102
5573498
5579560
5588768
5609146
5612706
5620314
5628025
5681973
5695397
5704768
5712001
5717563
5730499
5738656
5754216
5758823
5765175
5781620
5794524
5800177
5821298
5825294
5830925
5832896
5851732
5852432
5860156
5865420
5877286
5881430
5884753
5887975
5919533
5941374
5942044
5947014
5952090
5957796
5963635
5967168
5993292
5996546
6001770
6008409
6023595
6026883
6030345
6037346
6037377
6047202
6048039
6104367
6110530
6135499
6153599
6159029
6170248
6172697
6185686
6190154
6193632
6199086
6233464
6242401
6252150
6259708
6269284
6280805
6281200
6310759
6319925
6320846
6323989
6330287
6335610
6356708
6387404
6406738
6408196
6427312
6429923
6441598
6445025
6468621
6474890
6484240
6487037
6497694
6523037
6543953
6547577
6606370
6613157
6613551
6619385
6637139
6650625
6654134
6671226
6672071
6675184
6706265
6719587
6721474
6736794
6742335
6766309
6774350
6780390
6793417
6794415
6794422
6809304
6843672
6861675
6865454
6868092
6874930
6895488
6903242
6906043
6922295
6927769
6938848
6943649
6945789
6949398
6962760
6973093
6983687
6983978
6985160
6998323
7000871
7006339
7022242
7025788
7035093
7043909
7048112
7069933
7080438
7093708
7094779
7098537
7106996
7111516
7113013
7115531
7119037
7119618
7123689
7127753
7144160
7147398
7147645
7157451
7160170
7185228
7193604
7207573
7225091
7236224
7253287
7261767
7275304
7286670
7288942
7291165
7299293
7299671
7304060
7312469
7316207
7320924
7326986
7338787
7341401
7343388
7343646
7346391
7359900
7366844
7371192
7430355
7439645
7444890
7452132
7461256
7467259
7478938
7483221
7511561
7516097
7544471
7563407
7563461
7571530
7575969
7581401
7587291
7615436
7632907
7660913
7664822
7696048
7700371
7710055
7714136
7714278
7737670
7740125
7771808
7782581
7783759
7799398
7820575
7823674
7840704
7851584
7866273
7868422
7868681
7931406
7933515
7934551
7937624
7951234
7980117
7990909
8005058
8006391
8021584
8039624
8040279
8042020
8046565
8050827
8051739
8052024
8052468
8060099
8064001
8068439
8070499
8078185
8083857
8121814
8141090
8151000
8157836
8171113
8177161
8190815
8191257
8192266
8193149
8198571
8199327
8200627
8206249
8212359
8221858
8222796
8225742
8227996
8246628
8256669
8259650
8271261
8275959
8281437
8284011
8284387
8291622
8296410
8299235
8306139
8321354
8325695
8335987
8344832
8346579
8366593
8386962
8391681
8408779
8413755
8424201
8444684
8444773
8467377
8475016
8490803
8519171
8525196
8525778
8525866
8539900
8555543
8566997
8575386
8603342
8618431
8632336
8637615
8642124
8646948
8660659
8668582
8691612
8712093
8718030
8720777
8735654
8747340
8754260
8760795
8764890
8769777
8772875
8773909
8781542
8789337
8795925
8815605
8826679
8832728
8849979
8857773
8880183
8897481
8917984
8929128
8930138
8936046
8964197
8975115
8976066
8986438
8988802
9000386
9025757
9032399
9040250
9046249
9056181
9064405
9086549
9106520
9114650
9118122
9129463
9166903
9180105
9217601
9222048
9225838
9283285
9292736
9296380
9316939
9353083
9377042
9398704
9399419
9401509
9420241
9422180
9423640
9431531
9439825
9465320
9473309
9485398
9485709
9487282
9505880
9520541
9522761
9527971
9533112
9548594
9553444
9561461
9569151
9606404
9629811
9630647
9641326
9652292
9655176
9693371
9704576
9705120
9709075
9719243
9719302
9727743
9732671
9738924
9739189
9743293
9747421
9751079
9754676
9755352
9757387
9770192
9783161
9807835
9812493
9814585
9835460
9835510
9868872
9883306
9904717
9906132
9923800
9930074
9936770
9941582
9948535
9958002
9989955
9990593
9996896
