5099
5263
7278
16783
16874
36098
51905
52678
102931
124387
125220
126109
129256
134740
135785
135996
141676
144474
156551
170102
175994
181634
182101
198458
206384
210291
216704
231163
246512
255705
258835
268617
277590
278474
293299
309271
309497
319990
324791
325944
341597
398841
399100
405453
414876
433088
436481
441036
445174
453304
454660
468498
469777
498639
507895
509499
509809
528783
538311
545579
565825
577360
583937
586955
587936
589601
598013
601472
608793
611619
613827
617516
624450
663422
680417
687797
693416
701862
708672
719442
719549
722967
746640
748106
794461
807882
828267
878306
893357
906647
912473
922099
939752
940530
966726
981097
990169
997685
1005436
1022475
1034811
1049862
1051612
1052656
1065427
1067319
1080740
1094406
1101414
1115797
1127942
1133534
1134287
1140564
1142982
1149824
1154313
1176412
1188540
1190646
1208638
1215738
1254307
1263635
1269690
1270048
1313768
1320952
1321176
1325780
1358841
1365219
1366455
1379626
1385170
1390707
1411800
1421292
1422478
1437992
1443012
1486969
1495285
1508823
1513038
1513317
1524507
1534929
1552590
1558074
1559343
1561155
1563434
1582445
1582514
1585034
1590023
1590946
1592881
1595380
1605270
1636595
1638770
1666226
1667170
1670454
1682663
1694532
1700606
1715514
1734098
1735997
1746243
1759441
1767778
1769509
1808872
1811515
1831946
1842553
1844076
1872216
1874400
1880503
1892481
1934530
1969321
1974109
1994389
2005440
2010294
2013250
2022662
2026011
2039410
2043238
2061990
2073324
2074103
2085049
2096568
2122708
2122728
2136631
2152212
2153450
2168819
2169946
2187027
2195059
2219356
2221881
2230047
2233233
2234796
2252626
2258629
2270369
2306846
2308407
2325596
2325912
2326338
2327200
2338541
2349158
2352205
2359246
2360123
2374975
2387843
2388917
2390168
2390266
2398599
2408591
2466057
2471433
2471864
2494257
2505731
2513332
2518491
2520723
2524835
2554245
2561759
2571921
2574410
2576849
2582472
2586941
2594642
2609765
2615692
2617314
2621750
2622055
2630706
2632553
2639737
2644151
2649761
2665836
2677634
2684860
2690503
2719222
2724630
2733555
2742531
2750906
2751949
2755106
2759215
2765777
2775645
2787235
2792262
2792388
2795532
2797022
2807475
2833714
2856671
2890246
2897154
2935201
2942225
2971324
2989919
3010285
3013731
3015380
3026930
3030392
3033795
3043742
3045854
3046765
3052092
3052714
3064350
3069564
3074472
3083294
3117098
3120422
3133229
3134969
3145740
3152655
3157703
3167335
3173088
3195010
3213569
3213855
3214355
3219585
3222068
3230517
3233572
3256384
3290680
3302832
3306386
3308116
3339599
3344763
3355228
3359553
3364796
3368533
3380446
3380936
3386664
3389434
3397421
3401790
3405264
3411941
3418030
3420643
3435563
3442900
3448224
3450036
3458389
3459614
3460640
3462680
3462881
3473355
3478844
3483849
3491304
3497207
3497537
3501961
3512252
3532608
3546879
3550634
3554958
3582371
3625132
3626872
3680885
3692615
3711584
3730433
3741965
3746258
3786404
3789287
3792261
3797924
3804770
3811977
3837505
3842943
3887919
3896981
3910139
3921673
3938325
3953706
3955577
3962404
3974269
3977729
3986147
3993702
4012412
4015658
4019638
4024041
4024584
4024748
4032602
4032801
4034232
4040790
4091896
4096346
4103155
4107714
4125187
4136432
4137383
4146736
4160424
4166368
4168691
4171473
4176163
4194338
4214114
4224150
4228641
4228876
4256287
4284492
4290158
4292986
4294309
4304840
4313115
4315788
4328359
4363634
4364619
4367872
4372261
4381203
4401152
4412285
4437539
4438174
4445181
4446880
4450540
4453519
4484247
4491014
4495995
4500304
4502603
4517303
4527735
4540191
4572049
4575076
4581773
4618969
4644966
4645535
4646610
4682593
4706069
4712537
4745161
4758021
4765670
4768657
4773299
4802437
4809835
4819657
4840027
4849490
4854726
4858817
4859886
4864414
4875558
4883507
4886270
4892891
4893873
4908851
4912735
4915135
4915261
4925387
4944797
4956133
4958476
4963148
4990013
5000203
5022759
5023403
5025659
5033169
5059625
5091625
5103384
5111520
5112881
5150888
5152548
5160684
5164851
5181171
5185460
5187573
5216956
5221163
5223077
5225504
5225734
5229758
5233983
5237877
5277959
5286114
5294485
5299527
5321918
5326291
5348752
5403821
5404987
5407853
5424838
5432567
5441357
5452027
5455564
5462128
5480371
5492129
5492421
5493105
5493343
5495616
5501889
5503285
5509089
5509802
5525375
5528296
5534083
5546231
5558507
5563646
5564677
5569471
5569626
5570780
5573529
5585524
5592233
5596784
5637008
5657391
5658684
5662350
5663429
5674700
5679415
5681053
5686451
5686958
5700166
5703387
5705025
5708073
5713508
5744634
5753526
5753645
5767107
5774010
5784987
5788955
5790237
5802636
5812227
5830060
5833614
5849326
5857992
5899432
5901088
5914827
5926453
5931782
5936812
5972299
5988124
5999841
6000404
6001512
6016608
6030918
6033029
6052710
6060593
6085943
6109742
6110653
6118608
6131529
6154362
6163975
6169802
6204370
6204587
6209899
6214254
6265864
6268292
6294851
6295403
6297254
6314285
6326367
6327561
6329012
6352332
6366171
6366192
6408189
6425254
6439150
6442512
6445968
6452378
6461396
6461418
6486839
6496637
6508745
6511469
6513242
6514020
6514832
6519044
6530438
6536421
6549926
6561031
6571761
6588284
6598930
6603308
6606051
6613000
6614154
6641670
6670383
6672170
6678305
6690045
6698583
6699659
6706651
6714064
6724874
6729067
6729493
6736208
6742518
6754086
6755370
6763458
6773533
6811000
6815484
6827190
6836490
6842131
6850770
6857301
6861002
6866466
6872008
6872618
6901940
6921707
6931736
6944701
6947946
6954773
6955620
6971277
6979704
6982941
6987170
6993255
7008825
7015575
7016548
7030216
7039153
7061298
7062009
7076551
7077595
7089063
7106004
7111463
7113937
7126448
7131639
7144934
7158653
7168261
7169014
7191944
7197804
7200019
7211046
7227110
7262455
7279859
7286787
7290823
7292672
7298638
7298804
7305564
7332452
7335998
7347191
7352903
7372887
7376860
7377950
7384653
7399648
7408437
7415115
7419130
7423924
7428687
7432248
7454350
7468324
7470258
7471318
7476646
7490350
7501030
7506142
7515183
7523255
7524791
7529966
7540614
7547153
7561150
7585291
7599821
7601714
7605580
7646747
7662736
7663727
7677123
7699884
7721635
7726906
7731695
7732182
7744943
7748248
7755871
7756892
7767252
7769380
7789455
7815451
7816538
7826284
7850853
7851126
7862867
7884726
7887040
7888786
7913563
7940235
7942946
7944212
7961551
8001249
8002227
8003740
8016845
8023453
8024110
8028188
8029520
8065120
8074069
8079918
8082219
8099868
8105162
8120375
8128428
8131381
8168510
8190520
8196095
8204840
8228283
8237469
8237491
8239550
8245852
8249265
8249568
8253222
8263136
8267080
8271682
8275408
8282966
8291446
8292770
8294730
8310482
8316989
8331965
8332228
8336889
8347120
8366155
8383476
8411469
8411942
8432666
8447658
8450526
8453624
8463804
8469607
8471973
8479639
8485860
8508947
8540501
8545743
8553278
8564261
8573175
8574589
8584091
8587207
8590526
8598725
8610648
8619842
8622613
8627076
8655488
8659868
8683253
8691819
8700583
8708305
8708567
8710665
8714211
8717652
8724621
8734415
8749867
8757007
8771439
8785937
8793866
8796215
8807696
8829104
8834491
8858956
8858961
8860827
8882108
8882135
8891824
8897136
8897193
8897758
8902165
8905295
8907206
8909585
8914921
8924932
8933991
8935141
8971205
8988935
9002237
9029163
9033895
9045146
9046279
9050966
9052332
9062835
9073637
9076413
9096618
9099745
9102606
9111598
9117892
9123032
9143843
9146878
9150227
9150949
9153081
9154765
9178908
9190391
9191709
9193057
9227488
9240368
9256924
9286232
9300541
9306755
9313923
9316367
9317198
9318231
9318486
9320752
9332473
9356228
9367926
9371432
9373557
9377553
9382312
9383722
9408300
9415609
9435545
9438820
9447303
9455847
9458299
9459510
9469410
9470992
9475448
9479852
9483217
9509938
9523378
9523750
9525443
9544326
9557409
9558414
9571595
9577491
9591485
9591688
9594989
9631162
9633122
9634975
9643890
9656431
9663696
9668949
9669403
9700441
9732389
9742479
9744714
9749613
9750452
9769870
9786483
9793123
9810591
9813738
9831043
9845112
9848013
9864767
9889102
9925694
9925727
9929236
9945769
9947716
