42
330
1170
1693
3247
4628
4651
5392
5778
6360
6450
8325
9827
10927
11156
11207
12026
12424
13915
15258
16378
16584
17531
18335
19743
19931
21789
22394
23097
25222
25839
27601
28110
31023
31380
31678
32630
33617
34643
35026
38583
39667
40601
41306
42627
44571
45103
46019
46941
47290
48226
48601
49684
50087
51848
52178
52409
53145
53313
54185
55399
56106
56455
56658
56716
57245
57799
58376
61538
61678
63454
64771
65035
66090
66505
67481
67524
68653
68779
69912
70934
72749
74426
75760
77455
82473
85014
87376
88157
89221
89363
89996
90135
90620
91511
91967
94082
94921
95035
95455
96154
96527
101352
101409
101632
103019
103140
104259
104683
106424
113779
115153
115470
118179
118551
118794
122795
123165
124020
124823
125482
125869
126508
126578
126767
127075
127362
129172
131618
131981
132557
132989
133240
133840
133928
135381
136341
136492
136827
137541
137781
138092
138770
138853
138893
139403
141677
142752
143909
144471
144722
145507
145563
146943
147636
148113
148255
148597
150271
150416
151773
153367
153548
154079
155822
156638
157810
158521
158575
159565
161650
162619
162960
165109
166326
166617
167562
168757
169644
170368
171094
176650
177183
177389
180884
182466
183762
184285
187442
187924
188707
189141
190017
191117
192669
192918
193500
198849
199023
199493
200089
200919
201060
202280
202694
203690
204924
205503
207562
207752
208519
210755
211823
212005
212199
212361
212467
212747
212989
213764
215494
217807
218636
227154
227944
228081
229073
229441
232346
233079
233220
233495
233623
233744
233979
235217
236379
237027
237728
237824
238190
238975
240981
241222
241235
242546
242815
244035
244990
245366
245494
245760
245776
246378
247930
249751
257113
258993
260389
261074
261179
262640
262656
263050
263634
264307
265657
269436
269461
269612
269690
269989
270302
270585
271595
272428
272676
272805
272901
273514
274820
276523
276894
278031
278112
278781
279022
280422
280893
281105
284577
284740
286129
286380
286880
286938
287802
288182
290567
291183
293365
294326
294468
294827
295988
297175
299164
299869
301552
303883
304396
305479
306140
309580
309895
310156
310782
313892
314076
314927
315661
316346
317868
319170
319528
319783
322575
322839
322867
322952
325891
329183
329641
330004
330745
331310
331319
332087
334930
334977
336473
336754
336890
338233
338441
338473
338629
338956
339378
339814
340044
341012
344056
345187
345404
345597
345902
347068
348408
350827
350939
351359
352055
353809
354171
355074
355840
355877
357366
357851
358120
359824
360461
361281
361689
364304
365337
366724
367832
369106
369707
369999
370056
370457
371513
371822
372875
373422
374664
375548
375695
378166
379304
379748
380510
381567
382974
384747
385011
386603
386828
387502
388165
388994
389134
389571
389831
390032
390242
390358
390773
392211
394444
395255
396825
397328
397504
398154
399057
399636
400809
401963
404181
404290
404554
406614
406894
406902
408321
411163
411577
411691
412101
413783
414082
414280
416777
418226
418478
418733
419532
419784
420523
421405
421720
421844
422012
422401
423653
427504
427941
428664
428872
431574
432287
432945
433807
434331
434405
434803
437326
438710
439566
439763
440177
440735
441792
441932
442024
442123
443490
445140
445486
445551
445581
445660
446343
446925
447613
450217
450534
450907
450978
451032
455174
456472
458431
458719
459489
461027
462612
462905
463206
463938
464538
464710
465403
465473
465859
466710
466998
469359
469881
470671
471792
471974
472464
473311
473358
473743
475233
476057
477876
478661
479270
479291
479383
480365
481848
482207
483211
483371
484245
484609
486374
486488
489130
490320
490623
491218
491744
499092
500717
502508
503405
505985
506699
510135
510969
511054
513440
515240
517160
517350
517374
519391
520014
520689
521609
521715
527268
528032
528442
530381
532899
534550
536545
536765
537584
537656
538408
541110
541437
541995
542016
542384
543172
543175
544390
544633
547932
548038
549809
549973
550146
550834
551508
551827
552191
552291
552922
553396
554734
556420
556466
561177
562421
563833
564655
565835
566547
567186
567325
568261
568643
569098
569150
570750
572577
573117
574142
580567
583034
583590
583830
586777
588304
588771
588834
589575
591188
594370
596477
597927
598842
599845
600373
601319
602462
604536
605165
605993
606713
608295
608482
609679
613787
614537
614681
617759
618126
618225
618639
619118
619378
620914
624506
625073
627042
629653
630637
630767
634030
634157
634440
634731
634946
635813
639356
642989
643061
643678
646475
647507
649741
650823
650929
651184
652680
653005
654820
659781
660202
660360
660523
660869
660971
663229
664094
664717
665074
666023
668938
669041
669727
671843
674786
675934
678341
678723
678816
678820
679220
680452
680836
681013
681444
681777
681959
682104
682366
682424
685612
686844
686981
687753
687840
687896
688682
690397
691212
691332
691963
693243
693820
694684
695989
696951
698184
699487
699924
699944
700970
701077
701123
703356
704179
704708
705045
705469
706837
710962
711243
712222
713125
716069
718159
720960
721297
723358
728051
728602
729249
730670
733242
733449
738250
738257
738276
738289
739161
739478
740681
743838
745182
749256
750052
750915
752441
753013
753622
755204
757520
759511
759680
760053
760811
760930
762255
764593
766375
767138
770687
771159
771407
771628
772134
772307
773274
773517
773844
774166
774167
774282
776037
776132
776219
776308
777002
778220
779445
779671
781627
782431
782545
782985
783214
783802
784803
785713
785881
786623
786710
786875
787590
787770
788363
788554
788971
790821
791097
791761
791892
794469
794845
795367
796464
799599
801436
803114
804331
804975
805679
805740
806408
807893
808294
809452
810723
812520
814492
814891
815901
816328
816486
817190
817410
817610
819383
819576
819768
820702
820835
821631
823429
823672
823881
824216
824509
827029
827056
827667
828914
832041
834042
836910
837500
837526
838391
839248
839273
839548
839880
840049
840412
842491
842589
845248
847825
851304
852242
854205
855000
856203
856753
860938
861812
862270
862303
863767
863797
864022
864281
865429
865754
866135
869199
870864
871432
875413
876629
876813
878282
878733
878763
878882
880327
881613
884489
884652
885480
885656
886577
887201
887487
887704
887963
888194
888520
888618
888702
891684
892649
892753
893452
896676
897807
897941
898710
899335
901103
901411
904885
905051
905761
908243
909107
909141
910257
910401
913340
913500
915718
915991
917119
918773
920981
922549
925546
925777
925852
925921
926533
927500
927699
928520
929853
930550
931487
931514
934130
936579
937763
940034
940327
940592
940728
944149
944687
944695
945577
945648
946255
947705
949608
950536
955319
955406
955879
956893
957341
958700
960227
961245
961978
962195
963852
964226
964822
965746
966050
968214
969943
971518
974127
975054
975307
975325
976575
977296
978239
979045
979592
980281
980836
983309
984545
985352
985484
985598
987073
987311
987572
987830
988027
988173
988557
989291
990048
990823
991553
991760
992119
993019
994449
995850
997737
999299
1000589
1000758
1001994
1002231
1003284
1003455
1003463
1004653
1005455
1006724
1008056
1008113
1008547
1008798
1012254
1012537
1012790
1012800
1013294
1014586
1015313
1018398
1018819
1019933
1020077
1020130
1022344
1023317
1023447
1024044
1024243
1024676
1024810
1025344
1028246
1029851
1030798
1031331
1031748
1033110
1035297
1037972
1038682
1039509
1039928
1041418
1043346
1044735
1045540
1046873
1049164
1049575
1050851
1051074
1051875
1053303
1053362
1053425
1053482
1054613
1057219
1058593
1061343
1061503
1064701
1065546
1067639
1068691
1069062
1069441
1070031
1070061
1070163
1070269
1070524
1072368
1072503
1073388
1073398
1073822
1075498
1076046
1076055
1078903
1080035
1082938
1084194
1085507
1085593
1086416
1088069
1088199
1088281
1089931
1090454
1091143
1092260
1092762
1092842
1092898
1095139
1096761
1097305
1097435
1098589
1100356
1100421
1102303
1102723
1102881
1104110
1105282
1105441
1106375
1107037
1107932
1110921
1111317
1112362
1113130
1114839
1115261
1115801
1117152
1118894
1119203
1119370
1120546
1120738
1121941
1124253
1125188
1125934
1126554
1127375
1127817
1127886
1128380
1128399
1129908
1130653
1131389
1133299
1134445
1135039
1135140
1135407
1136662
1137361
1137742
1138826
1139361
1139675
1139833
1141112
1141129
1144894
1145481
1147653
1148996
1150194
1151476
1152832
1152837
1152904
1154963
1155220
1155640
1159493
1160391
1166084
1166598
1167562
1169927
1173701
1173949
1175700
1176619
1177360
1178038
1178064
1179018
1179324
1179445
1181833
1182245
1188996
1190073
1190236
1192373
1192804
1194180
1196115
1196434
1196854
1199113
1199330
1199602
1199706
1200221
1200867
1202830
1205587
1205847
1206358
1207545
1207803
1208260
1208531
1210813
1213052
1213675
1214076
1214495
1215652
1216418
1217313
1217941
1219729
1219897
1220193
1221360
1222820
1223875
1224269
1227259
1227534
1228610
1229286
1229295
1232274
1234088
1234619
1235475
1238126
1241686
1241819
1244739
1245178
1246919
1250024
1251902
1254525
1256944
1257313
1258444
1258687
1258996
1259479
1260255
1260832
1261282
1262396
1262832
1264216
1264565
1266209
1268644
1269521
1271168
1272095
1272506
1272550
1273522
1274922
1275607
1280868
1281059
1281527
1282532
1282786
1283013
1283493
1286188
1288686
1289149
1289162
1289636
1290393
1291460
1291708
1293926
1294560
1295577
1298119
1298394
1299695
1300128
1300144
1301785
1302445
1302630
1303071
1304424
1304496
1305061
1305654
1306336
1307000
1309518
1309950
1310001
1311278
1312541
1312952
1313752
1316458
1317464
1317604
1318540
1318895
1321380
1321841
1323982
1324416
1325234
1325872
1325879
1328462
1328728
1330164
1332807
1334921
1335111
1337745
1339646
1340558
1341762
1343557
1343566
1344383
1344622
1345109
1345172
1345868
1347063
1349278
1349360
1349600
1352405
1352922
1352965
1352983
1354651
1356143
1357377
1357718
1357810
1358695
1359216
1359437
1359759
1365564
1365910
1366026
1370151
1370512
1371922
1372860
1377582
1378052
1378610
1379885
1380134
1380852
1381517
1381861
1383931
1384138
1384454
1385390
1385419
1385600
1385773
1387790
1391436
1392155
1392357
1394003
1394520
1395791
1398416
1399117
1400135
1401135
1401314
1402624
1403309
1404609
1405301
1405846
1406384
1406419
1406813
1406943
1407214
1407784
1409396
1411985
1414131
1414542
1415293
1415925
1418072
1418457
1420457
1421354
1424420
1425993
1426751
1426816
1427044
1427724
1427803
1428058
1428299
1429229
1431316
1431651
1433377
1433939
1434351
1434900
1436767
1437556
1438014
1438245
1439562
1441551
1442083
1442774
1442933
1444227
1445058
1445089
1446342
1448152
1448866
1449224
1450226
1452739
1452997
1455482
1456876
1459939
1459979
1461738
1462569
1463644
1466000
1467547
1467704
1468202
1469181
1470590
1470733
1471729
1471752
1472763
1474240
1476146
1477246
1478026
1478032
1479604
1480050
1480526
1480647
1481785
1483841
1485328
1487212
1487363
1487594
1488353
1490961
1491640
1492634
1493025
1493668
1493852
1494882
1496240
1496578
1497184
1498125
1498856
1499050
1500643
1502342
1503873
1504253
1506442
1509441
1509468
1509617
1509685
1510187
1510295
1510536
1510598
1516428
1516583
1519064
1521088
1521112
1522369
1522497
1524281
1524749
1525525
1526686
1528372
1531176
1531550
1531587
1531655
1531769
1532863
1534165
1534516
1535862
1536870
1536878
1542432
1542433
1543086
1543098
1543728
1544435
1544671
1546534
1547151
1548685
1549023
1549348
1549566
1551041
1551512
1551689
1551733
1553136
1553357
1554031
1555398
1556039
1557240
1558343
1558587
1558763
1559850
1561325
1561679
1562182
1565616
1567572
1570354
1572322
1572731
1572768
1578199
1579437
1580328
1581959
1582674
1583976
1584372
1584419
1584694
1584834
1585289
1585993
1586301
1586971
1587040
1588323
1589194
1589724
1590963
1591976
1594977
1597473
1597804
1597932
1597951
1598015
1598428
1598669
1598887
1599869
1599872
1599878
1599901
1601152
1603009
1603658
1605064
1605825
1607116
1608691
1609337
1609934
1611230
1611364
1611665
1611836
1612393
1613893
1615000
1615826
1616972
1619478
1621326
1622124
1625199
1625476
1626380
1626461
1632653
1632743
1636653
1637361
1638109
1640186
1640319
1642885
1642905
1643134
1644027
1644326
1645461
1646585
1646683
1646787
1647688
1648097
1651892
1653319
1656219
1656299
1657437
1657682
1657753
1657871
1660202
1662159
1666639
1667272
1669297
1669567
1670133
1670285
1673043
1673852
1676318
1677287
1678222
1678428
1679002
1681396
1683231
1684301
1684398
1684488
1684598
1684756
1684906
1685529
1686059
1687390
1688369
1688489
1689057
1689603
1689673
1690062
1693127
1694609
1696533
1697737
1698971
1699609
1699665
1700955
1701795
1704090
1705978
1706996
1707096
1707739
1708915
1710744
1712265
1712941
1715504
1717571
1720006
1721428
1723151
1723210
1724842
1725376
1725748
1726176
1727570
1729383
1729436
1732342
1733095
1733138
1733324
1734489
1735371
1736003
1738479
1740020
1742714
1744625
1744819
1745335
1748736
1749674
1749854
1750156
1750165
1750649
1750859
1751908
1753874
1754021
1755297
1756892
1757399
1758423
1759185
1759659
1759704
1761904
1764653
1766510
1767262
1768708
1768877
1769547
1769742
1771247
1772830
1775165
1777280
1778058
1778747
1780519
1781896
1781922
1782028
1783610
1786766
1787439
1787646
1788549
1789144
1790192
1791467
1791603
1792911
1793181
1793577
1794703
1797778
1802483
1805784
1806243
1806419
1812896
1815507
1815528
1815915
1818678
1819305
1820678
1823132
1825952
1826747
1828586
1829179
1829330
1829985
1831852
1834945
1835717
1835732
1836827
1838286
1838622
1838962
1840132
1840161
1841152
1841837
1842510
1842710
1843310
1843731
1844236
1844730
1845552
1848464
1849686
1850987
1851367
1851799
1853709
1854744
1854886
1855221
1856913
1857965
1859604
1860606
1861052
1861215
1863024
1863843
1866796
1867040
1868944
1871371
1873952
1875997
1879459
1881651
1882279
1883816
1885334
1885956
1886409
1886544
1886780
1886806
1888740
1888953
1888962
1891825
1892060
1893682
1895871
1895915
1896037
1897770
1897934
1898333
1900397
1900637
1900651
1904160
1906852
1906866
1906955
1907047
1907998
1910288
1910605
1910973
1912204
1912736
1914977
1917832
1918420
1918729
1919378
1919791
1919854
1921280
1921910
1922290
1923257
1927448
1928158
1928233
1928467
1929156
1929542
1930283
1930943
1931440
1932774
1933183
1935475
1936550
1938142
1938962
1939327
1939763
1940589
1942283
1942699
1943956
1944584
1945496
1946735
1947255
1948622
1948824
1949139
1949933
1949933
1950366
1952547
1952749
1954771
1955067
1956268
1956284
1956872
1957618
1958066
1960641
1961005
1962136
1962165
1963222
1965171
1967434
1968208
1968303
1969555
1970557
1971175
1973291
1973395
1973920
1975782
1976507
1977795
1977824
1978866
1978916
1979325
1979475
1980184
1980922
1982440
1983197
1984648
1985960
1988221
1990863
1990891
1991241
1993802
1994633
1994784
1995332
1996448
1996755
1997030
1997146
1998338
2000429
2001559
2001965
2002188
2002637
2002754
2002909
2002911
2004800
2005989
2006279
2006364
2006702
2008220
2009299
2009660
2009846
2010613
2012537
2012660
2012763
2013954
2016237
2016587
2016793
2016795
2017336
2017764
2019242
2020002
2020913
2021480
2023840
2024098
2024463
2025969
2026325
2028431
2028923
2028943
2029665
2033574
2034438
2034993
2035501
2037377
2038049
2038545
2038826
2040149
2042508
2042877
2042937
2043270
2046789
2047218
2047264
2047371
2047687
2049496
2050860
2051090
2051159
2051167
2052234
2053434
2053706
2053840
2054552
2057253
2058895
2059495
2060820
2061249
2061345
2061612
2061862
2062693
2065069
2068246
2069840
2070103
2071349
2072062
2073699
2075491
2075879
2076059
2078300
2081629
2082896
2083398
2083509
2086160
2086808
2086981
2087686
2088345
2088545
2088878
2089923
2090250
2091107
2092187
2092549
2092824
2093602
2094764
2095893
2097067
2097379
2098059
2098436
2103649
2104440
2104608
2106176
2107250
2108560
2110372
2110823
2111037
2112617
2113412
2114089
2115364
2116516
2116831
2117340
2117463
2118834
2118877
2119720
2120982
2123332
2123712
2123965
2124331
2124975
2125340
2125617
2126181
2126183
2126876
2127319
2128287
2128610
2128920
2129311
2130134
2130685
2132589
2132630
2132886
2133134
2134296
2134621
2135979
2136272
2136512
2136657
2137146
2138686
2143505
2143905
2144467
2144894
2145841
2146286
2149228
2151928
2153001
2153978
2157928
2158663
2161232
2161724
2163753
2165541
2166585
2167162
2167494
2167816
2167920
2169632
2169826
2170058
2170436
2171504
2171890
2173023
2173418
2173591
2173955
2174179
2175278
2176048
2176356
2177391
2177995
2178295
2178708
2180625
2180951
2182329
2182683
2182747
2184002
2184724
2185394
2185547
2185833
2185956
2186334
2188220
2188724
2191249
2191387
2192019
2193233
2195019
2195226
2197609
2197735
2200916
2201261
2202479
2204087
2204092
2205132
2206671
2207285
2207544
2208540
2208778
2209411
2210244
2212479
2216503
2218481
2218567
2219034
2221292
2221521
2222414
2224037
2225314
2225347
2226002
2227170
2227182
2230440
2231853
2233404
2234290
2235557
2235690
2237338
2237559
2237875
2238637
2239345
2239491
2239850
2240420
2240889
2241353
2242236
2243060
2244187
2245456
2246267
2246537
2246832
2248282
2248450
2251748
2253729
2254155
2254172
2254694
2255325
2255700
2257502
2257718
2259139
2260409
2261616
2261655
2263832
2264959
2266208
2266758
2267464
2270469
2270654
2270731
2272447
2272728
2272747
2273125
2274220
2274523
2275329
2275690
2278838
2279348
2283118
2283206
2285196
2285306
2285756
2290455
2291542
2292288
2294356
2294839
2296901
2296905
2301355
2304275
2306364
2306425
2307349
2307526
2307894
2308312
2310006
2311777
2314497
2317308
2318680
2321196
2322310
2323981
2324206
2324225
2326074
2328050
2329032
2330916
2331168
2331978
2332512
2333087
2333676
2334939
2335577
2335873
2337816
2338502
2338512
2339141
2339674
2339731
2341185
2341546
2343309
2343486
2344079
2344378
2346244
2346745
2348110
2348530
2349736
2350140
2351868
2352266
2353986
2357451
2358809
2360389
2360509
2360897
2362933
2365464
2365480
2365762
2365886
2366087
2367298
2367448
2367873
2370246
2371357
2372036
2373067
2374089
2374389
2375091
2375502
2376468
2377842
2378724
2381792
2384379
2385142
2385650
2386428
2386695
2387219
2387238
2388783
2388845
2388994
2390426
2390789
2390860
2391711
2392038
2392699
2392825
2393003
2393158
2394826
2397227
2397602
2398354
2398779
2401000
2404028
2404213
2406783
2407642
2409227
2409410
2410006
2410085
2410340
2411371
2412150
2412345
2413502
2413543
2414397
2415410
2415619
2415835
2415856
2416389
2418396
2418732
2420263
2420577
2423697
2424171
2427821
2428487
2429441
2430054
2432399
2433406
2435188
2439576
2440547
2440800
2440875
2441265
2442728
2445510
2448022
2449419
2452058
2453597
2453680
2454257
2454670
2455021
2455707
2456762
2458893
2459383
2459774
2461035
2461889
2463573
2464039
2464245
2466603
2467359
2467620
2467781
2469510
2469907
2471068
2471079
2471806
2472349
2472584
2472682
2474289
2474337
2474562
2474800
2475256
2477348
2478141
2478598
2478786
2479464
2480943
2483886
2484345
2484915
2485302
2486100
2487175
2488232
2488296
2488393
2489467
2489871
2490495
2490683
2491258
2491450
2491551
2494665
2495526
2495628
2496536
2496767
2498439
2498672
2498819
2500436
2501666
2502402
2502953
2503441
2503745
2503985
2504508
2506042
2507054
2507914
2509460
2511547
2514708
2514983
2515332
2516356
2518492
2518751
2518810
2519041
2519685
2519873
2520421
2521553
2521994
2522013
2523355
2528438
2528546
2530118
2530517
2533009
2535019
2536219
2536424
2536908
2538123
2539084
2539289
2540028
2540111
2540179
2540781
2543513
2543590
2544771
2545151
2546037
2546061
2548416
2548916
2549250
2551150
2551690
2552432
2555277
2557459
2557905
2558991
2561211
2562785
2563977
2564042
2565293
2565301
2567045
2568268
2569249
2569606
2569704
2571201
2572391
2572646
2573985
2575236
2577972
2578748
2579978
2581359
2582254
2582546
2584048
2586871
2587609
2588116
2589969
2590491
2592366
2593249
2593571
2594865
2596720
2597990
2598123
2598580
2599917
2599962
2600814
2603165
2603900
2604282
2604449
2606935
2607058
2607144
2608515
2610313
2610444
2610527
2611496
2611788
2612213
2612684
2612783
2613096
2614413
2614898
2616716
2619576
2621103
2621360
2621569
2621594
2621962
2622367
2624307
2626239
2626487
2628458
2630952
2631932
2633436
2634882
2638259
2638497
2639959
2640557
2641490
2641584
2642572
2645424
2645893
2646181
2647299
2647834
2648333
2648747
2651423
2653008
2654106
2654474
2655643
2656308
2656569
2657506
2661697
2662665
2663155
2663418
2665879
2666422
2667889
2668570
2669896
2670071
2670147
2672381
2672510
2672603
2673280
2676788
2679990
2680717
2684926
2685708
2687561
2688134
2688137
2688908
2689155
2690193
2690221
2690554
2690754
2691824
2691997
2692285
2693316
2699325
2699705
2701763
2702936
2703722
2705474
2705642
2705730
2705899
2706268
2709222
2710850
2714980
2715107
2717383
2719091
2719565
2719757
2720129
2723386
2724084
2726210
2727928
2728326
2728614
2728665
2729428
2730649
2731953
2734278
2736121
2736273
2736635
2737150
2738612
2738937
2739037
2739162
2739894
2743608
2744034
2744556
2745732
2746509
2746520
2747040
2748198
2752247
2753689
2755179
2756397
2757259
2761429
2761781
2762544
2762634
2762686
2762901
2763543
2763702
2764148
2764204
2764580
2766644
2766886
2766937
2767597
2768218
2770398
2774138
2774232
2774292
2774937
2776322
2778710
2779465
2780078
2782376
2782828
2783739
2784905
2785601
2786224
2786310
2787024
2787237
2787739
2788213
2789591
2790190
2790402
2791972
2798157
2800491
2800666
2801402
2802008
2802698
2803127
2803767
2804758
2805684
2806333
2807453
2807466
2808207
2808747
2808981
2813798
2814333
2814977
2816317
2818897
2819900
2820751
2821309
2824152
2824804
2824868
2826864
2828192
2828291
2829719
2832257
2832431
2833688
2834625
2834801
2836708
2837258
2837567
2839805
2839985
2840308
2841318
2841392
2842069
2842133
2843717
2844525
2844560
2844751
2845928
2846120
2846348
2848758
2850431
2855988
2857335
2857504
2857789
2859122
2860802
2864219
2864732
2864908
2865099
2867407
2867462
2869030
2869758
2870042
2870466
2870837
2870910
2873219
2874974
2875040
2875340
2875619
2875930
2876110
2876143
2877566
2878287
2878569
2880191
2880575
2880588
2881928
2882256
2882482
2882847
2883074
2884137
2886137
2886997
2889549
2890230
2893192
2895372
2895868
2896204
2896387
2897055
2897224
2897674
2899816
2900010
2901041
2901066
2901274
2901407
2901741
2902491
2905665
2906332
2907151
2907549
2909101
2909459
2911948
2915591
2916782
2916864
2919203
2919373
2920910
2924651
2925481
2925561
2929897
2930096
2931170
2931505
2932161
2932540
2933755
2934450
2935440
2937098
2937175
2938156
2940221
2940906
2941567
2942210
2943458
2944454
2944963
2947327
2953152
2954044
2954319
2954405
2954665
2955309
2956029
2956882
2957294
2957936
2959571
2959793
2961555
2963152
2964589
2966011
2967751
2968618
2968854
2969258
2970569
2973014
2974703
2975665
2977036
2977468
2977700
2979120
2979255
2980751
2982265
2982705
2985133
2985256
2987483
2987488
2988746
2990916
2990953
2992830
2993810
2996764
2996955
2999162
3000739
3002922
3004315
3004884
3005158
3006548
3007622
3007711
3010345
3010826
3010925
3011076
3011574
3011945
3013639
3018059
3019112
3022418
3023686
3024807
3025698
3027482
3028582
3031253
3032990
3033839
3036469
3036787
3037862
3038231
3038329
3038694
3038885
3039088
3039203
3040763
3044994
3046345
3047382
3050528
3051583
3052350
3053503
3053732
3054649
3055336
3055476
3055569
3055759
3056335
3056872
3057665
3060775
3061640
3063615
3063773
3065594
3065664
3065832
3065900
3066554
3066912
3067682
3070005
3070819
3071187
3073269
3073792
3073820
3074092
3075340
3077974
3078327
3078436
3078766
3079725
3080622
3081492
3084119
3084591
3085595
3086113
3087023
3088062
3088217
3089571
3089876
3090625
3091730
3093252
3093445
3094990
3098592
3099108
3100205
3101190
3102200
3103214
3104414
3104512
3105343
3107205
3107407
3107541
3108279
3108280
3109501
3110138
3112160
3113175
3115608
3116446
3117032
3117895
3121013
3121247
3121793
3122922
3123054
3123172
3124472
3124949
3125221
3125526
3126333
3132995
3133602
3134160
3135011
3135740
3136850
3139243
3139491
3139561
3140474
3142369
3143152
3143216
3145711
3145937
3146428
3146691
3148093
3150140
3150234
3150269
3151645
3153889
3154142
3155208
3156490
3157101
3157402
3158220
3160171
3161122
3161397
3162449
3167015
3167078
3167457
3167862
3169022
3169206
3170175
3170459
3171635
3172802
3175024
3176471
3177482
3180497
3183647
3186253
3188370
3189448
3190139
3191341
3192817
3192850
3193226
3195101
3195212
3195607
3197377
3199541
3200853
3201134
3205052
3205238
3206368
3207555
3208084
3208592
3210038
3210333
3211088
3212220
3212794
3213287
3213530
3214934
3215352
3215599
3216553
3218295
3219390
3220523
3220645
3222240
3223959
3224498
3224823
3229543
3230353
3230612
3230797
3231208
3231819
3232355
3232517
3234831
3236634
3236648
3236868
3237500
3237523
3237643
3237871
3238370
3240788
3241087
3242142
3242341
3242864
3244058
3247723
3249195
3249372
3249919
3249931
3250116
3250199
3251756
3256095
3256798
3259010
3259258
3260326
3260837
3261265
3262559
3263143
3264327
3264345
3265862
3268336
3269180
3270011
3270026
3272373
3274086
3274959
3275273
3275494
3275700
3276217
3276510
3276949
3277695
3278192
3282241
3282292
3282500
3283099
3283161
3283425
3285508
3286526
3286887
3287113
3287306
3288632
3289135
3291878
3292427
3292895
3293157
3294677
3294694
3295327
3295788
3297404
3299064
3300476
3300501
3300854
3301033
3302033
3305788
3308350
3308392
3309583
3309935
3310141
3310875
3311391
3314197
3315335
3315858
3318625
3319140
3322530
3323905
3325920
3326065
3327180
3328667
3328796
3329356
3330698
3330872
3332508
3334482
3335260
3337925
3338283
3338922
3339234
3339929
3346633
3347140
3347374
3347838
3348092
3349141
3349748
3350010
3350228
3351400
3351724
3354130
3355570
3355952
3356318
3357042
3357432
3358301
3358417
3358459
3358664
3359777
3361533
3364124
3366635
3366778
3369309
3369781
3370306
3370820
3371361
3371943
3376137
3379188
3380666
3381096
3383026
3384112
3385521
3386263
3386318
3387066
3387147
3387519
3388077
3390027
3390063
3390375
3390601
3391079
3391230
3393034
3395085
3395181
3395290
3397001
3397202
3398089
3398241
3398419
3399499
3400707
3406582
3406622
3407013
3407635
3408150
3408330
3409009
3410643
3410815
3411759
3412136
3412828
3412900
3413683
3417661
3418457
3418489
3418680
3419275
3419492
3420942
3421028
3421135
3421330
3423106
3424381
3424737
3426191
3426298
3428016
3429047
3429070
3431030
3431486
3433585
3436403
3438278
3438564
3439467
3440742
3441970
3442625
3443369
3444766
3448046
3448963
3449164
3449546
3449584
3451483
3451563
3451990
3453387
3453438
3454665
3455128
3457687
3458418
3459344
3460780
3463469
3463835
3464707
3465269
3466455
3467329
3467411
3467795
3467850
3468156
3468989
3469469
3470410
3470644
3470935
3472220
3473109
3474399
3475332
3476768
3477204
3477370
3478020
3480453
3481068
3483469
3484395
3484777
3485085
3485214
3487976
3489327
3492894
3493021
3493083
3493533
3493647
3493892
3496450
3497161
3497758
3497845
3501096
3503043
3503195
3503387
3503598
3504118
3505362
3505710
3505864
3506213
3506902
3507326
3508206
3509639
3509652
3510808
3512480
3514314
3516294
3516861
3517581
3519382
3519617
3520983
3522810
3523007
3523414
3525833
3526169
3526998
3527978
3529329
3531909
3532179
3533258
3535313
3535341
3536966
3538473
3538746
3540131
3540871
3541993
3542715
3542889
3543263
3544115
3544390
3545473
3546400
3546667
3546748
3547209
3551400
3551411
3553161
3553443
3553812
3554034
3554556
3554730
3554904
3555753
3556556
3556998
3557370
3557449
3557688
3558574
3561235
3561717
3562692
3562846
3563781
3564411
3564423
3564520
3564876
3566468
3566637
3567732
3568010
3568213
3568809
3570071
3572012
3572401
3572865
3575224
3576208
3576763
3577224
3578778
3579405
3580682
3581056
3581481
3582913
3583849
3584168
3585381
3590025
3590458
3590579
3592710
3593480
3594505
3595795
3595876
3597585
3597865
3598792
3600357
3600610
3603620
3603777
3605163
3606032
3606420
3608812
3609387
3611131
3611425
3612158
3614169
3615928
3615959
3616205
3616834
3618196
3619062
3620180
3621522
3622617
3623566
3623927
3625887
3626275
3626588
3626998
3627076
3627221
3627310
3629284
3629963
3629998
3630778
3631873
3632365
3632373
3632852
3633330
3633488
3633596
3635140
3636686
3638474
3639092
3639974
3640304
3641120
3641487
3648600
3648684
3648931
3650566
3651679
3653042
3653563
3655056
3655191
3655825
3658011
3658046
3658053
3658624
3659351
3659399
3659456
3663960
3664718
3666161
3667639
3668404
3669299
3669624
3672008
3673338
3673944
3676096
3676736
3679709
3679884
3680840
3681134
3681161
3681404
3683131
3684398
3685272
3685393
3685701
3686016
3687271
3687506
3689119
3689237
3689539
3690017
3691082
3691260
3691816
3692335
3692380
3695029
3695360
3697680
3697726
3697751
3698220
3699250
3699944
3700009
3700964
3701817
3702348
3703433
3704963
3705598
3706417
3706460
3706772
3707059
3708551
3708694
3709143
3709471
3709531
3710972
3711247
3711569
3714023
3714041
3714206
3715016
3715610
3718171
3718188
3718296
3720349
3720737
3722593
3722637
3722801
3723307
3723460
3725940
3726942
3727941
3728938
3731359
3731810
3732911
3733937
3735105
3735427
3736541
3737247
3737430
3737677
3740342
3747541
3747883
3748396
3749204
3751549
3752329
3752913
3753275
3753731
3755315
3755632
3756503
3756706
3757111
3757417
3758963
3759217
3761522
3762096
3765369
3765380
3765684
3766052
3766118
3766390
3767760
3771914
3772427
3772797
3773376
3774384
3776449
3777838
3779843
3780749
3781095
3781479
3781953
3782804
3782853
3783413
3785218
3785641
3787844
3788231
3788440
3788694
3790669
3793791
3793845
3794474
3795481
3798591
3800341
3802097
3803354
3804964
3806663
3806719
3808834
3809256
3809540
3809893
3809905
3811128
3812984
3814869
3815351
3816289
3817007
3817776
3818003
3818290
3818794
3820504
3821154
3822576
3823477
3823789
3824185
3826649
3827897
3828936
3829603
3830750
3831741
3834961
3835005
3835395
3836881
3836904
3836991
3838991
3839246
3839463
3840113
3841085
3841501
3842186
3844108
3845068
3846185
3846745
3846747
3847052
3848034
3848647
3849194
3849883
3850373
3850484
3850716
3851169
3851318
3852296
3852423
3852636
3854954
3855278
3855861
3857032
3858238
3858965
3859073
3861212
3861952
3862553
3863704
3866027
3868019
3868083
3869971
3872928
3874128
3874527
3874683
3874970
3876766
3877479
3881947
3883503
3883740
3884246
3884658
3885873
3885893
3886330
3888413
3888876
3889031
3889456
3889807
3890500
3895865
3899537
3900806
3901021
3902847
3903100
3903859
3904083
3907724
3910866
3911306
3912157
3912655
3913039
3913049
3914101
3914277
3915087
3915289
3915819
3916514
3916594
3918812
3921195
3922305
3922310
3923436
3924092
3925265
3925606
3925817
3927601
3927943
3928087
3928719
3929236
3929590
3929927
3931656
3932680
3934137
3934558
3935461
3936524
3938083
3939050
3939778
3940876
3941751
3943371
3944205
3944624
3947683
3947879
3949714
3953616
3953984
3955122
3955849
3955878
3955994
3956396
3957157
3958202
3959966
3960028
3961208
3965590
3966095
3966791
3967462
3969012
3969574
3970766
3970941
3972191
3972775
3974882
3979553
3980077
3981263
3981342
3981764
3983827
3985020
3987316
3988664
3988994
3989437
3990125
3992660
3993227
3995347
3998328
4000494
4000680
4000749
4001201
4004262
4005407
4005601
4005867
4006965
4007476
4009220
4009441
4011592
4012934
4014455
4016403
4018140
4022962
4023138
4023436
4023489
4023695
4024397
4024729
4025050
4029888
4030090
4030944
4032357
4033790
4033838
4033964
4035159
4035224
4035313
4035469
4035963
4036522
4038657
4039630
4040090
4040969
4042167
4042612
4046419
4046872
4047168
4047976
4048493
4049236
4050352
4050716
4050885
4052621
4053664
4055182
4056833
4057649
4057745
4059057
4059561
4061177
4061647
4061731
4062135
4064849
4065279
4067230
4068202
4069267
4070343
4072168
4073410
4073917
4074037
4074527
4075263
4075673
4076454
4076677
4076872
4078564
4078638
4078983
4079365
4079614
4080044
4080422
4082046
4083628
4084310
4084910
4085738
4087469
4087855
4088799
4089319
4091205
4092166
4092580
4092646
4093344
4095108
4095967
4097143
4097379
4097471
4098164
4098302
4099724
4100945
4103579
4104055
4104526
4105195
4105305
4106739
4106872
4107047
4113461
4114244
4115222
4115502
4118667
4118947
4120251
4120704
4122286
4122686
4123499
4123807
4125785
4127243
4130413
4130615
4130738
4131583
4132378
4132551
4133206
4134234
4135150
4135512
4136829
4138796
4139070
4139836
4140522
4144664
4144699
4144948
4145970
4146988
4147452
4148181
4148781
4149683
4150013
4151588
4152443
4152928
4153836
4154300
4154483
4154629
4156188
4157342
4161439
4162466
4164725
4166814
4166986
4167437
4167694
4169167
4170741
4171454
4173191
4173418
4175050
4177713
4177890
4178597
4179427
4180597
4181341
4181531
4181800
4181836
4183373
4185225
4186011
4186073
4188259
4188547
4188615
4188838
4189533
4191035
4191203
4192293
4193716
4194651
4194961
4195409
4197598
4200554
4201337
4201937
4202270
4202746
4203590
4203675
4204509
4207092
4211627
4216547
4217039
4217040
4217259
4218622
4219019
4219357
4219869
4220057
4220099
4220435
4220486
4223902
4226111
4226283
4227243
4228714
4228907
4228988
4229065
4230089
4230878
4231426
4231921
4232208
4234455
4237482
4239557
4240704
4240767
4241496
4241991
4242211
4243346
4244612
4244897
4247076
4247373
4247676
4248903
4249900
4249958
4250122
4251840
4253267
4253269
4253565
4255692
4258513
4261013
4262476
4262577
4263275
4266111
4269242
4270340
4271029
4273340
4273348
4273796
4274956
4275498
4276158
4277518
4278161
4279648
4280383
4280486
4282162
4282488
4282770
4283039
4285921
4287046
4288106
4288614
4289566
4292707
4293430
4294505
4294840
4295162
4295353
4296134
4298222
4298989
4300195
4300613
4301951
4303831
4304158
4304440
4304625
4305455
4305853
4305860
4305988
4306556
4307632
4310356
4312470
4312941
4313840
4314824
4315520
4316579
4317465
4320289
4320706
4321161
4321362
4321446
4321790
4322011
4322379
4323315
4323960
4324379
4324523
4324615
4325049
4325269
4326498
4328462
4329559
4329580
4330609
4333379
4333390
4334054
4334811
4335890
4336177
4336857
4339727
4340872
4341248
4345134
4348908
4349932
4350780
4352140
4352563
4353110
4354515
4355050
4360365
4361749
4361770
4362412
4363013
4363037
4363966
4365139
4367912
4369154
4371831
4375605
4376223
4376423
4376563
4378308
4378438
4378559
4378600
4379044
4379130
4382576
4383143
4383369
4385360
4386861
4387340
4387960
4388057
4388142
4389673
4391341
4392133
4392386
4392675
4393161
4393820
4393828
4395744
4396889
4401927
4404528
4404563
4405400
4405484
4405689
4408206
4410269
4410331
4411119
4415972
4416150
4416629
4417974
4418717
4419597
4419812
4421551
4424209
4424899
4425921
4426119
4426171
4427052
4430518
4430734
4431416
4432983
4434360
4434666
4435046
4435447
4435847
4444233
4444615
4444869
4446951
4449101
4449348
4449940
4450342
4453686
4453807
4453872
4454729
4456129
4456360
4456949
4457828
4458902
4459330
4460468
4460892
4461665
4465048
4465901
4466851
4471392
4474114
4474487
4474892
4476054
4476659
4477168
4478799
4479018
4479272
4479293
4479861
4480774
4481082
4481640
4486415
4486468
4487093
4487345
4493265
4493364
4494268
4494725
4495328
4495954
4497770
4498108
4499094
4499276
4499443
4499473
4499873
4500248
4500923
4500941
4501245
4501638
4503068
4503370
4505242
4509383
4509926
4510016
4510100
4511672
4513396
4515850
4516099
4516900
4518575
4519711
4521756
4522395
4523123
4523586
4525541
4526729
4527820
4528296
4529788
4530019
4533150
4533300
4533345
4533544
4533941
4534673
4535742
4537187
4537356
4537464
4537868
4539768
4541296
4541571
4541647
4541828
4543227
4545932
4546554
4547634
4548372
4554982
4557826
4557841
4558796
4560792
4563133
4567734
4568210
4568259
4568568
4569511
4569528
4572036
4572412
4573150
4574832
4576729
4578490
4579025
4579442
4581555
4582537
4582983
4584248
4584683
4585116
4585205
4585384
4585420
4586275
4587148
4587560
4589567
4590797
4591192
4595113
4595821
4596180
4596867
4597406
4599257
4599969
4600669
4600805
4602294
4605419
4605692
4606284
4607700
4609117
4611409
4611706
4611814
4612728
4613388
4614610
4615056
4615574
4616431
4616592
4618684
4618825
4618973
4619005
4619953
4620031
4620541
4620687
4622878
4623589
4626486
4626830
4627210
4629309
4633212
4637676
4638412
4639821
4640435
4641843
4641856
4645322
4645615
4645630
4646223
4648067
4649439
4649834
4650225
4650462
4651492
4651571
4652473
4653487
4653543
4653564
4653787
4655502
4657152
4657262
4658330
4660946
4661283
4665251
4666680
4666999
4667893
4669105
4669375
4670136
4670449
4671948
4673078
4675272
4675450
4676732
4677111
4677845
4678275
4680595
4681194
4681291
4681714
4683003
4683126
4683699
4684540
4685930
4689280
4689328
4689636
4691165
4693479
4694473
4694633
4694762
4699626
4700536
4700918
4701297
4701423
4702037
4703070
4704969
4707659
4708018
4708444
4710550
4712409
4712760
4713770
4715163
4715914
4716265
4716596
4719412
4723567
4723577
4723930
4724385
4725198
4725294
4725495
4725683
4726038
4726686
4727926
4728238
4728711
4730466
4731578
4731709
4733590
4734225
4735009
4735304
4735632
4736132
4736491
4736807
4736925
4740618
4740916
4741099
4742512
4745230
4746665
4747047
4747466
4747529
4747725
4748942
4750877
4751475
4753138
4756170
4756313
4756655
4757542
4760374
4760401
4761387
4761489
4761756
4762073
4762750
4765155
4767631
4768791
4768851
4769311
4769323
4770035
4770835
4772584
4772921
4773810
4773857
4774614
4775170
4775233
4775708
4775740
4776749
4778647
4779506
4780710
4783586
4785006
4786007
4786303
4786633
4787543
4788001
4788905
4789103
4789461
4789731
4790432
4790602
4791100
4792024
4792525
4792723
4792974
4793000
4793095
4794978
4796615
4796825
4798429
4799260
4800492
4800526
4801065
4802507
4802774
4802808
4802870
4803635
4804405
4804459
4804704
4806824
4808479
4809110
4810377
4817681
4818865
4819328
4820101
4822614
4822667
4822802
4823482
4824178
4826247
4827561
4827674
4827710
4828829
4832686
4833354
4834448
4837144
4837724
4839089
4839476
4840078
4841976
4842092
4842185
4842708
4843320
4843522
4843906
4849065
4850081
4852267
4854622
4855552
4857425
4857739
4859948
4860836
4865139
4865892
4866113
4866998
4867578
4867913
4870071
4870688
4871215
4871255
4872323
4872445
4873534
4873803
4874652
4876040
4876190
4876426
4876958
4877263
4877730
4878033
4878473
4879017
4879027
4879483
4880963
4881458
4881706
4882639
4882960
4885182
4885658
4886678
4888961
4889381
4889836
4890773
4892173
4893098
4894326
4894987
4895412
4896902
4897065
4897510
4898409
4898665
4899638
4902440
4902599
4905015
4905937
4906726
4906765
4910939
4911265
4911389
4911823
4912713
4913597
4913940
4914290
4914304
4914674
4914973
4916577
4916757
4916820
4917515
4917764
4918778
4918925
4920541
4922208
4923689
4924110
4924328
4924329
4924852
4925499
4925927
4926144
4926262
4928863
4928982
4932911
4933151
4933319
4934123
4935909
4936114
4936840
4938016
4938226
4939015
4940879
4941206
4943151
4944543
4947790
4947984
4950086
4950547
4955975
4959365
4960703
4960735
4960868
4961291
4961894
4962808
4963105
4963231
4963243
4964434
4965271
4965376
4965433
4965555
4965609
4967359
4967633
4968050
4969754
4969804
4970447
4970579
4972525
4973162
4975294
4977907
4977958
4978873
4979946
4980792
4981792
4981831
4982251
4986213
4990011
4991632
4993199
4995318
4998430
4999683
4999897
5000187
5000264
5002929
5005172
5007173
5008274
5008792
5010133
5010137
5011864
5016175
5016614
5017017
5020364
5020662
5023297
5026024
5026841
5029540
5033279
5034733
5036825
5038355
5039790
5040839
5041288
5042597
5042624
5042911
5043357
5043986
5050066
5051828
5052108
5052665
5054519
5058152
5058984
5059295
5060499
5062884
5063912
5064652
5068196
5068471
5071249
5071529
5073430
5073548
5074247
5075307
5075698
5076346
5076606
5077383
5079571
5080082
5080445
5081233
5081573
5082137
5082227
5082625
5083764
5084114
5085185
5087549
5087917
5089318
5090724
5090768
5092627
5093177
5093913
5094257
5094426
5095594
5096222
5096486
5096718
5096885
5096922
5097065
5097435
5099485
5100275
5101413
5102020
5102098
5103466
5104257
5104790
5105982
5106455
5106641
5107429
5108203
5108381
5108551
5108832
5110480
5112439
5113877
5114910
5115913
5117769
5117792
5118260
5118431
5118912
5119677
5123917
5125083
5125243
5125322
5126101
5126444
5127725
5128038
5129397
5131527
5131851
5132461
5134819
5135227
5136014
5136391
5138343
5138941
5139445
5141183
5142956
5143391
5144709
5146811
5147810
5149239
5149734
5151433
5151743
5152992
5153053
5154111
5156063
5156568
5157526
5157827
5159557
5160572
5160648
5161203
5161263
5161744
5161845
5162703
5163340
5163395
5164485
5164540
5165129
5166315
5166886
5166913
5167019
5167032
5168137
5168499
5169252
5172814
5173380
5175058
5176823
5176899
5182961
5184290
5187095
5187665
5188113
5189370
5189395
5190541
5191415
5191703
5191881
5192783
5194248
5194580
5196274
5199624
5200811
5201753
5204418
5204520
5205899
5208865
5208946
5209548
5209623
5210119
5211107
5211290
5211464
5212243
5212550
5212859
5212977
5213329
5213792
5214234
5214486
5215232
5216684
5216700
5217180
5218137
5218188
5219565
5219746
5220714
5220784
5220829
5223004
5223539
5224005
5224561
5225447
5225934
5228837
5228869
5229462
5231292
5231551
5233516
5234270
5234473
5234624
5235257
5235765
5236930
5238207
5239662
5241273
5242811
5243439
5244816
5244909
5245369
5246590
5246714
5247307
5247364
5247544
5248195
5248914
5249085
5250675
5251497
5254172
5259486
5259873
5260897
5261487
5262142
5263510
5265958
5270673
5270898
5274038
5275439
5275751
5276368
5276751
5280018
5281783
5281807
5282513
5285038
5285064
5286162
5286550
5287395
5287564
5288455
5292747
5294927
5295365
5296193
5296620
5297138
5297584
5298074
5298822
5300714
5301721
5305363
5305904
5307153
5307324
5308473
5310206
5311959
5312143
5312251
5312898
5315120
5315455
5315524
5315814
5316810
5318430
5319668
5320507
5321267
5321434
5321641
5321981
5324939
5325864
5327077
5328748
5328772
5329744
5330787
5334878
5337355
5337461
5337740
5339143
5339309
5343074
5343884
5344634
5344919
5346650
5347088
5348023
5350464
5352092
5352202
5353920
5355153
5359120
5359275
5359799
5360954
5361950
5363216
5363331
5367380
5367828
5368415
5369864
5370988
5372766
5372868
5373236
5373398
5373570
5374520
5374772
5375336
5375482
5377455
5378348
5378931
5381453
5382555
5383235
5383976
5384161
5384962
5385044
5386832
5387282
5390595
5390605
5391114
5392286
5392654
5393197
5395421
5396325
5397842
5397909
5398776
5400745
5400924
5401395
5401850
5404761
5405048
5405567
5405623
5410388
5411297
5411879
5412685
5412857
5413013
5414385
5414935
5415920
5416147
5416203
5416232
5416423
5418391
5418936
5419359
5419393
5420188
5420238
5420826
5422715
5422855
5423996
5424056
5425630
5426885
5430943
5432858
5433243
5434614
5436556
5441513
5441611
5444023
5445678
5447091
5448277
5450086
5450331
5452932
5452982
5454195
5457567
5458678
5459762
5461060
5463289
5463893
5464044
5465530
5465631
5466713
5467849
5470276
5470351
5472288
5472566
5473484
5474666
5474865
5476403
5476442
5476584
5477002
5477336
5479029
5480126
5481428
5481440
5482841
5485122
5485763
5488570
5489446
5491575
5493215
5495309
5495567
5495629
5497647
5497795
5498029
5498367
5498531
5500189
5501741
5501767
5501771
5502768
5503428
5506228
5507672
5507787
5508463
5509684
5510324
5510389
5510774
5514438
5514914
5515603
5515872
5517949
5518708
5518845
5519330
5519333
5519609
5520082
5520427
5521829
5522379
5524322
5524428
5525831
5527634
5527720
5528079
5530224
5530824
5532671
5532881
5533214
5533908
5534200
5534351
5534770
5535849
5536417
5536894
5539555
5541869
5541905
5542445
5543067
5544866
5545709
5546264
5547045
5547612
5548444
5548912
5551165
5552088
5552887
5552972
5554957
5554962
5560496
5560600
5561682
5562274
5563292
5564312
5565472
5567360
5567693
5567768
5568304
5568661
5569144
5569425
5569817
5571756
5572814
5573988
5574549
5574872
5575744
5577316
5577717
5581048
5581545
5581949
5582416
5582511
5585416
5586925
5587447
5587512
5588092
5589194
5590826
5590826
5592473
5593150
5593189
5593664
5594282
5594282
5595654
5596590
5596890
5597686
5598764
5598900
5600572
5602437
5602877
5603718
5604546
5607260
5607343
5608420
5608879
5610590
5610648
5611738
5613133
5614469
5614650
5615050
5615414
5615443
5616531
5617291
5617564
5619408
5619732
5620390
5620416
5620968
5621174
5622272
5622990
5623002
5623592
5624760
5626603
5626829
5629901
5630112
5631093
5631522
5631693
5636523
5638309
5638328
5638872
5640062
5640767
5644357
5644492
5645342
5646566
5646630
5648171
5650185
5651512
5652739
5653662
5654593
5654974
5655385
5655797
5656264
5656369
5656471
5658250
5658404
5659379
5661781
5662122
5665026
5666241
5666400
5666782
5667732
5668918
5669714
5670049
5671191
5671226
5671734
5671953
5672564
5675924
5677727
5677748
5678165
5680686
5682175
5682570
5683251
5685129
5686200
5687082
5687440
5687930
5688576
5688828
5688867
5690813
5691128
5691450
5691760
5692260
5693861
5694197
5694256
5694531
5694757
5696379
5697255
5697306
5698102
5700090
5700616
5701233
5703530
5703761
5703987
5704373
5704423
5705340
5705471
5707033
5707318
5707904
5708680
5709541
5709866
5710796
5711834
5711939
5712112
5712214
5712635
5712773
5714331
5717090
5717682
5717961
5718578
5719059
5719642
5719681
5720011
5720952
5722094
5722267
5723082
5723211
5724237
5724876
5725912
5726473
5726764
5727808
5728082
5729382
5730402
5731885
5732237
5732694
5733879
5737967
5738047
5738353
5738439
5741182
5742599
5744811
5747135
5747800
5748562
5751247
5752650
5752724
5753525
5753812
5754398
5756816
5757142
5757651
5757662
5758487
5758548
5758638
5759350
5760593
5760721
5760989
5761365
5761385
5763237
5763373
5763834
5764032
5764831
5765589
5765744
5765982
5767181
5767945
5768734
5768744
5768843
5769769
5770586
5772951
5774665
5776326
5776346
5777518
5777813
5780194
5784543
5784824
5786478
5789439
5789664
5790380
5790668
5792018
5795004
5795015
5795589
5799571
5799707
5802019
5802200
5803092
5803626
5805536
5805601
5805701
5806169
5809100
5809453
5810473
5813232
5813369
5813563
5813604
5814327
5814577
5815199
5815971
5816536
5817695
5818715
5820449
5821201
5821561
5822116
5822690
5824120
5824487
5824721
5825112
5827569
5828334
5829304
5830310
5831412
5832464
5833128
5837437
5838832
5839933
5840423
5841418
5842486
5843258
5844352
5845014
5846540
5846635
5847702
5848391
5848699
5849686
5849849
5851503
5851821
5852448
5852514
5853053
5853691
5854656
5854825
5855849
5856614
5856987
5859001
5859407
5860045
5860436
5862143
5862144
5863042
5864753
5865443
5865583
5866162
5867815
5868014
5869560
5871606
5872035
5873566
5873894
5874125
5875045
5875694
5875747
5875979
5877351
5878589
5879338
5881089
5882172
5883258
5886589
5887176
5887201
5888172
5889116
5889794
5890277
5892221
5896658
5896777
5897621
5898543
5898866
5900403
5900967
5900976
5901170
5903344
5905179
5905354
5905828
5905956
5907273
5907371
5907878
5908072
5908937
5909092
5909143
5909766
5911147
5911211
5912120
5912166
5913109
5913195
5914142
5914579
5914726
5914887
5915044
5915831
5915989
5916010
5921130
5922266
5923673
5924697
5924825
5927886
5927900
5928543
5930694
5931204
5931217
5931309
5932168
5936332
5936582
5937273
5937475
5938016
5938180
5939913
5940660
5944519
5944967
5946153
5947657
5948246
5949541
5949689
5949896
5951235
5952914
5953453
5953537
5953805
5954305
5955199
5955313
5956802
5957090
5957747
5958280
5958354
5959039
5959103
5959271
5961077
5962534
5963175
5963232
5963374
5964151
5964815
5965837
5966005
5967999
5969365
5969484
5969674
5969862
5970266
5971420
5972718
5973449
5974541
5976876
5978424
5982925
5985954
5986128
5986199
5987626
5987775
5987981
5991558
5992522
5995220
5996162
5997661
5999413
5999876
6000160
6000321
6000653
6004020
6004318
6005606
6011326
6011388
6015154
6016988
6017673
6018307
6019053
6019758
6019946
6021717
6021913
6021987
6022950
6026241
6027770
6028249
6028550
6030447
6031008
6031426
6033701
6033947
6034284
6036275
6036420
6036960
6037377
6037427
6038990
6039122
6040129
6042030
6042597
6042620
6043330
6044074
6045218
6045229
6045483
6045707
6045941
6046184
6049099
6049363
6049925
6050807
6053363
6054024
6055147
6055190
6056548
6059872
6059974
6060870
6062247
6062981
6064967
6069645
6070608
6070875
6071935
6072786
6073089
6073370
6073451
6075297
6076528
6078221
6078655
6079945
6080544
6081100
6082583
6083661
6086307
6086786
6087912
6088745
6088811
6092271
6093802
6094559
6095025
6096103
6097885
6098761
6099624
6099709
6101082
6102414
6106916
6107445
6107755
6108941
6109694
6110404
6110744
6111406
6111679
6111681
6111822
6113112
6113374
6113448
6113670
6114107
6116757
6117952
6119831
6120629
6121854
6122039
6123189
6123776
6123866
6124644
6124877
6125061
6125134
6125629
6125779
6129100
6129645
6129672
6129690
6129998
6131117
6131668
6132181
6132601
6133148
6133465
6133950
6135365
6136038
6136954
6136987
6138556
6138941
6139386
6140055
6140083
6140734
6141455
6143217
6144199
6144374
6146699
6148526
6149912
6150540
6153028
6153344
6153898
6154408
6155021
6155300
6155777
6156173
6156833
6157102
6157973
6158449
6161473
6164882
6166787
6167295
6167464
6167948
6167990
6170855
6171858
6172145
6173964
6175132
6176354
6176751
6181448
6182159
6182382
6182562
6183031
6183147
6183952
6184273
6185583
6186283
6186976
6187860
6188998
6189961
6190086
6190135
6190795
6191957
6192748
6192868
6193523
6193954
6194766
6195530
6197548
6199209
6200103
6200224
6200526
6203407
6204829
6206439
6206609
6210631
6211085
6211335
6211480
6211562
6211939
6212795
6212918
6213189
6214618
6216145
6216180
6216349
6216786
6216901
6220114
6221181
6221287
6222210
6222790
6223370
6225023
6225711
6225719
6225973
6227290
6228594
6231098
6231306
6232082
6232449
6233123
6235649
6237093
6237243
6237659
6238524
6240598
6242004
6244025
6244473
6245342
6245890
6246085
6246615
6247041
6249417
6249789
6250336
6251549
6251582
6254671
6254845
6255304
6256693
6257719
6257867
6258516
6258703
6259482
6261195
6261954
6263181
6263476
6264133
6265261
6265368
6265386
6269087
6270545
6270721
6271613
6272282
6272955
6273696
6275168
6277110
6277733
6279702
6280949
6281073
6282873
6283447
6284380
6288694
6290565
6290834
6292746
6292784
6293314
6294599
6295307
6295575
6296835
6297775
6297809
6299515
6299574
6303043
6304103
6304837
6305853
6306314
6308455
6308608
6310617
6312240
6314328
6316504
6317544
6317725
6317982
6319963
6320324
6321113
6321674
6321961
6323289
6323952
6324586
6326372
6327979
6328419
6328577
6328659
6328937
6329778
6330114
6331505
6336666
6337478
6339222
6339357
6339694
6340759
6341501
6343073
6343945
6344168
6344372
6344796
6347442
6349343
6350589
6351631
6352110
6352271
6352389
6353487
6353707
6355248
6355718
6357655
6358239
6358494
6358902
6359195
6362317
6362417
6362452
6364637
6365393
6365863
6366362
6366682
6367905
6368607
6368776
6370284
6371670
6372225
6373259
6373755
6374433
6374443
6374600
6375043
6376447
6376926
6377563
6377894
6377946
6378105
6382344
6382774
6383562
6383833
6384041
6386564
6387552
6388071
6388173
6390891
6395192
6396088
6397440
6397499
6398056
6399540
6400107
6401204
6401652
6402955
6403385
6403670
6404057
6404567
6404693
6405415
6406609
6406933
6407267
6407444
6407720
6408810
6409990
6410819
6411167
6411527
6413203
6416608
6416696
6417833
6420033
6421210
6422834
6424196
6426192
6426448
6430337
6432013
6432097
6434109
6436714
6437328
6437834
6439713
6440678
6441602
6441728
6443257
6444072
6445787
6445875
6445910
6447022
6448718
6450227
6452757
6453413
6456540
6459961
6460445
6461228
6461814
6463038
6463542
6463552
6463748
6463782
6464487
6464641
6465409
6466918
6467726
6470749
6473712
6474289
6475669
6476068
6476349
6476553
6477245
6478279
6479218
6479489
6480006
6481892
6482039
6485946
6488762
6489111
6490252
6491220
6494197
6494287
6496662
6498072
6499705
6499866
6500591
6501482
6501638
6503691
6504166
6506282
6506636
6506699
6506701
6507461
6509747
6510647
6510653
6511029
6512775
6513261
6514383
6514637
6520450
6520819
6523482
6524653
6525928
6527195
6527332
6529537
6529912
6531410
6532354
6532906
6533920
6534650
6536346
6536736
6537077
6537770
6538699
6538708
6539283
6542519
6543361
6544988
6545090
6545427
6546672
6548705
6549554
6549910
6551671
6552220
6553479
6556612
6557086
6557384
6560736
6561466
6562304
6563567
6563835
6564756
6565241
6565416
6567522
6568963
6569245
6572158
6572509
6576146
6576566
6576862
6577202
6577434
6577817
6580201
6581171
6583580
6584440
6586917
6587855
6590439
6592882
6594030
6594968
6596488
6596607
6598839
6599903
6601954
6602516
6602899
6603222
6603389
6603625
6605108
6609794
6609940
6610690
6611087
6611183
6613265
6613769
6614799
6615183
6615571
6618018
6618231
6620293
6620471
6621849
6621890
6622388
6622991
6624497
6626367
6626405
6626423
6626630
6628290
6629675
6631448
6632612
6638083
6638534
6638896
6640684
6641579
6642165
6642801
6643004
6643951
6645384
6645498
6645897
6646912
6647640
6649078
6649189
6653742
6654987
6656946
6658205
6661304
6661511
6661999
6663601
6663964
6664003
6664004
6665366
6665998
6667882
6668193
6671541
6671778
6672030
6674022
6674196
6674415
6674621
6677515
6677559
6678459
6678680
6678975
6679850
6680825
6681223
6682365
6682832
6683891
6683916
6687496
6687544
6687784
6688059
6689047
6690111
6690455
6691770
6691910
6692826
6692944
6693061
6693272
6694121
6694427
6694604
6694802
6694962
6695005
6695389
6695630
6695662
6696265
6696440
6696850
6697387
6698298
6698458
6698472
6698666
6698918
6700927
6702790
6703078
6705039
6706249
6707132
6709788
6710304
6711014
6711617
6712982
6713077
6714268
6714785
6719845
6721515
6721678
6722558
6723100
6723369
6725857
6726009
6726032
6727392
6728514
6729660
6729672
6729899
6730627
6731939
6732222
6732536
6734887
6736147
6736799
6737891
6737894
6738344
6738884
6739019
6739990
6741040
6742854
6744232
6747011
6747945
6749246
6749394
6749712
6749864
6749907
6750001
6752323
6752660
6753770
6754015
6754108
6754495
6754731
6755787
6757198
6758278
6758613
6758661
6761228
6761488
6762611
6762979
6763075
6764153
6764234
6764290
6764418
6764659
6765239
6766192
6767616
6767986
6768427
6771189
6772191
6772350
6772385
6774599
6775701
6775800
6777218
6778227
6780931
6781069
6781419
6781543
6782126
6782291
6782522
6782910
6784264
6788367
6789306
6789382
6789587
6790047
6793137
6794600
6794848
6797154
6798472
6798799
6799288
6801049
6801126
6801492
6804524
6805152
6805279
6805906
6806112
6806466
6807028
6807102
6808749
6809040
6809133
6810078
6811676
6812073
6812941
6813152
6813270
6813693
6815310
6815962
6816543
6816633
6817004
6817593
6817884
6818463
6818507
6818736
6820182
6821075
6821118
6821178
6821218
6822629
6823650
6824185
6826451
6827288
6828208
6829452
6831598
6831967
6832037
6833160
6834190
6834426
6837078
6837424
6837564
6837685
6839348
6839541
6840178
6841509
6841744
6842186
6845190
6847036
6848461
6850834
6851867
6853855
6854479
6855091
6855462
6858978
6864910
6869800
6869975
6870935
6871486
6871659
6872820
6873079
6873533
6874021
6875430
6875530
6875636
6876926
6876965
6877478
6877683
6879952
6880570
6881060
6882200
6883959
6884011
6884120
6885813
6886216
6887684
6888268
6888304
6888545
6890940
6892679
6893293
6898603
6898865
6899932
6900514
6901802
6902461
6902564
6904215
6905013
6905100
6909380
6910626
6912619
6912769
6912931
6914499
6914634
6915720
6916225
6916698
6916815
6917481
6917507
6921579
6923622
6927607
6927756
6930515
6930886
6931762
6932742
6932860
6933881
6934588
6937206
6941285
6941312
6941795
6943528
6944334
6944819
6944870
6945518
6946126
6946777
6948675
6948861
6949579
6951055
6952957
6953716
6954567
6954602
6954681
6954691
6954990
6956331
6956369
6956380
6956735
6956930
6957063
6958624
6962788
6962793
6964523
6964871
6965440
6965486
6965761
6966194
6967133
6967427
6968105
6970642
6971529
6971649
6972995
6973599
6974344
6975634
6976988
6978274
6979524
6979639
6980803
6980957
6981540
6982949
6985620
6985769
6987491
6987790
6988269
6988370
6991472
6992347
6993979
6995394
6996841
6997531
6997760
6998814
6999102
6999553
7000885
7002857
7002873
7002943
7002995
7003249
7003432
7003505
7004310
7005476
7008382
7009291
7009396
7011349
7011562
7011616
7012612
7012972
7013936
7015518
7015622
7018301
7018737
7019580
7023844
7026206
7027969
7028098
7028545
7030788
7031053
7031282
7033294
7033860
7034836
7035302
7038890
7040590
7041296
7045558
7046149
7046924
7047150
7048724
7048823
7048853
7049293
7049379
7049593
7050027
7050952
7051212
7053776
7053976
7054063
7054143
7057475
7058048
7059280
7060356
7061242
7063556
7064097
7064185
7064426
7065721
7066024
7067586
7068353
7068830
7070237
7072296
7073092
7073570
7073635
7073787
7073982
7076823
7077460
7077695
7078552
7079878
7082988
7083754
7084562
7084771
7085200
7085311
7086615
7086756
7087681
7090197
7090435
7090828
7091505
7092377
7093434
7094235
7095255
7096002
7096542
7096630
7097038
7097432
7098085
7099101
7101262
7102729
7103240
7103320
7103930
7104596
7109437
7110415
7110808
7112380
7113175
7117246
7117318
7118685
7119697
7119792
7121224
7121480
7122933
7123645
7124098
7126946
7127053
7127962
7128701
7131075
7133825
7134576
7134801
7134948
7135302
7136202
7136625
7136846
7138938
7139339
7139454
7140946
7141419
7142131
7142205
7142311
7142452
7144494
7145335
7147365
7149017
7149642
7149937
7149974
7150809
7151305
7152252
7154179
7154398
7154677
7154698
7155063
7155475
7157184
7158484
7160456
7160466
7161903
7162635
7162913
7163744
7164324
7166055
7166094
7168070
7168326
7169272
7169421
7169814
7172390
7173161
7174896
7175772
7176103
7176173
7176320
7177297
7177420
7178656
7179110
7181514
7183235
7183937
7184067
7184864
7184892
7186593
7189668
7190583
7191205
7191915
7191919
7192151
7193378
7194181
7194354
7199193
7199835
7200183
7204140
7204546
7205103
7208818
7210435
7211477
7212154
7212398
7212520
7212957
7213160
7213348
7214361
7216412
7216421
7216927
7216961
7217880
7218268
7219340
7220334
7221026
7222140
7223334
7223720
7224238
7226900
7228523
7229270
7231105
7231444
7231646
7232641
7233435
7233667
7233755
7235117
7238083
7239179
7239641
7239643
7239914
7242311
7242812
7243162
7243440
7247051
7248327
7248799
7249202
7249236
7252327
7252350
7253759
7254749
7260199
7266516
7267427
7268992
7269019
7270172
7271985
7274260
7275789
7276257
7278050
7280084
7280777
7281109
7282588
7283224
7285162
7287218
7288101
7290648
7291560
7291823
7293313
7295290
7295498
7295599
7296630
7298337
7299941
7300716
7300956
7303490
7304051
7304220
7304667
7305195
7305293
7306493
7308099
7308261
7309795
7310421
7313699
7315232
7315350
7316318
7316637
7317732
7318687
7318784
7319298
7322111
7322621
7327215
7327450
7328473
7329591
7330213
7330775
7333541
7333835
7334496
7335410
7336296
7337066
7339176
7339237
7339806
7340969
7341187
7341348
7341587
7341765
7342519
7342862
7346050
7347475
7347540
7348110
7349033
7351812
7353512
7354611
7356978
7357447
7358027
7358440
7359751
7360615
7361059
7361552
7362012
7362222
7363805
7364141
7364357
7364668
7368243
7369174
7369897
7369983
7370915
7371635
7372568
7373498
7376018
7376586
7376651
7377769
7378027
7378260
7379364
7381262
7381994
7382528
7382621
7387266
7391202
7393557
7394337
7395669
7397866
7399126
7400256
7401538
7401679
7401777
7403114
7403901
7404362
7408218
7408234
7408754
7409039
7409199
7410227
7412078
7412300
7413636
7414868
7414937
7415137
7417068
7417162
7418079
7418871
7420057
7420253
7421484
7421501
7422661
7423261
7427385
7429762
7429767
7430167
7430686
7430920
7430956
7431269
7431326
7435010
7436377
7436552
7437139
7438606
7440648
7440938
7441259
7441601
7443317
7443784
7447096
7448255
7448500
7449313
7450229
7453187
7455458
7456794
7457145
7457247
7457320
7457359
7457617
7458504
7459614
7460478
7461159
7464504
7464516
7466438
7467405
7467575
7468049
7468576
7468981
7470606
7470813
7471213
7476113
7479011
7482234
7483354
7485485
7486163
7486546
7487205
7487225
7487641
7488125
7488643
7489099
7492673
7493131
7494467
7496415
7496710
7500343
7500469
7500542
7500876
7504050
7505125
7508354
7510091
7511140
7511694
7512239
7513010
7515544
7519273
7521030
7521180
7523360
7524787
7525288
7525292
7525647
7526024
7526528
7526850
7527189
7528315
7530141
7531780
7532392
7535297
7535624
7537464
7539647
7540537
7540852
7541867
7542399
7543432
7543780
7543984
7544030
7544553
7544836
7545091
7545689
7545835
7546837
7546862
7549308
7551593
7551604
7551700
7551833
7552398
7553249
7553793
7553824
7556076
7559518
7560095
7560809
7561224
7561383
7562819
7563739
7564505
7564721
7566616
7567063
7567687
7570583
7575690
7575942
7575947
7576922
7579367
7579524
7580214
7580452
7582089
7583522
7585898
7586353
7586671
7588227
7588296
7588804
7589635
7591005
7592208
7592324
7592801
7593186
7593291
7594629
7596353
7596573
7596645
7596940
7598271
7600263
7601157
7602448
7602492
7602607
7603149
7603790
7604268
7604493
7606066
7610167
7610719
7610805
7612850
7613551
7613686
7615736
7616174
7619348
7620031
7620991
7621483
7623581
7624298
7625360
7625628
7625740
7626451
7628018
7628744
7629134
7630267
7631796
7632028
7632406
7632606
7633677
7634556
7635175
7636355
7639075
7639263
7641766
7642490
7643013
7643286
7643346
7645587
7645678
7645993
7647889
7648314
7649162
7651572
7652332
7653920
7654568
7655402
7657223
7658213
7658400
7659125
7659452
7660831
7661588
7662169
7662425
7663432
7663519
7665166
7665170
7665402
7665830
7667925
7668490
7668769
7669741
7672425
7672626
7672636
7673552
7675514
7675588
7677805
7678443
7679111
7680953
7683977
7684598
7689307
7689959
7693654
7693672
7694700
7695243
7696165
7699104
7699672
7699800
7702926
7705483
7705777
7706571
7707748
7712527
7713935
7713997
7716122
7717363
7717964
7718991
7721186
7721590
7722472
7723744
7724959
7726144
7727151
7728168
7728327
7730769
7732723
7732797
7735500
7735879
7735932
7736097
7736168
7736495
7738856
7740130
7740354
7745140
7746019
7746559
7746735
7746899
7748486
7748516
7749539
7749790
7749926
7750635
7750805
7750818
7751189
7751362
7755030
7755269
7756941
7757536
7761942
7764134
7764736
7765212
7765577
7767087
7768547
7770491
7772273
7773814
7774110
7776042
7776198
7781252
7781283
7783228
7783898
7785309
7788279
7788945
7788980
7789120
7789125
7789330
7790616
7790767
7791609
7793811
7794385
7795648
7796587
7797695
7798295
7798332
7798414
7798441
7799776
7800307
7805781
7806617
7807205
7807593
7809937
7809950
7810414
7811063
7811499
7811873
7812254
7812624
7814534
7814721
7814796
7814997
7816450
7816825
7818539
7819123
7819182
7820251
7821138
7821298
7823402
7823888
7825958
7826272
7826400
7827741
7828008
7830510
7830668
7831331
7832088
7832979
7833152
7833271
7834020
7837254
7837733
7839140
7839828
7840793
7841172
7841436
7841514
7843210
7844981
7845006
7845188
7845188
7846823
7846949
7847606
7847884
7848983
7851548
7851566
7852242
7852500
7852883
7853494
7854053
7854526
7855014
7856823
7856902
7857728
7857746
7858000
7859508
7859539
7859744
7860627
7862214
7863405
7864686
7864832
7866200
7866274
7866448
7866449
7866709
7867356
7867740
7867749
7868066
7869585
7869973
7871864
7871975
7872116
7875726
7876236
7879824
7880661
7880776
7883450
7883450
7884188
7884444
7884748
7885749
7886372
7888419
7889506
7891227
7893175
7893887
7894058
7894373
7895475
7895502
7897075
7897309
7897377
7897437
7897902
7898130
7898862
7899098
7899699
7901762
7902714
7905298
7905719
7907567
7909230
7909751
7910665
7911467
7911805
7912078
7915458
7918157
7920579
7920994
7921204
7922289
7924827
7926938
7927726
7928183
7928389
7928932
7929005
7932631
7932887
7933706
7934513
7936560
7936712
7936851
7936861
7938455
7940095
7940390
7940698
7940931
7942597
7943405
7945181
7949603
7949670
7952548
7952951
7953392
7953866
7955120
7956438
7961501
7961974
7962898
7963418
7964954
7965079
7965810
7966176
7967539
7967903
7968560
7969217
7969291
7969452
7970171
7971410
7971514
7971918
7972161
7972267
7973447
7975783
7976268
7976908
7976963
7978630
7979666
7980204
7980497
7980596
7981597
7981632
7982253
7983463
7984593
7988320
7991872
7994297
7995903
7996319
7998229
7999533
8000006
8000021
8000665
8001126
8003911
8004321
8004671
8005887
8006630
8006655
8006748
8006860
8006955
8007010
8007105
8007629
8007671
8008721
8009541
8010302
8013768
8013938
8014987
8017667
8020235
8020403
8020807
8021718
8022111
8023884
8024734
8025316
8026361
8028816
8029598
8029865
8032245
8032908
8033615
8034227
8034423
8035725
8036222
8036616
8036654
8037365
8037416
8037805
8038358
8040168
8042230
8042502
8042544
8042552
8044710
8044725
8044766
8045673
8046266
8046449
8052511
8052812
8053044
8054632
8055089
8055248
8055566
8056668
8059435
8061128
8061612
8063847
8065192
8065315
8065651
8066110
8066549
8067072
8067585
8070103
8070589
8070589
8070813
8071888
8072084
8072247
8076010
8078102
8081110
8081526
8084634
8085082
8087063
8089840
8090269
8090619
8090801
8091220
8092628
8093555
8094053
8094277
8097693
8098279
8099914
8100861
8101307
8102929
8103306
8105264
8105871
8106909
8110292
8111370
8112039
8115495
8118203
8121261
8124751
8127194
8127208
8127736
8129059
8131397
8131765
8131847
8133482
8135373
8135710
8137404
8138954
8139261
8139502
8140209
8140434
8140710
8141693
8142301
8142973
8143460
8144876
8144977
8145801
8148076
8149647
8151739
8153787
8154454
8155670
8156843
8160662
8160831
8161021
8161154
8162755
8163175
8163811
8164941
8169248
8170115
8171248
8171819
8173060
8173264
8173385
8174358
8175038
8175899
8176090
8176299
8176828
8177011
8177726
8178978
8179251
8180506
8180710
8181211
8182332
8182422
8182667
8182707
8183333
8183440
8184170
8185106
8185773
8186259
8189432
8190176
8191088
8192426
8196932
8197506
8197603
8198301
8198595
8198904
8200012
8202584
8204915
8204968
8206135
8207012
8208729
8209235
8211024
8212668
8214068
8216569
8217137
8217982
8218292
8219879
8220176
8222325
8223263
8223716
8228074
8228625
8229905
8232480
8232669
8232704
8233152
8234093
8235206
8235826
8236723
8238950
8238967
8239487
8241931
8243838
8244973
8245306
8245765
8245927
8246416
8247609
8248550
8249243
8251358
8253608
8254176
8254542
8254844
8254856
8256860
8260452
8261688
8262515
8263078
8265285
8267068
8268088
8268509
8269396
8269538
8270638
8270993
8272090
8273456
8273500
8274406
8275111
8275388
8276694
8277476
8278169
8278294
8278632
8280888
8280916
8281189
8281288
8283598
8284409
8284506
8285240
8286025
8287616
8287782
8289110
8290490
8291384
8295015
8296249
8298685
8299868
8300350
8301098
8301866
8302597
8304099
8304280
8305284
8305811
8306079
8306200
8306216
8306762
8307418
8309122
8310306
8310625
8314764
8315695
8318172
8319557
8320861
8322178
8323157
8324316
8327563
8328448
8329566
8329776
8329798
8329861
8330845
8330953
8335052
8336968
8340723
8342073
8343763
8343997
8344861
8345272
8346706
8346836
8346888
8346922
8348318
8349282
8353106
8353519
8355137
8355165
8355941
8356022
8357197
8357863
8361036
8361091
8361469
8361864
8363365
8366537
8366823
8366847
8366949
8367952
8368225
8368992
8370751
8371030
8371594
8372487
8372759
8373292
8374281
8374849
8377719
8380427
8380626
8381524
8384909
8385260
8387338
8388096
8388515
8389454
8391241
8391299
8391530
8392409
8392629
8393160
8394152
8394744
8395160
8396270
8397338
8397348
8399517
8405647
8405659
8407372
8413330
8415164
8416107
8417483
8417682
8418893
8419233
8419900
8419990
8420064
8420947
8422643
8422818
8422830
8423762
8423904
8424501
8425282
8425925
8427714
8427894
8428832
8428941
8429006
8429530
8429620
8431283
8431732
8432294
8432977
8435857
8436888
8437341
8437618
8438136
8439459
8441222
8442928
8444611
8444876
8446960
8447256
8447521
8447899
8449135
8449486
8449507
8450134
8450620
8450909
8451604
8451864
8455526
8456655
8457029
8458981
8459603
8459800
8460006
8460190
8461008
8461662
8462842
8464911
8465715
8467712
8467824
8468051
8472024
8473900
8474832
8474866
8475149
8475958
8476060
8478331
8479821
8481156
8482390
8482590
8484162
8485060
8485455
8485534
8485759
8485960
8487510
8488239
8488720
8488878
8488918
8489146
8489690
8491170
8491386
8492231
8492594
8496292
8496807
8497269
8500308
8502481
8502815
8502913
8503706
8505828
8505863
8506665
8509275
8510546
8511409
8512820
8513187
8515598
8515832
8517106
8517444
8518492
8521940
8522279
8523432
8524664
8525242
8526076
8526421
8527321
8529353
8530133
8531068
8531502
8534910
8536851
8537250
8537481
8539549
8541053
8541170
8543039
8543122
8543589
8546256
8547794
8549098
8550375
8552729
8553081
8553563
8553590
8556073
8556333
8556838
8557333
8560304
8561009
8562739
8563433
8566292
8566788
8567386
8569128
8570345
8570591
8571821
8572732
8573921
8574431
8576538
8577368
8578398
8579087
8580887
8581381
8582976
8583401
8584008
8585023
8585099
8585212
8585718
8586157
8586790
8588013
8588189
8588230
8588251
8590163
8593012
8594891
8595470
8596003
8596265
8596620
8597212
8599508
8601869
8606057
8608111
8608381
8608671
8609109
8613049
8613672
8614008
8618141
8618395
8618471
8621040
8621514
8624116
8625110
8626218
8626331
8628567
8629897
8629950
8630893
8632575
8633167
8633412
8634059
8637023
8638095
8640484
8641532
8642102
8642538
8644914
8645736
8646441
8648502
8649147
8651800
8653925
8654201
8655304
8656216
8657436
8658253
8658497
8659033
8659240
8659752
8661131
8661184
8661340
8663235
8663514
8663677
8664289
8665240
8665401
8665658
8665917
8671906
8672180
8672457
8673100
8673263
8673913
8674323
8675474
8677029
8677800
8677818
8679240
8680036
8680313
8680466
8681676
8681978
8683351
8683917
8684018
8684294
8684732
8685807
8687486
8688121
8688355
8690616
8691111
8693411
8693956
8696847
8697849
8698635
8698654
8698779
8699435
8699929
8700589
8700720
8701958
8702823
8704056
8704799
8705694
8705969
8709128
8710825
8711498
8712148
8712998
8713392
8713695
8714215
8714853
8715285
8715660
8716802
8717523
8717637
8718041
8721024
8721125
8721537
8722246
8722903
8723503
8723546
8725066
8726250
8726591
8726985
8727517
8727553
8729007
8729096
8729764
8729873
8729904
8731814
8732187
8732523
8733600
8736028
8736596
8736735
8737283
8737470
8737961
8738305
8739256
8740484
8741630
8743361
8743663
8744447
8747935
8748339
8749683
8753280
8754162
8754222
8756426
8756660
8757006
8759619
8763628
8764374
8764518
8765107
8766474
8766489
8766530
8767111
8768499
8769159
8769284
8770845
8770973
8771109
8771589
8773621
8774197
8774383
8774435
8774466
8774544
8775019
8775072
8776075
8777650
8777838
8779280
8779790
8780351
8780465
8781490
8781959
8782234
8783368
8784723
8786913
8788604
8789046
8790022
8790417
8790432
8791007
8791929
8792600
8793379
8793395
8794937
8795092
8796263
8797500
8797778
8798038
8798359
8799345
8801576
8801599
8801900
8802593
8804482
8805624
8805853
8806146
8808075
8809606
8810298
8811317
8814190
8814445
8814614
8814865
8815999
8816536
8818226
8818911
8820306
8820921
8821547
8822403
8822519
8823539
8823800
8824044
8824559
8825451
8827574
8827800
8828287
8829421
8829743
8831934
8832067
8833290
8833759
8834491
8835206
8835288
8836008
8838110
8838587
8838908
8840107
8843018
8843742
8844213
8844753
8846265
8846433
8849450
8850052
8850678
8852567
8852940
8856244
8857005
8857630
8857761
8858658
8859721
8861014
8861844
8863444
8864186
8864190
8865470
8867213
8867462
8867787
8869258
8870959
8872047
8872653
8873007
8875087
8877606
8879020
8881094
8881420
8881920
8881928
8883914
8884576
8885722
8886855
8886922
8888375
8889284
8889543
8891535
8893599
8893666
8894129
8896182
8898740
8899505
8899815
8899922
8901898
8902330
8902436
8902925
8903293
8903649
8904309
8907105
8907577
8908000
8908738
8908988
8909635
8909775
8911113
8911735
8912489
8913149
8913349
8914132
8914927
8915216
8917050
8918272
8919051
8921577
8921803
8921975
8922307
8923275
8923875
8925202
8925623
8928506
8930034
8930567
8931500
8931903
8937607
8939602
8942085
8942928
8943192
8943342
8944454
8946520
8947146
8947211
8947508
8947664
8949438
8949830
8950316
8951803
8952648
8952652
8952891
8953920
8955035
8956407
8957822
8958156
8958218
8958484
8958640
8958893
8961383
8962560
8962734
8963932
8964235
8964665
8965660
8967286
8968077
8969203
8969592
8970698
8971956
8972671
8972922
8974081
8974135
8974321
8976191
8976389
8980084
8980659
8982714
8982769
8983199
8986658
8986668
8988681
8988836
8991287
8992241
8992291
8995536
8995573
8995953
8996940
8999756
9000614
9001594
9003701
9006352
9009059
9009081
9009676
9010022
9010210
9010243
9010434
9010656
9011321
9013062
9013645
9013877
9015992
9016311
9017237
9021083
9021762
9022888
9023237
9023582
9023676
9024904
9026336
9028048
9028961
9029308
9029655
9030500
9032488
9033584
9034493
9035723
9036150
9036816
9036953
9039022
9039708
9041379
9044423
9045198
9045269
9046445
9049439
9049842
9050166
9052330
9053848
9055769
9056540
9056768
9057180
9057852
9058127
9060089
9060374
9060577
9061198
9061943
9062359
9062892
9063037
9063214
9063743
9065054
9065936
9067382
9068050
9068303
9068439
9068804
9071516
9072314
9073333
9074258
9074553
9074969
9075315
9075472
9075833
9076170
9076683
9076833
9076875
9078181
9078713
9079235
9079428
9080007
9080994
9082399
9082789
9084006
9084055
9085240
9085646
9086433
9086556
9087030
9087806
9088590
9088807
9089076
9089521
9090543
9091227
9091299
9096141
9097027
9097697
9099289
9099315
9099565
9099692
9100128
9103086
9104641
9105619
9106886
9107424
9110671
9111845
9111865
9112384
9112400
9112624
9113109
9113503
9116677
9116779
9117511
9118830
9120053
9122810
9125749
9127432
9127570
9127935
9129404
9129415
9131821
9133363
9135686
9135898
9135952
9136025
9136151
9136588
9137078
9138997
9140191
9142436
9145292
9146895
9147652
9147684
9152412
9153544
9154817
9156813
9156921
9157597
9157629
9160230
9162758
9162888
9164322
9167502
9170571
9170881
9171028
9171593
9171712
9172038
9174338
9174434
9174598
9175071
9175578
9176004
9176747
9176847
9177476
9177634
9178083
9178441
9179024
9179379
9180699
9181620
9183831
9183989
9186704
9187191
9190166
9190570
9194240
9194985
9195942
9197795
9199081
9199154
9201003
9201618
9204468
9206036
9206593
9206795
9207389
9209011
9211383
9212137
9213350
9214616
9217744
9218279
9219124
9220897
9221209
9221376
9222961
9222963
9224364
9224376
9224386
9224730
9225838
9229026
9230021
9230866
9230923
9231412
9233099
9233143
9233620
9235366
9236829
9238303
9238628
9238783
9239020
9239590
9241555
9241928
9242032
9242685
9246021
9246948
9248649
9249250
9250046
9250107
9252264
9252658
9252681
9254328
9254668
9255495
9256882
9258042
9262888
9265352
9265769
9267720
9272936
9273892
9273970
9274060
9274250
9274271
9275051
9275656
9277319
9280326
9280365
9281827
9282272
9283408
9286661
9287798
9288676
9289119
9290032
9291188
9292768
9292821
9292942
9293460
9294783
9295382
9296517
9297184
9297892
9300592
9300696
9300785
9301213
9301464
9303223
9303792
9303949
9304004
9306286
9307268
9308999
9309551
9310311
9310353
9310511
9311062
9311390
9311419
9311592
9312786
9313941
9315046
9315372
9315431
9316113
9317231
9317817
9317953
9318970
9320588
9322180
9323760
9323848
9325417
9326970
9327349
9329352
9331292
9334758
9336217
9336290
9336531
9336948
9337074
9338196
9339307
9339542
9339815
9340645
9341138
9342507
9344241
9344321
9348114
9348843
9350415
9351282
9351637
9352530
9354974
9355976
9357091
9357955
9359979
9361788
9363429
9363678
9364483
9369362
9371481
9371552
9371902
9371988
9372479
9373028
9374035
9374330
9376215
9377332
9379460
9380468
9380853
9382837
9382853
9383365
9385009
9387634
9387926
9389152
9389298
9391995
9393706
9395022
9396232
9397883
9398242
9398542
9401032
9402831
9403465
9403688
9404568
9408484
9410483
9410485
9411438
9411832
9412177
9413513
9415089
9416238
9416737
9416917
9417445
9418083
9420681
9422968
9425416
9425647
9425927
9426910
9427227
9427298
9427790
9428275
9428584
9430193
9432916
9433324
9433686
9434129
9435817
9436405
9437208
9437985
9439684
9441742
9442391
9442747
9442835
9446786
9447253
9448973
9451023
9451123
9452393
9453465
9454687
9455045
9455173
9455217
9455721
9457469
9458033
9458142
9458696
9459529
9460826
9462502
9465109
9468328
9468770
9470201
9470651
9470906
9471008
9471167
9471335
9471663
9471756
9471919
9472364
9473149
9474550
9475565
9476492
9476711
9477475
9478265
9479791
9479943
9480338
9481430
9482267
9483818
9485267
9486707
9487173
9487760
9489954
9490033
9490720
9491571
9491902
9492309
9494626
9495076
9496892
9497711
9498081
9498257
9499300
9499968
9500264
9500528
9500971
9501080
9503453
9504169
9505118
9506127
9506768
9508545
9509070
9509648
9512379
9512427
9513037
9513315
9514256
9515675
9515982
9517182
9520529
9521726
9524649
9524747
9525498
9525987
9526561
9526796
9527620
9527889
9527923
9529499
9529875
9530630
9531154
9531170
9531954
9532247
9534022
9535080
9535523
9537179
9537894
9538059
9538131
9538518
9538866
9542302
9543502
9543836
9550306
9551030
9551501
9551616
9552833
9553009
9553637
9553651
9553845
9554502
9557905
9558254
9558568
9561454
9561488
9561614
9562103
9563746
9564010
9567729
9569386
9570263
9571357
9571399
9573962
9574431
9575053
9576509
9576895
9578552
9578916
9579068
9579298
9581317
9583503
9583639
9585703
9586159
9586640
9587326
9588469
9588715
9590016
9590084
9590950
9591513
9595095
9596513
9597658
9598936
9599399
9600949
9601231
9602348
9603284
9603464
9603705
9603747
9604079
9604597
9606785
9607737
9608858
9610947
9611204
9611718
9613329
9615013
9619108
9620613
9624631
9625193
9625623
9627287
9627409
9627480
9627646
9628299
9629125
9630773
9631133
9631261
9631489
9632472
9633657
9633796
9634189
9634714
9636526
9636793
9637706
9638753
9639109
9639136
9639386
9639694
9641817
9642330
9642663
9643212
9644016
9645798
9646041
9647428
9647685
9648095
9649284
9650019
9652088
9652504
9652548
9655172
9656531
9657073
9657735
9657864
9659808
9661991
9664772
9674036
9675896
9677138
9680399
9681328
9683481
9684610
9685672
9685847
9686839
9688940
9690225
9690257
9690894
9691028
9693716
9694095
9694156
9694609
9694901
9694969
9695008
9695018
9695751
9695950
9697831
9697967
9698671
9698994
9700388
9700566
9701495
9701685
9701943
9702806
9704457
9704800
9705894
9706517
9708234
9708491
9708699
9708847
9708926
9710255
9712627
9713151
9715978
9716203
9717246
9718348
9718721
9718893
9720009
9720304
9721004
9721856
9722957
9723438
9724049
9725043
9725561
9726711
9726778
9726906
9727146
9727359
9728054
9728147
9729500
9730355
9730391
9733459
9733600
9736371
9737225
9737836
9738359
9738968
9741533
9742854
9743918
9744066
9744834
9747315
9749423
9749448
9749885
9750937
9752217
9754990
9755422
9755932
9757003
9757159
9758047
9758797
9760141
9760959
9761871
9762334
9764755
9766833
9767428
9767610
9769503
9770002
9770183
9770915
9771418
9771608
9772559
9772797
9773410
9775060
9775147
9775596
9776246
9780500
9782848
9782956
9784965
9786653
9787704
9787981
9788937
9791256
9791379
9792726
9792731
9792799
9793428
9793558
9795761
9796770
9797122
9797449
9798285
9798287
9802991
9803413
9805139
9806415
9806748
9811158
9811583
9811717
9812412
9812550
9812858
9812878
9812890
9813408
9817003
9819960
9821028
9821194
9821880
9822110
9823378
9824141
9824264
9824333
9825477
9826081
9826611
9827130
9827146
9827818
9829873
9830871
9831659
9833199
9833621
9833882
9834047
9835136
9838004
9838212
9840095
9841898
9842620
9845061
9848723
9849239
9852562
9853897
9854919
9855652
9856994
9858449
9859410
9860929
9861430
9862285
9862664
9864392
9865868
9866364
9866624
9866787
9868515
9868522
9868853
9870539
9871934
9873059
9875841
9876411
9877169
9878232
9879533
9880037
9880201
9880481
9881633
9882770
9883063
9887455
9888907
9890103
9891937
9892155
9892836
9900094
9901152
9902292
9903971
9904244
9904833
9905735
9907350
9908561
9913106
9913193
9914443
9914692
9917192
9918055
9918571
9919050
9919287
9920226
9920494
9920548
9921084
9923441
9923654
9924187
9924560
9925326
9925797
9926022
9932012
9936221
9939323
9941910
9944498
9945250
9945456
9945873
9946112
9947270
9948954
9949015
9950859
9951477
9952608
9956632
9956946
9957539
9958483
9959510
9960533
9960786
9961567
9962235
9965361
9968542
9971801
9972151
9973614
9975136
9975414
9976223
9977039
9977734
9978500
9979989
9980129
9980171
9981671
9982238
9982414
9982915
9983321
9983415
9985218
9986148
9987017
9987438
9988732
9990849
9991732
9991850
9992063
9992176
9992653
9994842
9995291
9997103
9998975
