129
497
984
2206
2871
3161
3241
3908
5745
6437
7659
8693
8996
10336
10758
10786
11186
12925
13743
14905
15448
17638
18558
19400
20295
20511
22166
22535
23316
23471
23725
25335
25363
25689
26658
26879
27613
28819
30328
31062
31414
32622
34969
35240
35531
36630
38986
39336
39740
39776
42893
43093
43648
43675
44626
44754
45922
46036
53573
54292
55306
56171
57904
57955
58351
59107
59584
60277
60512
62039
62227
63645
65255
66366
66841
68479
69477
69674
69736
71404
73720
73879
74150
79189
79535
79932
83213
85720
86767
87433
87999
88781
88865
90305
91489
92108
92362
93301
96055
97058
97108
97543
97922
97969
98149
99268
100033
101575
101789
102001
105290
106480
107131
112245
114201
116074
116663
119467
121867
123475
123817
124725
125092
125882
125955
128215
128216
129215
130378
130388
131069
132020
135339
135518
136398
136930
137409
137860
139758
140297
142250
142761
143202
146223
146581
147374
149525
149560
149809
152184
152406
153267
153673
154788
156877
157002
157940
158136
158348
159544
160245
161706
163812
164908
165201
165441
165820
167216
168511
168676
170657
172363
172926
172941
174471
175475
176711
176907
177186
177492
178787
179166
179561
181779
183115
183890
184144
185179
185754
187260
189199
189473
190196
191459
191550
191688
191925
193979
194361
196186
196793
197159
197227
198932
199338
199598
199759
199838
200122
201335
203218
204765
205574
205673
208006
209290
210629
211547
213128
213236
214605
218637
219131
219853
220055
220340
220763
222199
224536
224921
226530
226898
228448
229887
230076
230085
230491
231252
231421
232182
232826
234400
234692
234846
236463
236506
238499
238955
239720
242550
244583
245140
245925
247040
248704
249540
249666
250438
250617
250636
252127
252150
254528
257124
257617
259126
259168
260775
261284
261305
263137
265580
268434
269005
269117
269942
272226
272472
273734
274432
275089
275988
276043
277113
277150
277946
278476
278954
283268
286320
287192
287600
287848
288755
291351
291623
295845
297103
297152
297460
297481
297903
297918
300430
300798
302008
304690
304957
305397
306478
306902
308556
309855
314717
316006
316870
317082
318968
319191
320976
323058
323294
325173
325611
326000
326189
331061
331477
331662
331737
332778
334260
334462
335136
336324
336881
337559
337791
338207
339286
339534
340592
340944
343126
344844
346575
347180
348186
351297
353500
355338
356745
357965
363373
365554
365576
366139
366593
367742
370247
370495
372911
373896
374130
376244
378770
379230
379401
379926
381844
381868
383703
383734
383758
385110
385119
385228
388137
388822
388930
390212
390529
391498
391605
392333
392813
393384
394218
394244
395739
395763
397347
400348
401272
401364
401745
401946
402399
402806
402838
403012
405060
405314
405986
406600
408303
408567
409215
410071
410082
410106
411499
412568
415779
416717
418811
419434
420563
421413
422633
423847
424544
425254
426833
427660
428581
428838
430860
434224
434931
434952
434969
435201
435302
435451
437903
438539
438766
442042
442195
442610
443364
446962
452327
452489
453566
454706
457147
457484
460109
460994
461159
462486
462558
462664
463951
464629
464863
464940
466047
466439
467265
467352
467397
468254
468621
469390
470625
472255
473897
476570
476719
478194
479255
480548
481238
482119
483603
484017
485304
487042
487990
488490
488621
489984
490584
492733
494590
495131
498878
499112
499556
501736
502395
502850
502981
503525
503785
504077
504458
504462
505688
507379
508153
509341
511608
512986
513613
514210
514305
514569
515446
516915
518616
519037
519099
519726
520868
522648
522670
525465
526206
528730
529074
529278
529470
529511
529813
530200
530802
530957
533069
533476
533564
534780
534967
535931
536270
536427
537798
540032
541208
542703
544573
545480
549950
550722
550869
551506
553562
553854
555709
556316
560983
561148
561995
562937
564042
564348
564477
564559
566189
567068
567656
569708
570574
574044
575067
575127
575797
576033
576362
578384
580424
580725
581900
583355
585754
586305
586766
587546
588238
591101
592963
593498
593797
594146
594358
594785
595151
596953
598289
598324
599688
600666
602289
602460
605288
607799
609066
612172
612683
613862
615030
617012
618428
618572
619798
620292
620576
621190
621695
621777
624672
624787
626558
626600
628069
628605
629853
631137
634016
636101
636646
637110
637886
638128
639192
639652
640104
640295
640431
641517
642543
643530
643768
643770
643923
644514
647068
647224
647654
648579
650128
650824
654614
654995
655514
656531
657173
657345
657534
657806
659061
659098
659260
659438
660212
660789
661832
663189
664060
664167
664953
666036
666799
667200
667303
668803
669024
670761
671062
673291
674202
678035
680051
680889
681182
684189
684460
684731
685849
687469
688422
688599
689230
690856
691069
694823
696922
698078
699356
699407
700442
700710
701720
702823
705932
706164
706245
709349
710345
710373
710535
710580
710992
711728
711967
712042
712936
713681
714458
714595
715972
716545
717831
722043
722932
725405
725519
727517
728738
729484
731393
735034
735236
735381
735701
736028
736509
738895
739264
739678
739967
740607
742598
743033
744206
745510
746419
747159
747278
748359
748925
749830
751268
752998
753036
753397
753996
754198
754522
755423
755883
756676
757719
758076
758212
758478
759173
759820
760198
760551
764044
765226
767684
769404
771123
771823
773223
773710
774238
775304
776942
777707
777848
777873
778052
779124
780908
781318
784934
785393
786016
786110
786499
786519
786559
786594
786858
786971
787502
788155
788409
790644
791521
792208
793442
798029
799117
799136
799672
800928
802745
802749
803948
806035
810269
811704
812615
813567
815760
815921
816750
817316
818256
820852
821618
821944
822086
822624
823287
824432
825250
825929
827546
828593
828898
829741
830749
831155
832280
833633
833985
835311
835504
837138
837959
838413
838419
838641
842605
842791
844819
845026
845149
846174
847861
848301
848912
849500
849838
851009
851401
852198
853128
853517
854905
856149
856568
857725
859925
860106
861081
863409
864899
865164
865263
866230
866249
866368
867970
868202
868611
869268
870982
871333
872317
874272
875166
875659
875725
876588
877133
877208
877841
877903
878297
878335
881491
881521
881764
883113
884904
890808
890831
891742
892137
892992
893572
897153
897154
897710
898138
898446
898809
900135
901011
901593
901665
901759
902067
903669
904805
906255
907747
908303
909777
910648
911195
913587
913657
914047
914314
914934
918486
919484
920114
920730
920822
920850
921322
923080
923298
925601
925865
926174
926689
926855
928068
931794
933247
936383
938344
939040
940095
940758
942362
944445
944517
945931
946156
947376
947417
947930
948691
948864
949478
949828
950662
951627
953072
953868
954132
954259
954297
954688
956082
956106
956627
956996
960327
961255
963834
964195
964943
966802
967363
967672
969745
970609
970611
975609
975788
976223
976401
977316
978565
978689
978974
979907
983269
983885
983925
985144
985182
985787
986170
990241
990595
990736
992071
993773
994984
995451
995564
998566
1000836
1001682
1001962
1002626
1003039
1003454
1003474
1007072
1007213
1007395
1008641
1010328
1010897
1012414
1013758
1015528
1015993
1016078
1017142
1017345
1018862
1019237
1020404
1020645
1025019
1027960
1030057
1031324
1032001
1032792
1032963
1034157
1035665
1037660
1037758
1038156
1038508
1038853
1039907
1040346
1040495
1041000
1041121
1041509
1042568
1044035
1045674
1046839
1049385
1050762
1051651
1052181
1052482
1052912
1053197
1055555
1058828
1058932
1061388
1061481
1062398
1063645
1063720
1063804
1063899
1064220
1066654
1066887
1067275
1070445
1070962
1071049
1072190
1073466
1073512
1074311
1075947
1076723
1077169
1077577
1078201
1081120
1083592
1083598
1084116
1084378
1084751
1084900
1085638
1085781
1086794
1086853
1086904
1087960
1088920
1088992
1089781
1092214
1093475
1096436
1098017
1099619
1100972
1104586
1104717
1104958
1108839
1109101
1110893
1111394
1112003
1113432
1113597
1113749
1113773
1113990
1115983
1116421
1117149
1117592
1118811
1118963
1119586
1119905
1120495
1120522
1120526
1120883
1121358
1121456
1121981
1123472
1124522
1125453
1125879
1126024
1126285
1126793
1127257
1128760
1130015
1130421
1131113
1132144
1134036
1136382
1137089
1138895
1140735
1144639
1145783
1146107
1147735
1147789
1147839
1148076
1149070
1150432
1150592
1150935
1151297
1153214
1153296
1153757
1154386
1155114
1156566
1159154
1159746
1160083
1160336
1160794
1160981
1162439
1163103
1164300
1164800
1165201
1165332
1167075
1168579
1169626
1169738
1171189
1171256
1171610
1172385
1174902
1175427
1175451
1175451
1176538
1179284
1179588
1179730
1179881
1182976
1185038
1187228
1188586
1189447
1189608
1189860
1192167
1192720
1193670
1195432
1196372
1196767
1197266
1198893
1198961
1199505
1200308
1201062
1201481
1203474
1203831
1203930
1204290
1206092
1206702
1207047
1207816
1208591
1208827
1209069
1209071
1210293
1210465
1211072
1212231
1212727
1213483
1213532
1214820
1214845
1215963
1216572
1216587
1219163
1220702
1221024
1221858
1222059
1222203
1223183
1223891
1225295
1226646
1226957
1227515
1227566
1228590
1231639
1232761
1234246
1234955
1234977
1235278
1235479
1235611
1237574
1239642
1241853
1243527
1243703
1244147
1244212
1246589
1253709
1254273
1255214
1255233
1260319
1260440
1260898
1261153
1262187
1262532
1262701
1263501
1264610
1264964
1265577
1266379
1266942
1267298
1268170
1269812
1270284
1270693
1273110
1274309
1274604
1275102
1276205
1276336
1276710
1277134
1277342
1278020
1278362
1279781
1280140
1280243
1281467
1283376
1287955
1289708
1290711
1292093
1292405
1294141
1294354
1295002
1295960
1298701
1300595
1304045
1304484
1305091
1305922
1307354
1307725
1308296
1309537
1310331
1313561
1313729
1313762
1314809
1315535
1315676
1316148
1316333
1316882
1316931
1317657
1317716
1318709
1318754
1319864
1320949
1323792
1324768
1324822
1327043
1327774
1329331
1329849
1331378
1332242
1333297
1337499
1337842
1338634
1342686
1344146
1347373
1348168
1348340
1349282
1349491
1351847
1352414
1354142
1357577
1359315
1360747
1361256
1362458
1362635
1368245
1368520
1368548
1368841
1368889
1369049
1369893
1370037
1371701
1372303
1374196
1374327
1380488
1380758
1381965
1382486
1382560
1382623
1385356
1386406
1387930
1388632
1389047
1391661
1394371
1394993
1396517
1396971
1398005
1398399
1399942
1400387
1404167
1406035
1406147
1408037
1410025
1410621
1412944
1413989
1417224
1419981
1421195
1421888
1425234
1427595
1429321
1430477
1431555
1431900
1432663
1433014
1434882
1435213
1435679
1436440
1438659
1438661
1438999
1440375
1440536
1443284
1443615
1443898
1444755
1444838
1450031
1452232
1453232
1453535
1453627
1453915
1455151
1455542
1455764
1456540
1457734
1457943
1459623
1460487
1460785
1461662
1464874
1465909
1466876
1467536
1467701
1467975
1472120
1472341
1472744
1473681
1474457
1474646
1475544
1476457
1476615
1477092
1479769
1480035
1481140
1481973
1481985
1483442
1488398
1488480
1489238
1489263
1489554
1491343
1492470
1494630
1495196
1495796
1497862
1498284
1499868
1499975
1500180
1500855
1501123
1501812
1505288
1505545
1509279
1509546
1511289
1514343
1514575
1515465
1516812
1517980
1518416
1518532
1518995
1519450
1520236
1520263
1520536
1522403
1522769
1523508
1523825
1531001
1531362
1531698
1531851
1532484
1532533
1532598
1533171
1534297
1536203
1537509
1537783
1538249
1538636
1539227
1540359
1540575
1541466
1543088
1545551
1546364
1546601
1546630
1549133
1549337
1550653
1552609
1555001
1555109
1555609
1556454
1556491
1558510
1559425
1560911
1561431
1561552
1561666
1562156
1562711
1563011
1563997
1566732
1567052
1568205
1570929
1571056
1571781
1574246
1576975
1579194
1580693
1581060
1581773
1581873
1583838
1585373
1586418
1587275
1587530
1587530
1588504
1588605
1589415
1591755
1593833
1594365
1595900
1595913
1596269
1596302
1596909
1597089
1597541
1597720
1598577
1601240
1602732
1604085
1604480
1605011
1605147
1605616
1606036
1606889
1611056
1613577
1614748
1614840
1615617
1618610
1618780
1623762
1624687
1625330
1625535
1626939
1628164
1628677
1629291
1629500
1630371
1630977
1632497
1634460
1636399
1637149
1639201
1641367
1643619
1644112
1644762
1646433
1648180
1650521
1651282
1653255
1653912
1655805
1657162
1658951
1662436
1662593
1662653
1663579
1664227
1664241
1665085
1665466
1668021
1669171
1671648
1671970
1672377
1673220
1675222
1676369
1677516
1678546
1679141
1679490
1680100
1680413
1680706
1681629
1683071
1683222
1683710
1685325
1686144
1687193
1688288
1688488
1689110
1689588
1689760
1690084
1690611
1691389
1691589
1692028
1693209
1693599
1694539
1695327
1695339
1695704
1696655
1698110
1699079
1700564
1700768
1701212
1702748
1703000
1704060
1705136
1705195
1705910
1707595
1708883
1709179
1709431
1710026
1712895
1713008
1713898
1719227
1720033
1720346
1720678
1721344
1721797
1722873
1724680
1725519
1725829
1726550
1726988
1727771
1728536
1729221
1729577
1730273
1730560
1734092
1734148
1734507
1734722
1734766
1736351
1736829
1737747
1739657
1742994
1743385
1744586
1745337
1746526
1747724
1748803
1750277
1750758
1751629
1752072
1752583
1753760
1755171
1755561
1756886
1757261
1758530
1758782
1759016
1760133
1760160
1760612
1760820
1760966
1761296
1762780
1764630
1765439
1767181
1767472
1767655
1769406
1769653
1770261
1771154
1771493
1773010
1774022
1774033
1775353
1776113
1776516
1777645
1779051
1779182
1779350
1786004
1788189
1788225
1789055
1790160
1790209
1790782
1791767
1792661
1794683
1794772
1795508
1799220
1801785
1802741
1803009
1804595
1804672
1805331
1806934
1807407
1810072
1812279
1812470
1812477
1814452
1814732
1815422
1815424
1817996
1820536
1820929
1821175
1823576
1824027
1825893
1826548
1826674
1827535
1828307
1829161
1829789
1829997
1830420
1832064
1833204
1833315
1837517
1837837
1840608
1843479
1846170
1846456
1846520
1846686
1849553
1849859
1849937
1850199
1851571
1852373
1854556
1854587
1855342
1856965
1858186
1858723
1859202
1859496
1859534
1859544
1861828
1862132
1862793
1863779
1863902
1867581
1867783
1868587
1868594
1869073
1872089
1873715
1875061
1876469
1876685
1876948
1877071
1877160
1879404
1882288
1882638
1882658
1885161
1887041
1888012
1889137
1892330
1892566
1892763
1893912
1895597
1896081
1897943
1898606
1899181
1899774
1900361
1903130
1903347
1904068
1907044
1908914
1909200
1912388
1913578
1913628
1916517
1916989
1917196
1923728
1923979
1924707
1925582
1925749
1927307
1927382
1929400
1930718
1931167
1931254
1932682
1933024
1933860
1937441
1939008
1939031
1941144
1941171
1942006
1942168
1943113
1943355
1944460
1945520
1946537
1946697
1948144
1950070
1951124
1953004
1953470
1954239
1954352
1954387
1955329
1955851
1957759
1958537
1961122
1961381
1962112
1962699
1962794
1964252
1964394
1965937
1966683
1969227
1969585
1970721
1970851
1971070
1971465
1972246
1973054
1975437
1980650
1982694
1983289
1983466
1984675
1985117
1986088
1986422
1986724
1987389
1987440
1987895
1987899
1988357
1988587
1991250
1991343
1992558
1993938
1994182
1994364
1995333
1995950
1996345
1997506
2000952
2001831
2001876
2002529
2003557
2003708
2005086
2007887
2009232
2009395
2010101
2010414
2011028
2011635
2012723
2012781
2012994
2013840
2014245
2017549
2018154
2018782
2020929
2023216
2025370
2027016
2027656
2028199
2029129
2029265
2029789
2031803
2032068
2032622
2034218
2035598
2035780
2038993
2041362
2042256
2042318
2046737
2048194
2048196
2049104
2049316
2050730
2051267
2053648
2054193
2056005
2056191
2056323
2059963
2062316
2063721
2064572
2064733
2065744
2066736
2067057
2067065
2067516
2067764
2068162
2068888
2069184
2069446
2069823
2070049
2070581
2070914
2071457
2072323
2073402
2073514
2073995
2074518
2074873
2075347
2076018
2076142
2078176
2078837
2079907
2079999
2081184
2081514
2082368
2082660
2083324
2083892
2086006
2086243
2088059
2088112
2089603
2090175
2090470
2090787
2091128
2091464
2092527
2093063
2094543
2094956
2096739
2097195
2099653
2099764
2100306
2101689
2102661
2103134
2103652
2104298
2104739
2106699
2106720
2106831
2108814
2109611
2111724
2111733
2112384
2112477
2113455
2114916
2115898
2116564
2117595
2117671
2119031
2121170
2121204
2121574
2121902
2122052
2122713
2127104
2127211
2129339
2133950
2133990
2135157
2136138
2136281
2136896
2137470
2137672
2139493
2140482
2141521
2141532
2145596
2147270
2147895
2152224
2153717
2154888
2156205
2157427
2157484
2157514
2157875
2158274
2160195
2161116
2162247
2164245
2164273
2164790
2164938
2165347
2166602
2166915
2168727
2169618
2169718
2169809
2170569
2171042
2171296
2173633
2175420
2177245
2178636
2178719
2178845
2178915
2180454
2180717
2180785
2181085
2181121
2181665
2185486
2186221
2186976
2188402
2188907
2190461
2190902
2192588
2193063
2193144
2193281
2194544
2194759
2194865
2197346
2197772
2199952
2202677
2202755
2205379
2208364
2208936
2208951
2210045
2210215
2212157
2212777
2212871
2215222
2216057
2216197
2216873
2216972
2217166
2217930
2220763
2221448
2225189
2227803
2227987
2231764
2232514
2232952
2233013
2234086
2234091
2234412
2234684
2235533
2235688
2235873
2235905
2236659
2237943
2237948
2238547
2243860
2244744
2245178
2245485
2246557
2246720
2248260
2253937
2256822
2257953
2258006
2258394
2258496
2258591
2259302
2259544
2262247
2263367
2263573
2263803
2264481
2268024
2270259
2272139
2272180
2272362
2272570
2272962
2272989
2273610
2276106
2277020
2277610
2277862
2277896
2278812
2279288
2279519
2280326
2281744
2284546
2284961
2285705
2286834
2290908
2292604
2293152
2295742
2296365
2296624
2296677
2299878
2300262
2300493
2301071
2304347
2306107
2307570
2311148
2311788
2312079
2312440
2312900
2317487
2317926
2320686
2321212
2322951
2324317
2324680
2324870
2324875
2327907
2328787
2329046
2330559
2331810
2333098
2333590
2333823
2339537
2339903
2340841
2341959
2342179
2343858
2347003
2348111
2350127
2350462
2350498
2351240
2351452
2352184
2353008
2353621
2355420
2358069
2358442
2359952
2360129
2361987
2362454
2363256
2363724
2363772
2365232
2365973
2367486
2368213
2369232
2369809
2370075
2370328
2370364
2370702
2372245
2372478
2373201
2373485
2374268
2374664
2374785
2375704
2376859
2376927
2377685
2377809
2379168
2379800
2380670
2380930
2381949
2382526
2382816
2383201
2383626
2383804
2385484
2386454
2386854
2387295
2387526
2388352
2388382
2389587
2390519
2390667
2390831
2392487
2392943
2392957
2393585
2393618
2393944
2393952
2396790
2397417
2398973
2400438
2400647
2400872
2401907
2403474
2404780
2404873
2405574
2405815
2406060
2407644
2408500
2408773
2409004
2410718
2412118
2412428
2415372
2415800
2417978
2419533
2420481
2420552
2420702
2420971
2421107
2421411
2422042
2423476
2424040
2424500
2426837
2427850
2430030
2430137
2430217
2433180
2433254
2433366
2433615
2434501
2435727
2436392
2437043
2437955
2438823
2440892
2442689
2442769
2442875
2449224
2450000
2451141
2451848
2454071
2454650
2455505
2457334
2457913
2460788
2460889
2461089
2461368
2461948
2464638
2465079
2465506
2467335
2468869
2468932
2469846
2470600
2471793
2472395
2474003
2474309
2474696
2476437
2477846
2477908
2479539
2483966
2486878
2488857
2490344
2491440
2492598
2492877
2495839
2497806
2498014
2498099
2498643
2500666
2500948
2501720
2506995
2507580
2509497
2509676
2511064
2511473
2513301
2513454
2514073
2514726
2516466
2519295
2520566
2521510
2521849
2522235
2522268
2522293
2522674
2523125
2523457
2523622
2524652
2525037
2528484
2528610
2530171
2532445
2533201
2533486
2533985
2534779
2534896
2535222
2535580
2535595
2536095
2536192
2537319
2537493
2539013
2541360
2541362
2545194
2545862
2547764
2548336
2548467
2548978
2550386
2550387
2550720
2553831
2554901
2555316
2555446
2556379
2557542
2557609
2558217
2559886
2561141
2564006
2564585
2565521
2565718
2565884
2566041
2567003
2567812
2569082
2569503
2570192
2571655
2574414
2575814
2575898
2576151
2576852
2580837
2582979
2583399
2583820
2585102
2585471
2586335
2587595
2588273
2589941
2590112
2590544
2590661
2590670
2590736
2591001
2591963
2593117
2593264
2594626
2595550
2596079
2597814
2598960
2599016
2600056
2600730
2601456
2602991
2604025
2604177
2604575
2604781
2606569
2607600
2608343
2610769
2612187
2612536
2614625
2614925
2615396
2617954
2618277
2618787
2618904
2619829
2620246
2620257
2620985
2624179
2624195
2624915
2625188
2626005
2627066
2628640
2629351
2630052
2632708
2634912
2634919
2635936
2637015
2642606
2642764
2643044
2643765
2644643
2644651
2645605
2645772
2647055
2647694
2649339
2649438
2651444
2652318
2653496
2653756
2654980
2656123
2656884
2658668
2658784
2659618
2659996
2660440
2660498
2661553
2662805
2663005
2664499
2664837
2665281
2667076
2671224
2671293
2672318
2673608
2674183
2674845
2675572
2675828
2675934
2677028
2679367
2679567
2680065
2680474
2681412
2681657
2681717
2681759
2682570
2682642
2684705
2686987
2687524
2687584
2688445
2689962
2691270
2691538
2692150
2692194
2693941
2696774
2696935
2697743
2697834
2700570
2700695
2702305
2702494
2703654
2703795
2705650
2705888
2706087
2706251
2706388
2706417
2706995
2707220
2710305
2711809
2712437
2714064
2714954
2715757
2716146
2717178
2717440
2718483
2718596
2719363
2719426
2719957
2720016
2721825
2721909
2722306
2722768
2722837
2723285
2725351
2725968
2725979
2728584
2729532
2730538
2730886
2732694
2733464
2735166
2736823
2737746
2738995
2740022
2742845
2744605
2746305
2747129
2750816
2750912
2751815
2753464
2754024
2754446
2755186
2757562
2760496
2761755
2762915
2764666
2765469
2766094
2766615
2766681
2767915
2768994
2770099
2770935
2771311
2771946
2772682
2773159
2774119
2775204
2775778
2778764
2781529
2781558
2782205
2782419
2784105
2786238
2787228
2791605
2791887
2792978
2794085
2794219
2797288
2797829
2799364
2799523
2800962
2803029
2803914
2804272
2805576
2806480
2807266
2810829
2813708
2815252
2817548
2818600
2818919
2819634
2820235
2821127
2821224
2823317
2823472
2825738
2826056
2827194
2827755
2829731
2832471
2833185
2833308
2837977
2837987
2839438
2840597
2841043
2842195
2843251
2844284
2845155
2845476
2848837
2849265
2853364
2853384
2853607
2854788
2856028
2857218
2858514
2859586
2860828
2861267
2861311
2861521
2864215
2864330
2864642
2865644
2865821
2866784
2866813
2867880
2869743
2871475
2872200
2872926
2872954
2873243
2874750
2877290
2877511
2877862
2878407
2879385
2883270
2883919
2885402
2888897
2890891
2891074
2891103
2891992
2893083
2893242
2895237
2896016
2896938
2899153
2899668
2900273
2901124
2903470
2903493
2903979
2904286
2904971
2909611
2911712
2912259
2915242
2916999
2918221
2918777
2919001
2919302
2920656
2921549
2924355
2925206
2928111
2929396
2931169
2931432
2932004
2932523
2932528
2933175
2934815
2937499
2937862
2938953
2943607
2944947
2944978
2948626
2949492
2950501
2952003
2952459
2952602
2954198
2954882
2957382
2958598
2958665
2959266
2959681
2959833
2960647
2962772
2962903
2965191
2968695
2968827
2969700
2970138
2970865
2973709
2976166
2976670
2976820
2980554
2982642
2982906
2983077
2983848
2984565
2986200
2986889
2987365
2987388
2988129
2989564
2989781
2992096
2994461
2996102
2997957
2998068
2998565
2998679
2999624
3000126
3000998
3001015
3001131
3004593
3004944
3005490
3007321
3012167
3012929
3013928
3014885
3017110
3022302
3022317
3024685
3025117
3027910
3029425
3031106
3031251
3031890
3035193
3035294
3036393
3040256
3041001
3041278
3042904
3043602
3043648
3044931
3045542
3045882
3047031
3049136
3051043
3051739
3054354
3057450
3062365
3069085
3069499
3069744
3071313
3073405
3073855
3074867
3075080
3076600
3076861
3077707
3077830
3078122
3078248
3079151
3079227
3079967
3081050
3081139
3081552
3082271
3083662
3084038
3084824
3087903
3088453
3089415
3089433
3089963
3090519
3092349
3093788
3093844
3093856
3093875
3093935
3097515
3098969
3100063
3100215
3100542
3101413
3101889
3103540
3104007
3104508
3105343
3106162
3107098
3107546
3108048
3110870
3112838
3114503
3115609
3116209
3117245
3119553
3120541
3120717
3121503
3121677
3123802
3123881
3124457
3124821
3126963
3128412
3128496
3128608
3129717
3136906
3137021
3138017
3139377
3139480
3139598
3141088
3142807
3144056
3148657
3148928
3150425
3155600
3156520
3156726
3157367
3157575
3157851
3158841
3160728
3160871
3161621
3161643
3163608
3164389
3165276
3166549
3167914
3168180
3170330
3170415
3170487
3171675
3171839
3172551
3173976
3174082
3174830
3177909
3181271
3182362
3185623
3188291
3189454
3189970
3191993
3192186
3194872
3195389
3196073
3196476
3196788
3196989
3197323
3198164
3198702
3198984
3199154
3199541
3200074
3200494
3200691
3201205
3201833
3202108
3203236
3203813
3205456
3205995
3206502
3207205
3207730
3208989
3209016
3210793
3211337
3213564
3213925
3214531
3215114
3215627
3215701
3215761
3216116
3216454
3216774
3217804
3218386
3218392
3218695
3223656
3226348
3229183
3229716
3231434
3231828
3234833
3235332
3236084
3237870
3238484
3238757
3239655
3240604
3240932
3240986
3241039
3241524
3244148
3244397
3244524
3244682
3246711
3247793
3247863
3248745
3248942
3250220
3250253
3250655
3251021
3251077
3252220
3252802
3254565
3255070
3259740
3260570
3261940
3262456
3262774
3263552
3266539
3267718
3267942
3268462
3269600
3269831
3272238
3272308
3272874
3272919
3273212
3273985
3274163
3274400
3275420
3276614
3278932
3279016
3281924
3282549
3283094
3283603
3283743
3285780
3286155
3286639
3287492
3288700
3289749
3290608
3292321
3295467
3295546
3296235
3296293
3297800
3298161
3298229
3300138
3303078
3304985
3305712
3305733
3308335
3309008
3309325
3309823
3310182
3312973
3315425
3318223
3318995
3319993
3321760
3322327
3322570
3323119
3324939
3324985
3325351
3326217
3327529
3328034
3328643
3329959
3330746
3331147
3331391
3331404
3331816
3333102
3335211
3336350
3336936
3338545
3339038
3339798
3345674
3346496
3348036
3348193
3348754
3350634
3350669
3350761
3350980
3351157
3352192
3352436
3355719
3357274
3358271
3359519
3359522
3360135
3360170
3360935
3362707
3362730
3362810
3363342
3363820
3366173
3366338
3367654
3368524
3368580
3369504
3371106
3371609
3372736
3373599
3373876
3378311
3380774
3383662
3383981
3384875
3385836
3386217
3386610
3387197
3387328
3388722
3389955
3390827
3392159
3395051
3396737
3397363
3398811
3400339
3402223
3403508
3403678
3403994
3404656
3404732
3405736
3406665
3408497
3408649
3411778
3412150
3412931
3415385
3417441
3417677
3417810
3417994
3418646
3421248
3422564
3424358
3425361
3426807
3427012
3428490
3428831
3429875
3430257
3432798
3433060
3433162
3434160
3435301
3437434
3438258
3440506
3440600
3441293
3442130
3444217
3444955
3445575
3447395
3448052
3448775
3448917
3449378
3450812
3451227
3452575
3454342
3455374
3455593
3457277
3458492
3459378
3461028
3463683
3463953
3464057
3464945
3465027
3465985
3472805
3474870
3475189
3476613
3476791
3478951
3479409
3480045
3483261
3484220
3484338
3485426
3487709
3490065
3490848
3494899
3495009
3496266
3498621
3498709
3499308
3501528
3503563
3504056
3504827
3504924
3505557
3506447
3507014
3508210
3509296
3509718
3510190
3510484
3510861
3511210
3511570
3513684
3513910
3514497
3515191
3515461
3516266
3518059
3519804
3519975
3520169
3522226
3522613
3522825
3523187
3525006
3525855
3525959
3527205
3527710
3528615
3529210
3529232
3529299
3529559
3531053
3531210
3534294
3535158
3536888
3537020
3538850
3539323
3539348
3542349
3542910
3543044
3545307
3545312
3548021
3549092
3549369
3550602
3551058
3551092
3552622
3553046
3553192
3553565
3557693
3558167
3560762
3560940
3561615
3562163
3562871
3563473
3564099
3564106
3564816
3566110
3566339
3566577
3569454
3570070
3572414
3573228
3574272
3575022
3575323
3576086
3576270
3577980
3578616
3579269
3580160
3583245
3583922
3584005
3584304
3585927
3587689
3588951
3589365
3589955
3591500
3592181
3592687
3596883
3596897
3597331
3600276
3600507
3600581
3600652
3602584
3603778
3605813
3605951
3606160
3606337
3606817
3607603
3608319
3608438
3608722
3610701
3610988
3611122
3611205
3611601
3612783
3613734
3616121
3616586
3616773
3616876
3618319
3619109
3619295
3620064
3620590
3620644
3623142
3623467
3623477
3626239
3626915
3627803
3628045
3628547
3629159
3629562
3629748
3630032
3630116
3630152
3630209
3631580
3634141
3634714
3634802
3635065
3636812
3637053
3637810
3640196
3642981
3644616
3648904
3649398
3650829
3652432
3652967
3653561
3654667
3655844
3656199
3659387
3660537
3660667
3660895
3661063
3661329
3662179
3663856
3664091
3665075
3665365
3667093
3667659
3667751
3668137
3668413
3668969
3669577
3671115
3671701
3673121
3673978
3673992
3674255
3674999
3675014
3675492
3675755
3676034
3676703
3677432
3678137
3678571
3679385
3680917
3680926
3682216
3684458
3685222
3685269
3688210
3689638
3690910
3691208
3691498
3691660
3691905
3691972
3692545
3694781
3696605
3698394
3700486
3700654
3702485
3702721
3704275
3704387
3704626
3704783
3705158
3705171
3705598
3706074
3707066
3707105
3708018
3708991
3710243
3711103
3711323
3711554
3712292
3714685
3717158
3718097
3718255
3718734
3721828
3723431
3724023
3725581
3726867
3728009
3728630
3728799
3728884
3729580
3729669
3731729
3732541
3732591
3736825
3738481
3738840
3738944
3739247
3739412
3740467
3740985
3741051
3744307
3747579
3747945
3750484
3751312
3752760
3752815
3753110
3753943
3754113
3754120
3755333
3756308
3756498
3756722
3757180
3759279
3759673
3760798
3762597
3764018
3764194
3765847
3766110
3766249
3766271
3766581
3767732
3768104
3768267
3768363
3768874
3769498
3770135
3771955
3774283
3776367
3778451
3778495
3778687
3779324
3781563
3781670
3784967
3785537
3785791
3785875
3786160
3786821
3787081
3788460
3788945
3789833
3793862
3794332
3794542
3795134
3795288
3796247
3796386
3797500
3799496
3800984
3801105
3801705
3803092
3805904
3806770
3808609
3809246
3810939
3811249
3811437
3811950
3813385
3813856
3813987
3815691
3815886
3817615
3817619
3819705
3822010
3822209
3822262
3823281
3823978
3825271
3825746
3826741
3826762
3826898
3826938
3827235
3828058
3830159
3830704
3830953
3832426
3835155
3835861
3836073
3836364
3837710
3838860
3839774
3839954
3840244
3840802
3844727
3844777
3844839
3845359
3846275
3854772
3854952
3855075
3856109
3856447
3856758
3857120
3857640
3858120
3858524
3858969
3858995
3859903
3860508
3861133
3862970
3866760
3868758
3873575
3874780
3878142
3879482
3879776
3880629
3881393
3881942
3884028
3884359
3886287
3887302
3888269
3890924
3891320
3892610
3895225
3895940
3897152
3898567
3900172
3903110
3906386
3906472
3907036
3908453
3912049
3914102
3915074
3916584
3916955
3917936
3918237
3919684
3919815
3920356
3921310
3921970
3922639
3926179
3928103
3928579
3929056
3930297
3931446
3931757
3932184
3934626
3934862
3935426
3939745
3941014
3943441
3944417
3944632
3945921
3947697
3948536
3950839
3952960
3954400
3955385
3956337
3956379
3957162
3958853
3959093
3959981
3960400
3962012
3962109
3965388
3965457
3967948
3970510
3971003
3971617
3972832
3973534
3974062
3975560
3976095
3976182
3976319
3977062
3979375
3979434
3980349
3981389
3983271
3983801
3985544
3986167
3986914
3986996
3987678
3988818
3988946
3992418
3992929
3993084
3995500
3996121
3997613
3998191
3999341
4000172
4005189
4006030
4006833
4007045
4009161
4010437
4010647
4014594
4015107
4015395
4015449
4015773
4017394
4018055
4018597
4019780
4020754
4022066
4022423
4023201
4023941
4025706
4025982
4026055
4027550
4028551
4028669
4030015
4030204
4031172
4033361
4033551
4033615
4033811
4034294
4035295
4035422
4036850
4038053
4039341
4039832
4040362
4042916
4043369
4045330
4047519
4047930
4050768
4051247
4051872
4051999
4052286
4054589
4055719
4055749
4056654
4058610
4058776
4060874
4061631
4062028
4062159
4062910
4063126
4064614
4064974
4065751
4066623
4069064
4069274
4070047
4070441
4070959
4076848
4076989
4078370
4080145
4080443
4081953
4082055
4082549
4083024
4087139
4088301
4088379
4089297
4089482
4089780
4090190
4090236
4090536
4091720
4091831
4092635
4092967
4093199
4093250
4096334
4097312
4097417
4099210
4099525
4100078
4100340
4100788
4101925
4102241
4103467
4104019
4104715
4106726
4110603
4111791
4112203
4113565
4114425
4114904
4117955
4119085
4119876
4120292
4124401
4126389
4129669
4130774
4135022
4135328
4135610
4136643
4136681
4136951
4137293
4137546
4139158
4141917
4142365
4144905
4144923
4145225
4147904
4150029
4150341
4150341
4151152
4152376
4152962
4153265
4153410
4154532
4154997
4156390
4157800
4160241
4160545
4161901
4163462
4165235
4165326
4168239
4173202
4174841
4176021
4177968
4178184
4179508
4180116
4181407
4181424
4182283
4184072
4187100
4187311
4187327
4187496
4188150
4188313
4192316
4192339
4193592
4196568
4196647
4197475
4197683
4198503
4199806
4200545
4203181
4203301
4204870
4205265
4208317
4209472
4213254
4218038
4218146
4218349
4219931
4221022
4221473
4221481
4223199
4223453
4223646
4223987
4226198
4227269
4228003
4228163
4228184
4228354
4228906
4229915
4231127
4231141
4232482
4232619
4234104
4234675
4234842
4234912
4235770
4237174
4237252
4240940
4242601
4243777
4244907
4245119
4246556
4246587
4247708
4249772
4250233
4251792
4253476
4256006
4256018
4256740
4258237
4258338
4258598
4259751
4259793
4260307
4260992
4261577
4261903
4261944
4262087
4264910
4267773
4267865
4268115
4268185
4271477
4271672
4271853
4272607
4273773
4278646
4280185
4281129
4282588
4282854
4284471
4285071
4285154
4291009
4291157
4291471
4291522
4292419
4292790
4292976
4293039
4294907
4297575
4300815
4300932
4301236
4301752
4302112
4304024
4305232
4306239
4307834
4307856
4308745
4311674
4313700
4314282
4314595
4314610
4314629
4315029
4315533
4315591
4316190
4316223
4318135
4318810
4321993
4322772
4324496
4326157
4327125
4328539
4328620
4329593
4330113
4330314
4332295
4332406
4334715
4334770
4340243
4341150
4344003
4344286
4344406
4345184
4346180
4346575
4348152
4348274
4348757
4353086
4353088
4356417
4356638
4357652
4357718
4358471
4361433
4362107
4362484
4362507
4364287
4365649
4366522
4366655
4366735
4366822
4367806
4370002
4372066
4372395
4375384
4375638
4375736
4377552
4377664
4379597
4379994
4380925
4381577
4382824
4383002
4383851
4385115
4387678
4388107
4388933
4390621
4392503
4394003
4396529
4397209
4397534
4401404
4401505
4403631
4404595
4406605
4408576
4410816
4410911
4411033
4411115
4412234
4412303
4413506
4414168
4415175
4415313
4416025
4418194
4419168
4420296
4420353
4421298
4421446
4421807
4423797
4424717
4424850
4425048
4427600
4428523
4429777
4431823
4433168
4433256
4434106
4434273
4434484
4434871
4434955
4435374
4435983
4437199
4437461
4443988
4444190
4444222
4444975
4445497
4445691
4446207
4446442
4446924
4447475
4447683
4449589
4449886
4449946
4451300
4451577
4451826
4452356
4454077
4455428
4456783
4459204
4459227
4460225
4461383
4461723
4462172
4462179
4464691
4464906
4466471
4466573
4466643
4467940
4468151
4468271
4468457
4468738
4470804
4471387
4472051
4472918
4472940
4477478
4478440
4478816
4478851
4480938
4481133
4481614
4484336
4488804
4490265
4492815
4493401
4493587
4493928
4494209
4494383
4494439
4495211
4495369
4498084
4498479
4499089
4500295
4500645
4502024
4502956
4503099
4506469
4507208
4509100
4509598
4513896
4514465
4514818
4514826
4514937
4515468
4515941
4516072
4516216
4516573
4517178
4517855
4520260
4522616
4523509
4526070
4528087
4528695
4529579
4530787
4531949
4533227
4533301
4533643
4534168
4534647
4534813
4535668
4535924
4536495
4537899
4538085
4538768
4538826
4539692
4539705
4540481
4540871
4542014
4542513
4545009
4546907
4547294
4547513
4547542
4549332
4550678
4550932
4552364
4555505
4556255
4557255
4559739
4562552
4562557
4562601
4564215
4565536
4566034
4567622
4568228
4568499
4568668
4568839
4569017
4569043
4569736
4569946
4570632
4570854
4571920
4574193
4574684
4574934
4576245
4577623
4578061
4579555
4580936
4581147
4582851
4584589
4584831
4587239
4587495
4587781
4589992
4591097
4591153
4591337
4593030
4594234
4596401
4596512
4596974
4597140
4598142
4598292
4599218
4599572
4600536
4604343
4604544
4606278
4607351
4609478
4613003
4613728
4615340
4616074
4616962
4620478
4620564
4624171
4624531
4624801
4625696
4625985
4628113
4628285
4628539
4629102
4630169
4630587
4631429
4633259
4634343
4635033
4635037
4635113
4637436
4637796
4638585
4640185
4642486
4643121
4643479
4645075
4646522
4647038
4650968
4651452
4652009
4652518
4652793
4653132
4653238
4654599
4658331
4658448
4659239
4659995
4660783
4663353
4665263
4665301
4665550
4666088
4669693
4671268
4671353
4671709
4672789
4674507
4675398
4676556
4677691
4678232
4678621
4680571
4681389
4682046
4682468
4683574
4684005
4684073
4687406
4687525
4687969
4688057
4688649
4688716
4689042
4689793
4689799
4691382
4692609
4693228
4693257
4693502
4693513
4694240
4695372
4699925
4700181
4701943
4702379
4702898
4703226
4704182
4704239
4705383
4705523
4707231
4709113
4711035
4714533
4715285
4715562
4715607
4715629
4716931
4719447
4719628
4720401
4721739
4722122
4722960
4724739
4724940
4725177
4725315
4725672
4725692
4726670
4726868
4727233
4728124
4729518
4729571
4731999
4732782
4733747
4735357
4736906
4737009
4737708
4738754
4739496
4740306
4744739
4746123
4747156
4747741
4749958
4751917
4752381
4754290
4755465
4756980
4757360
4757879
4759214
4759274
4759891
4760384
4760688
4761001
4761426
4762201
4762560
4762693
4762792
4764474
4768861
4769542
4769714
4771859
4772795
4773079
4773422
4773465
4774626
4774717
4775198
4777359
4778038
4778685
4780980
4781082
4781231
4782146
4783315
4786792
4786859
4789593
4789735
4793750
4794696
4798043
4799157
4800343
4801866
4802529
4804410
4804476
4806680
4807229
4809516
4809781
4810173
4810589
4811352
4814398
4815717
4816865
4817708
4817718
4817878
4817988
4819004
4819342
4819851
4820312
4821207
4821402
4821548
4823763
4823795
4823922
4826582
4826858
4828521
4829050
4830954
4831676
4832620
4832703
4834259
4834599
4835985
4836071
4837557
4838232
4838418
4838884
4840263
4842284
4843536
4844783
4847156
4847248
4849221
4849244
4851712
4852010
4852087
4852742
4855200
4855856
4855902
4856179
4856215
4856965
4857462
4858221
4861073
4862293
4862337
4864201
4865550
4865861
4866340
4866980
4868517
4868737
4870257
4873830
4874135
4876321
4876726
4881505
4881606
4881713
4882069
4883896
4885702
4886916
4888843
4890557
4891066
4891626
4891948
4892174
4892341
4896126
4896982
4898181
4898560
4898675
4899251
4901244
4903973
4904296
4905084
4905498
4906682
4908466
4910215
4911110
4911604
4912208
4912698
4912715
4913109
4914469
4917000
4917130
4918561
4918952
4919355
4921677
4923707
4925512
4925770
4926346
4929717
4929934
4929975
4930468
4932450
4932893
4932979
4933247
4934107
4936102
4938032
4938209
4938843
4940152
4942096
4942371
4944243
4946211
4948325
4948734
4949049
4949852
4952331
4953570
4954205
4955212
4955237
4955462
4955554
4956539
4957204
4958856
4961843
4962072
4962678
4963187
4964346
4965197
4965199
4969125
4969314
4970749
4972670
4975339
4975555
4975976
4976778
4977251
4977661
4977910
4978607
4980099
4981702
4982786
4983192
4985579
4986362
4988041
4989832
4990358
4992724
4997071
4997948
4998356
4999239
5001480
5001608
5001956
5002125
5002563
5003271
5003931
5004194
5008618
5008966
5010127
5010222
5011011
5012864
5013428
5016175
5017057
5017696
5017923
5018216
5018880
5019933
5022572
5023487
5024823
5024908
5026399
5027913
5028428
5029371
5033456
5034627
5036810
5039290
5041330
5043080
5043248
5045357
5045857
5045891
5047000
5047294
5048449
5048788
5049133
5049431
5050986
5052810
5053701
5058503
5059710
5059776
5060737
5062196
5063971
5064066
5065471
5066188
5067029
5067428
5067997
5068626
5071079
5072925
5074370
5074967
5075680
5075755
5076572
5076927
5080803
5082095
5083350
5083678
5083938
5085692
5086332
5087996
5088508
5089474
5089772
5090276
5091128
5093368
5095851
5096251
5097100
5097797
5098991
5099403
5101152
5101840
5103400
5104425
5104705
5104715
5106482
5107816
5107851
5109629
5110182
5111616
5113607
5113788
5114403
5114452
5114833
5115004
5115891
5117674
5117790
5118000
5118195
5118551
5119480
5123252
5125445
5126267
5126284
5126439
5126623
5128626
5128751
5129624
5130153
5130587
5132946
5133807
5134055
5139831
5140682
5141401
5141816
5143144
5143451
5144159
5148552
5148920
5148947
5156360
5156399
5157952
5159251
5159509
5159813
5160664
5161639
5162452
5162728
5162827
5165112
5165819
5167066
5169642
5172279
5173391
5175992
5176156
5178975
5178982
5180718
5181776
5181929
5182125
5182425
5182918
5184020
5185881
5185883
5186791
5187357
5188712
5189346
5190867
5192480
5192699
5193237
5193378
5193917
5194713
5195766
5195851
5196324
5197128
5198553
5198644
5198873
5199469
5200750
5202342
5203468
5204143
5205924
5206944
5207277
5207779
5208346
5208502
5209064
5213741
5213774
5214023
5214822
5216105
5216781
5217931
5219354
5220510
5220725
5221675
5222338
5222552
5223788
5225178
5226494
5227536
5227828
5228477
5229464
5230647
5232026
5236288
5238248
5239613
5239858
5239865
5239984
5240137
5242515
5243857
5247003
5247537
5247905
5248639
5248718
5251325
5253090
5253285
5255510
5257941
5259088
5261197
5261547
5261987
5262032
5263438
5264480
5264694
5267030
5267293
5268352
5270217
5271401
5271654
5272196
5273154
5273963
5275777
5277811
5278312
5278342
5281332
5281930
5282839
5284695
5284840
5286925
5287041
5287271
5287991
5288526
5289469
5290167
5291210
5292462
5292551
5294061
5294709
5295208
5298110
5298373
5298814
5299081
5299172
5299905
5300530
5300538
5300666
5301632
5301825
5301908
5302243
5305198
5306232
5307350
5307619
5307740
5308221
5314007
5314310
5314999
5315298
5315720
5316557
5316789
5317693
5318240
5318556
5318894
5319654
5321298
5323146
5323862
5324146
5324453
5325172
5325414
5326077
5326290
5326475
5330229
5331104
5331255
5331333
5331537
5331631
5332674
5332686
5334052
5334309
5334570
5335396
5342525
5343099
5344365
5344946
5346174
5346400
5346723
5347421
5347568
5347655
5349050
5351534
5351786
5351898
5352651
5353484
5354623
5354653
5355679
5357212
5358633
5361261
5361698
5362178
5362640
5362837
5363145
5363596
5365187
5367016
5367558
5369034
5369881
5370866
5371552
5371802
5372980
5373523
5373655
5375207
5375895
5375979
5376352
5376416
5376612
5376775
5378846
5378879
5379560
5379624
5380105
5381573
5381710
5382477
5383851
5384353
5384363
5384675
5385557
5386727
5386821
5387348
5387466
5388630
5388656
5390891
5391621
5393374
5393976
5394181
5395193
5395282
5395284
5396667
5397938
5399521
5399972
5400770
5402591
5403959
5404025
5404316
5404827
5404920
5405330
5406008
5406232
5407659
5407793
5408913
5409196
5410259
5413684
5414185
5416905
5419024
5419962
5421787
5423091
5424270
5424476
5424777
5424858
5425280
5425462
5426591
5426618
5427214
5427495
5431145
5431758
5431860
5433099
5435383
5437241
5437803
5440796
5443074
5443284
5444383
5444787
5446566
5449876
5450188
5451257
5452077
5453561
5454398
5454514
5456508
5459817
5465456
5466518
5467319
5468567
5469034
5469170
5470074
5471352
5471785
5472403
5472873
5473455
5474054
5474388
5474607
5475146
5475398
5476210
5477306
5479828
5479930
5481178
5481361
5482923
5485185
5485255
5486415
5487006
5488195
5489033
5489338
5489532
5489929
5490213
5491046
5491110
5491301
5491606
5493091
5493177
5494147
5494230
5494287
5494720
5495781
5496207
5497229
5497238
5497364
5498253
5500357
5502068
5504613
5507230
5510020
5510961
5513472
5516550
5516880
5518929
5523128
5523505
5523916
5530151
5530988
5531007
5532872
5532926
5533864
5533925
5534021
5535209
5535850
5536004
5540186
5540615
5541876
5542676
5543329
5543929
5547335
5547656
5548325
5548699
5548763
5548914
5549893
5549930
5550252
5553050
5553209
5553502
5553722
5553970
5554003
5555435
5556329
5557820
5558453
5559350
5560090
5560311
5561641
5562218
5562575
5562630
5563308
5563461
5563775
5564855
5565744
5567990
5568268
5568282
5568972
5569215
5569243
5569685
5570813
5571869
5572513
5574806
5575608
5579310
5579703
5580444
5580449
5580995
5581417
5581517
5582366
5582844
5583936
5585080
5585907
5586711
5587511
5587643
5588826
5590076
5590141
5593124
5593175
5593336
5594129
5594371
5596783
5599290
5600213
5600369
5601331
5602959
5603678
5603995
5604031
5611376
5613466
5613492
5613592
5615371
5616561
5616621
5619035
5619036
5620297
5620356
5620669
5621889
5621937
5622972
5624497
5625469
5625541
5627222
5627706
5630213
5632157
5632987
5633808
5635007
5635507
5638754
5640467
5641074
5641656
5642766
5643110
5645500
5645695
5646866
5647501
5649031
5649145
5649281
5651275
5652553
5652993
5653686
5653730
5653802
5656204
5656225
5656301
5657691
5660829
5661255
5661778
5662085
5664072
5665074
5666772
5667553
5667555
5668310
5668397
5668448
5668836
5669269
5669390
5669978
5671788
5673315
5673958
5674846
5675786
5678126
5678305
5680353
5680389
5683326
5684705
5686491
5687609
5687746
5690100
5692986
5693073
5693557
5694928
5695562
5696189
5698208
5700759
5701343
5701540
5702640
5702972
5703258
5703571
5704319
5704824
5707731
5710654
5711890
5712428
5712610
5713724
5714416
5715364
5715517
5717296
5717537
5718160
5718276
5718649
5718745
5720739
5721191
5722036
5722489
5722860
5723214
5723968
5724644
5725725
5725966
5726122
5726815
5727597
5727873
5728216
5729612
5730136
5730735
5734118
5734285
5734324
5737137
5737268
5738197
5738440
5738537
5740561
5741286
5741696
5741875
5743548
5743688
5743826
5745409
5746159
5746803
5751495
5751526
5752128
5752317
5753382
5753582
5755883
5756260
5756749
5757518
5758857
5758989
5759429
5760026
5760414
5761209
5761308
5762390
5762826
5763787
5764410
5766007
5766528
5767767
5768675
5768993
5770674
5771294
5771742
5773828
5774950
5775577
5775628
5776332
5777360
5777585
5778073
5778119
5778869
5779012
5779019
5782384
5782953
5784527
5784543
5785569
5787220
5787305
5787458
5788364
5788685
5790565
5792275
5792292
5792477
5792674
5793767
5796726
5797463
5797768
5801538
5805024
5806059
5806237
5807268
5809255
5812798
5812977
5813463
5815417
5816449
5817109
5817210
5818938
5821241
5821275
5821785
5823149
5823450
5824417
5825950
5826443
5828081
5828711
5830604
5834695
5834821
5834846
5837188
5838124
5838956
5839246
5839284
5841510
5842068
5846118
5847738
5847964
5848473
5850365
5851700
5851840
5852036
5853034
5856389
5859341
5862132
5863029
5863742
5863885
5864038
5865203
5865325
5866984
5867364
5869292
5870129
5870834
5871371
5874230
5875032
5876395
5876503
5876666
5877504
5877672
5879054
5879200
5879519
5880772
5882186
5882662
5882948
5883504
5883915
5886323
5887482
5888303
5890482
5893364
5895161
5895430
5896090
5897182
5897678
5898767
5899258
5899577
5900081
5902628
5903025
5903349
5903924
5904684
5905945
5905971
5906523
5906983
5907895
5911310
5911621
5912744
5912921
5913599
5914282
5914333
5914451
5915263
5915660
5917239
5918071
5920542
5921485
5921795
5924508
5926841
5927409
5928029
5930420
5931163
5931261
5934445
5935220
5935622
5936134
5937997
5938365
5939143
5939445
5939841
5940304
5942400
5942867
5943213
5943919
5944126
5950375
5950510
5951304
5951452
5952904
5953940
5954881
5955904
5956460
5956976
5957294
5959166
5959812
5959955
5961856
5961937
5962023
5964703
5966221
5966268
5967965
5971764
5971953
5972966
5974955
5976082
5976414
5977000
5977048
5977615
5979620
5979823
5980182
5984419
5985243
5986396
5988351
5990366
5990406
5990824
5991146
5991507
5991873
5992284
5992890
5993333
5993883
5994556
5996189
5997367
5997658
5997803
5998825
6001518
6002178
6002213
6004516
6005100
6005200
6005800
6005853
6006392
6007388
6008724
6009329
6012070
6012540
6013237
6013796
6013831
6015100
6015313
6016282
6017511
6018602
6020385
6021441
6022326
6023083
6023392
6024087
6025506
6025649
6026002
6027692
6027792
6028264
6029497
6030792
6033201
6033767
6034579
6036367
6036864
6037104
6038228
6038519
6039852
6040393
6040952
6042646
6044070
6044957
6045608
6046303
6047313
6047416
6048598
6048620
6051605
6053953
6054359
6056323
6057526
6057560
6058828
6059629
6059976
6061057
6063449
6064599
6065563
6066078
6067375
6067750
6069741
6070813
6070911
6071853
6072192
6072314
6073192
6074406
6074577
6074581
6075926
6076369
6080646
6081198
6081478
6081496
6083388
6084107
6085306
6086184
6087629
6088246
6088453
6089090
6089189
6090149
6091465
6091796
6092571
6094829
6095017
6096301
6096642
6099722
6099913
6102651
6103117
6103917
6104132
6104526
6108062
6108565
6109222
6110593
6111576
6111583
6111713
6112032
6114793
6116223
6119057
6121137
6121311
6121898
6126644
6127710
6127750
6128924
6132482
6133921
6133996
6135237
6135260
6138909
6141209
6143230
6143948
6144322
6145210
6145418
6147805
6150961
6150970
6152257
6152596
6154047
6154563
6156045
6156197
6156407
6157056
6157076
6157094
6157118
6157737
6158102
6158185
6159303
6159735
6159998
6162127
6162398
6162715
6164182
6165075
6167127
6172375
6172939
6173069
6174185
6174959
6175981
6176032
6176165
6176721
6177045
6177449
6177810
6181159
6182038
6182340
6183233
6183955
6183997
6185759
6186274
6186653
6187136
6188244
6189946
6190019
6190506
6191478
6194320
6195444
6196532
6197897
6198551
6200000
6200047
6201022
6201685
6201798
6202042
6203685
6204354
6204391
6204538
6204541
6205071
6205772
6206298
6206692
6207593
6208179
6209779
6213137
6214742
6215021
6217585
6217841
6219967
6220149
6220317
6221741
6222151
6223103
6223639
6227756
6228114
6229512
6229626
6229850
6231751
6232290
6233941
6234420
6237566
6239076
6241417
6241950
6242454
6243325
6243518
6243886
6244559
6246208
6248213
6249924
6252759
6252856
6252998
6253566
6253994
6254101
6254532
6255221
6255650
6259318
6261676
6263317
6264945
6268061
6268070
6268623
6268907
6269651
6270562
6271392
6272092
6272136
6272875
6273115
6274943
6276068
6276288
6276388
6277044
6278006
6278457
6278836
6280834
6281605
6282265
6282712
6284187
6286133
6287723
6289610
6289893
6290462
6290481
6293618
6295162
6296982
6298104
6300116
6301684
6301820
6302616
6307833
6308094
6308386
6308489
6311925
6312032
6312150
6312448
6312507
6313157
6313270
6313402
6314001
6314491
6315252
6317747
6318145
6319702
6319993
6322786
6323419
6326007
6326406
6326691
6326800
6327524
6327566
6328272
6328315
6329165
6329897
6330612
6331239
6331545
6334068
6334179
6336984
6337672
6337863
6338530
6339405
6340921
6342079
6342259
6342427
6343458
6344764
6345043
6345972
6346987
6347570
6348567
6349004
6349133
6350271
6350329
6350545
6352876
6355610
6355613
6355685
6356080
6358781
6360518
6360620
6361007
6361154
6364180
6366126
6366215
6369096
6369098
6370762
6370853
6371195
6373376
6374558
6375005
6375211
6377771
6378254
6378838
6379264
6380484
6380757
6380906
6383561
6385923
6386092
6386321
6387113
6387455
6388586
6389148
6389483
6389614
6390475
6390882
6394410
6395900
6396590
6397432
6397800
6400698
6400864
6401656
6402327
6405165
6405262
6406184
6406409
6406540
6407526
6407941
6409601
6414416
6414573
6414792
6416912
6417335
6417353
6418680
6418942
6421194
6422323
6422901
6423941
6424645
6424782
6424803
6425024
6426281
6426918
6427597
6428314
6428767
6431964
6432226
6432332
6432929
6436285
6437553
6437556
6437618
6438431
6438451
6439711
6442145
6442448
6443047
6443268
6444002
6444817
6444827
6446246
6446770
6447728
6448707
6449418
6450074
6450705
6451865
6452557
6453834
6454027
6454051
6455131
6456101
6456857
6456991
6457710
6457801
6459912
6460272
6462112
6462950
6464133
6467776
6467986
6468498
6468659
6468720
6468856
6473043
6475384
6476247
6477499
6477660
6477738
6480647
6481693
6481697
6482178
6482780
6485307
6485733
6486233
6486935
6487209
6487485
6487877
6488928
6489207
6489367
6490316
6490403
6491737
6492053
6492961
6493194
6493698
6494051
6495444
6496406
6497731
6498071
6498584
6499744
6500323
6500776
6501793
6502246
6502773
6506077
6507487
6507777
6507919
6508999
6510107
6511511
6513158
6513360
6513581
6515771
6516896
6516919
6517964
6519676
6520298
6521983
6522656
6524641
6525423
6526371
6526968
6528281
6529069
6529084
6529759
6530239
6532984
6533430
6534053
6534387
6535360
6535712
6536035
6536315
6536839
6537017
6537150
6538478
6538831
6539037
6539623
6540235
6540330
6540843
6542372
6542620
6542926
6543079
6544745
6545373
6545903
6546107
6547008
6547216
6547439
6548099
6551275
6555108
6556087
6556434
6557609
6558238
6559968
6560497
6560512
6560635
6563289
6563781
6565763
6566157
6570392
6571341
6572228
6572854
6573077
6573738
6576184
6576502
6576733
6578874
6580122
6581074
6581524
6583813
6587081
6587542
6587684
6589644
6590075
6592066
6592172
6592805
6593089
6593239
6594993
6595296
6595539
6596407
6597076
6597711
6600730
6601328
6602202
6602281
6602606
6604279
6604432
6604464
6606117
6607305
6608792
6608880
6609785
6610133
6610771
6611420
6613857
6615317
6616589
6617804
6617910
6619559
6620204
6620552
6620878
6624370
6629444
6630065
6631407
6633327
6633933
6633933
6635334
6635682
6636101
6637886
6638017
6638097
6640786
6641097
6641918
6643703
6645361
6645976
6646242
6647161
6647799
6648349
6649021
6650711
6651371
6651707
6652283
6652927
6655172
6656307
6656340
6656603
6657165
6658803
6659446
6660964
6662821
6666314
6666463
6668080
6668403
6669225
6671807
6672198
6672424
6672614
6676812
6676986
6678319
6678870
6680419
6681277
6682290
6683937
6684784
6685483
6685599
6687827
6691848
6691904
6692637
6693679
6694504
6694649
6696000
6696063
6697204
6698654
6700270
6700308
6700945
6701903
6702154
6703338
6704698
6706043
6706330
6707961
6709235
6710614
6713405
6715164
6715570
6717353
6718287
6719540
6720660
6723577
6723707
6723965
6724379
6724547
6725749
6726136
6727559
6727964
6729247
6731307
6732616
6734328
6736514
6736887
6737223
6737508
6737533
6738733
6739294
6739361
6739809
6740077
6740360
6740464
6741987
6743559
6744155
6744952
6745143
6745746
6747481
6748089
6748781
6750412
6752103
6752751
6753538
6755118
6755614
6756195
6756689
6757085
6758178
6759146
6759223
6759293
6759318
6760950
6762345
6763759
6764983
6765053
6765455
6765977
6766110
6766697
6767305
6767947
6768198
6768221
6773125
6773671
6776406
6777960
6778557
6778661
6779761
6780143
6780853
6781166
6783142
6783212
6785137
6786876
6787086
6788716
6788794
6789047
6789132
6789212
6789839
6790072
6792799
6792867
6793329
6794584
6794890
6796157
6798619
6798739
6799367
6799659
6800394
6800683
6801381
6801578
6803993
6805707
6806110
6808733
6808832
6809163
6809576
6810109
6811334
6811570
6811835
6812990
6813080
6813588
6814292
6814362
6814539
6817705
6824204
6824356
6825499
6825628
6826046
6827347
6827772
6829155
6829427
6830226
6832137
6832905
6832935
6834642
6835541
6838556
6839247
6839264
6841134
6841377
6843213
6844590
6845120
6845427
6846182
6846832
6847037
6849410
6850821
6852229
6852842
6854754
6855190
6855636
6855697
6857629
6858744
6858811
6859869
6861960
6864094
6864420
6864661
6865261
6866038
6866604
6866906
6868399
6871119
6871285
6871482
6872617
6874143
6874821
6875029
6875187
6876473
6876712
6877594
6878403
6879168
6881064
6881095
6882081
6882348
6883352
6884717
6885567
6887745
6888951
6889185
6889200
6890061
6891868
6892511
6893319
6894385
6895000
6895480
6897125
6897217
6898472
6899886
6906786
6908577
6908666
6909370
6909867
6910772
6911126
6911374
6912674
6912870
6913493
6914086
6915253
6916452
6918108
6919162
6919453
6919851
6920568
6920716
6921425
6922347
6923328
6924430
6925564
6925715
6926380
6926941
6929092
6929128
6932483
6933636
6934340
6935220
6937189
6942689
6943906
6945253
6945845
6946581
6947580
6948449
6950957
6951312
6951592
6951863
6953063
6953646
6954369
6955463
6957114
6957958
6958152
6958179
6959599
6960033
6961027
6961616
6962096
6963353
6963458
6964288
6964575
6964841
6966392
6968089
6970087
6971352
6972369
6973934
6975098
6975375
6975604
6975769
6978176
6980116
6980384
6981271
6981504
6984983
6985659
6988033
6988479
6990033
6991624
6994279
6997183
6997368
6998347
6999478
7001692
7001922
7002549
7003243
7003811
7004685
7005754
7006596
7006631
7007360
7007821
7008981
7009240
7011655
7012144
7014707
7015677
7018898
7020369
7021152
7022245
7022730
7023566
7024111
7026271
7026673
7026800
7033116
7033194
7033497
7033677
7033789
7033850
7034898
7037571
7040555
7041776
7045186
7045683
7047931
7049349
7050125
7052857
7053455
7054406
7058691
7062220
7062592
7062950
7063409
7065018
7065559
7065831
7066037
7068478
7070229
7070562
7071714
7072274
7072434
7073381
7073570
7074212
7075063
7075186
7075558
7075985
7076030
7076699
7077342
7078732
7079556
7079980
7081722
7086055
7086254
7086606
7087684
7090062
7090593
7090596
7091808
7091860
7092950
7093123
7093197
7093791
7094616
7095582
7095624
7097971
7098426
7103537
7103802
7104511
7104670
7105029
7105793
7105961
7107393
7108567
7109556
7111176
7111643
7112139
7115498
7117016
7117030
7117617
7117774
7118327
7118915
7119226
7119743
7120828
7121551
7122471
7123114
7123470
7124711
7125709
7125741
7127502
7128869
7128950
7129436
7130148
7130158
7131907
7132371
7132438
7132800
7132810
7133274
7134548
7136626
7136769
7137108
7137287
7138604
7139567
7139614
7140252
7140346
7140376
7141631
7142037
7142537
7143289
7143514
7143798
7144233
7144661
7147474
7148658
7148850
7152759
7153188
7153720
7154691
7156066
7157584
7157893
7157897
7158302
7158639
7159701
7160305
7161218
7161233
7161591
7162840
7162881
7163224
7167919
7169071
7169432
7169549
7172959
7173071
7173994
7177063
7178465
7178852
7179050
7179648
7183140
7183835
7184091
7184155
7184273
7184368
7185773
7186919
7187458
7189358
7189521
7190595
7193697
7194341
7195132
7198776
7201040
7201122
7203854
7205740
7206014
7207513
7207805
7209269
7209856
7209991
7210339
7210611
7212219
7212991
7213857
7213968
7214540
7215402
7215913
7217318
7217453
7218826
7219425
7220853
7220906
7221274
7221529
7223062
7225210
7225326
7226187
7226725
7228082
7228155
7230369
7231316
7232742
7233719
7235666
7235752
7235931
7238065
7238903
7240351
7240488
7240492
7240807
7240859
7241189
7241850
7243322
7244924
7245748
7246012
7246663
7247974
7248633
7249636
7250551
7250764
7251121
7251331
7251391
7251694
7252503
7252881
7253342
7258056
7259992
7260166
7262058
7262790
7264048
7264244
7266355
7267516
7267863
7268926
7271833
7271977
7272279
7272683
7274491
7274817
7275175
7275603
7276521
7276915
7277690
7279520
7279699
7279956
7280187
7280609
7282648
7284588
7284642
7285127
7291456
7292024
7292175
7292981
7293200
7293410
7295287
7295710
7296383
7300494
7301590
7301601
7302834
7302919
7302962
7303736
7304626
7305085
7306558
7307112
7307672
7308268
7309411
7309758
7311769
7312595
7314845
7317907
7319640
7322754
7322769
7323823
7325266
7327091
7327278
7329908
7330547
7331289
7332059
7332546
7332634
7332662
7332716
7334317
7334654
7335017
7335430
7337162
7340360
7340955
7342578
7343212
7343780
7345548
7346580
7349122
7349163
7351351
7352964
7353690
7354071
7355245
7355837
7357330
7357608
7358769
7359596
7359904
7360121
7360752
7360870
7361443
7361444
7361558
7362853
7364123
7365321
7365366
7365402
7366323
7368024
7368286
7369332
7370795
7372110
7372364
7373115
7374365
7374998
7375964
7377440
7378574
7378849
7379496
7379742
7380608
7380994
7381504
7381661
7384310
7384827
7387783
7390281
7390501
7390531
7392218
7392987
7393048
7393373
7393916
7394021
7394051
7394461
7395645
7396015
7396946
7398779
7399300
7399898
7402101
7402468
7404672
7405580
7405800
7406693
7406908
7407024
7407359
7407398
7407731
7409828
7410091
7410414
7410690
7411449
7411775
7411986
7413362
7413418
7413648
7415156
7417290
7419862
7420461
7422567
7424727
7425258
7425497
7425863
7426898
7427478
7427570
7428032
7429338
7430591
7431696
7432956
7437480
7438417
7438952
7439651
7441934
7442216
7442581
7443420
7446749
7448771
7449085
7450242
7452064
7453770
7453966
7456340
7457353
7460616
7461017
7461054
7462806
7463755
7465357
7465669
7466045
7466977
7467092
7467652
7469305
7470023
7470570
7471786
7472158
7474970
7475079
7475988
7476320
7479298
7481564
7482186
7482865
7483010
7483184
7484102
7484398
7485696
7486618
7487715
7487980
7489924
7490482
7490854
7491740
7492441
7492727
7493029
7493105
7494928
7495908
7496340
7497127
7497165
7498540
7498577
7498666
7500083
7501011
7501632
7502114
7503167
7503600
7504032
7505162
7505376
7506813
7506858
7507806
7508087
7509045
7509968
7511628
7513827
7514303
7515379
7515529
7516160
7516419
7517141
7517546
7520471
7520888
7521654
7523788
7525940
7526601
7526864
7527030
7528327
7528617
7529227
7529413
7529883
7531318
7531993
7532047
7532689
7533290
7534902
7536479
7536895
7537202
7537922
7540417
7541106
7542824
7543375
7543968
7544546
7547205
7548084
7549724
7551040
7551842
7552008
7552965
7554198
7554798
7554970
7555070
7555446
7556908
7557520
7559433
7559488
7560460
7560978
7561424
7561904
7562196
7563054
7563989
7565032
7566564
7568829
7569444
7570015
7570665
7570709
7571194
7571621
7572196
7573270
7573774
7578049
7578295
7578924
7582456
7586095
7588228
7593152
7595350
7595997
7596789
7597304
7597353
7597695
7598879
7599896
7601061
7601557
7603055
7606249
7607795
7608945
7610827
7611339
7611466
7611531
7613014
7616550
7617351
7618260
7618403
7621706
7621725
7622351
7622518
7623872
7625728
7625807
7626407
7627781
7628612
7628893
7629939
7630228
7631422
7631693
7631741
7631761
7632809
7633342
7635065
7635492
7636318
7636323
7637835
7637929
7638141
7639108
7639222
7639607
7639676
7639777
7639857
7640226
7640586
7641033
7641735
7641919
7642260
7642865
7643083
7644113
7644452
7644502
7644651
7646295
7646573
7648536
7648785
7648959
7649315
7650877
7655073
7655266
7655287
7655392
7657330
7657989
7659231
7661534
7662005
7662937
7663251
7663269
7664842
7664892
7665661
7667225
7668336
7670305
7670778
7671825
7672048
7673156
7675265
7676167
7677819
7678290
7678395
7678937
7679530
7679755
7680958
7681358
7682063
7682190
7683377
7683713
7684920
7685991
7686167
7687004
7687043
7687537
7687997
7688686
7689975
7691428
7692621
7693795
7698388
7699408
7700452
7700929
7702267
7705919
7707260
7709256
7710055
7710875
7711814
7712304
7713186
7713246
7715461
7716062
7716635
7716649
7717723
7717962
7718010
7719893
7720719
7721100
7721620
7721813
7722208
7722406
7722762
7723893
7724772
7725736
7725978
7726491
7726792
7726989
7728331
7729915
7730090
7731234
7731838
7734913
7734938
7735682
7736998
7739853
7742959
7745617
7746255
7747391
7747984
7748961
7750213
7750292
7751511
7752914
7753296
7755536
7756795
7756967
7757539
7758892
7759768
7759825
7761391
7761905
7761938
7763524
7763874
7764330
7765230
7768779
7769379
7769669
7770916
7772587
7773058
7773384
7774109
7774601
7775429
7775545
7775677
7775677
7775892
7778635
7779388
7780947
7781364
7784320
7785759
7786448
7787628
7787957
7789361
7790200
7790777
7791227
7793389
7793728
7794716
7795030
7795755
7796651
7797478
7799433
7799722
7801850
7801854
7802882
7804452
7806154
7806368
7806563
7807149
7807401
7807488
7807854
7809267
7810747
7811296
7812195
7812500
7812684
7813912
7814891
7817497
7818054
7820610
7820689
7820974
7821406
7822336
7823235
7823339
7823344
7825195
7826165
7826984
7827410
7827830
7828417
7829996
7830681
7832044
7832630
7832883
7833480
7833584
7837814
7838004
7839140
7841109
7841511
7842552
7842932
7845017
7845063
7845810
7845939
7846577
7847065
7847169
7847586
7848417
7848647
7849322
7850572
7850982
7851307
7851765
7852168
7853306
7853730
7855031
7855242
7855895
7856067
7857141
7857959
7859416
7859942
7859983
7860256
7861075
7861269
7861450
7861782
7862935
7864476
7867258
7867984
7869106
7871647
7871978
7872389
7873122
7873143
7874101
7875510
7875639
7875933
7876671
7877163
7877456
7877516
7877741
7878234
7878251
7878930
7879682
7880428
7881019
7884012
7884510
7884925
7885122
7885874
7885903
7885932
7887484
7887509
7888098
7888960
7889261
7889377
7890123
7892448
7893075
7895527
7895651
7896666
7897120
7901722
7903153
7903482
7906326
7907252
7907849
7909191
7910167
7911222
7913291
7914554
7916227
7917803
7920658
7923256
7923935
7924292
7924755
7926326
7927154
7927481
7928409
7929475
7929825
7929845
7929920
7930219
7931896
7932752
7935116
7936872
7937218
7937484
7937828
7938523
7938629
7939409
7939918
7940258
7941155
7941170
7941831
7943345
7943943
7944046
7945008
7945418
7947044
7947247
7948844
7949493
7950001
7951192
7951253
7951374
7952946
7953514
7955228
7956283
7956940
7957064
7957853
7958207
7958634
7959247
7960437
7963076
7966413
7967370
7967430
7967482
7968669
7968724
7969166
7969427
7970022
7970082
7971550
7974435
7974966
7975072
7977090
7978246
7979085
7979431
7980245
7980777
7980978
7981744
7981896
7982473
7983480
7984633
7985050
7985543
7987017
7987713
7988548
7989515
7990396
7991444
7992018
7992391
7992776
7992988
7994852
7995386
7999970
8000438
8001265
8002039
8002396
8002646
8002710
8005360
8005503
8005627
8006554
8008464
8008812
8008813
8009441
8009989
8010041
8010241
8013869
8015079
8016463
8017404
8017810
8018746
8019949
8021174
8021178
8022867
8023070
8023247
8023307
8023596
8023984
8024622
8025750
8026511
8027131
8027938
8027976
8029090
8029663
8031137
8031238
8032186
8033050
8033096
8033397
8033975
8034627
8035102
8035528
8036869
8037641
8038130
8038252
8040555
8042688
8043178
8043258
8045237
8045686
8045861
8046234
8047598
8048320
8048795
8050538
8050846
8050936
8051417
8053524
8056894
8057035
8061601
8062677
8065954
8067177
8070904
8071438
8071781
8074228
8074247
8074722
8074961
8075764
8076402
8078965
8081630
8081823
8083884
8084248
8084892
8085071
8086027
8086442
8087045
8088905
8089079
8090283
8090422
8092168
8092771
8093282
8094510
8095492
8096224
8096740
8097445
8097821
8098897
8099509
8099621
8100449
8101775
8101963
8105185
8105774
8107587
8108430
8108915
8110036
8110131
8111093
8111595
8111911
8114101
8115078
8115390
8115447
8115953
8116576
8118828
8120504
8122756
8124095
8126238
8126949
8127289
8127322
8127992
8129515
8130227
8131461
8132824
8134276
8134709
8137139
8138966
8139035
8141650
8144857
8146025
8147090
8147938
8153035
8153216
8153543
8153565
8154234
8154548
8155667
8156668
8160388
8165834
8166390
8166425
8168983
8170865
8173984
8175026
8177962
8178604
8179978
8181973
8184171
8184645
8184872
8187233
8187306
8187897
8188615
8189637
8190356
8190844
8191354
8192813
8193512
8194122
8195837
8196194
8197779
8198655
8198804
8199282
8200629
8200761
8202361
8204735
8205066
8206270
8207482
8208906
8208923
8211441
8212153
8213850
8217567
8219670
8220141
8220535
8220826
8221703
8222196
8223752
8226398
8227141
8227459
8228564
8229568
8230219
8231488
8232949
8233222
8233367
8235726
8236191
8236297
8236821
8237359
8240490
8240775
8241283
8242188
8243192
8244150
8244169
8244531
8244705
8245178
8245308
8247249
8247573
8247802
8248799
8249140
8251002
8251674
8254972
8255715
8257628
8257916
8259781
8261138
8263396
8263396
8263464
8264458
8264813
8265151
8265570
8266378
8267033
8269314
8270816
8273292
8274487
8277253
8277346
8277851
8278693
8281892
8282233
8282388
8283716
8285316
8285349
8285539
8285687
8285795
8286298
8286337
8286594
8288927
8289091
8290186
8290785
8291876
8292639
8292994
8293375
8294032
8294222
8294771
8295099
8296537
8297029
8297409
8298266
8301201
8301757
8302498
8303202
8303260
8304935
8310130
8315450
8318536
8318725
8318982
8319693
8320319
8320534
8321039
8321864
8324440
8324635
8324708
8324985
8325233
8328311
8328825
8329396
8330073
8330144
8330645
8331017
8331104
8333036
8334195
8334371
8334617
8336051
8336655
8336892
8336992
8338356
8338763
8339000
8339899
8340575
8340908
8341125
8342268
8345346
8346707
8347202
8348253
8348274
8348299
8349169
8350103
8350776
8351053
8351170
8352026
8353884
8354802
8354815
8355501
8358500
8360827
8361430
8362164
8365846
8366301
8367320
8368503
8369357
8369590
8371351
8372205
8373477
8374007
8374549
8374620
8375698
8375938
8376046
8376228
8377304
8377429
8378515
8380874
8381639
8381890
8385371
8386585
8390466
8391577
8392762
8393160
8394320
8395812
8399015
8400574
8400624
8402175
8404635
8404810
8406263
8407019
8408462
8409359
8409909
8410867
8411449
8412435
8412513
8413405
8414437
8414922
8415309
8415431
8417019
8418015
8418499
8420020
8420283
8421514
8421975
8422514
8422637
8426185
8427632
8427758
8427946
8429297
8430551
8431145
8431190
8432277
8433270
8435361
8436293
8439071
8441839
8442469
8445297
8446017
8446966
8447494
8448478
8450026
8451336
8452973
8453647
8456207
8456981
8457171
8457895
8460135
8461207
8461885
8464482
8464843
8465714
8466419
8468799
8469711
8470200
8471299
8472588
8473572
8473726
8474259
8476578
8477164
8478921
8480411
8481112
8481190
8482471
8482694
8482914
8484287
8486245
8487355
8487424
8491851
8493578
8493731
8495159
8496898
8497795
8499427
8500826
8501470
8501472
8502699
8503938
8506546
8507671
8508223
8509008
8513126
8513190
8514385
8516155
8517646
8517718
8518006
8518994
8519401
8519646
8520208
8520397
8520882
8523162
8525066
8525830
8526822
8527199
8527786
8529331
8534971
8535386
8536272
8536768
8536967
8539965
8540203
8540824
8540881
8541563
8545051
8545133
8545747
8546602
8546927
8547231
8548164
8550461
8550677
8551144
8552286
8552294
8552472
8554127
8554132
8555008
8556242
8556593
8559178
8560028
8560885
8562176
8564738
8565061
8566096
8566426
8567738
8567784
8571211
8572231
8572814
8576523
8580656
8580825
8580839
8581271
8581335
8582111
8583107
8583181
8583188
8583302
8583874
8584737
8585001
8585263
8585566
8588278
8588626
8589413
8589481
8590643
8590863
8591159
8591206
8595677
8595746
8596334
8596412
8599813
8601723
8601775
8603753
8603909
8606704
8607028
8607480
8607894
8608273
8609042
8609561
8609812
8612166
8612373
8614306
8616546
8617966
8618339
8619627
8621444
8622321
8622895
8622914
8623327
8624494
8624610
8625084
8625174
8625403
8626034
8626782
8626928
8627481
8630130
8631163
8631192
8634037
8634194
8634638
8635251
8635622
8635995
8636063
8636268
8638102
8640783
8642243
8643254
8643826
8644268
8649001
8649258
8649445
8650632
8650687
8652259
8652884
8652928
8653059
8653938
8654470
8654549
8656848
8657312
8659307
8660307
8664015
8665180
8665230
8666022
8668237
8669130
8670245
8670789
8672662
8672934
8674617
8674863
8674986
8675121
8676802
8677937
8678051
8680171
8680390
8681058
8681563
8681787
8681892
8682627
8682911
8683754
8685174
8687031
8689622
8689729
8689870
8690336
8690385
8694023
8694234
8695123
8695780
8697398
8697822
8698572
8698583
8698682
8701193
8701226
8701334
8701921
8702256
8702463
8702840
8706490
8707219
8707221
8707619
8707902
8708962
8709451
8709582
8711554
8712438
8712553
8714185
8715284
8716384
8719046
8719203
8720533
8720800
8720964
8720981
8721452
8722346
8724919
8729831
8730872
8733236
8734203
8734763
8735003
8735605
8736512
8738500
8738724
8739125
8740260
8740742
8742020
8742280
8742336
8742525
8743993
8744939
8745041
8745689
8746500
8748005
8748511
8750869
8750930
8750965
8751282
8753471
8754343
8755520
8755804
8755919
8757015
8757432
8758759
8759104
8759857
8759960
8760235
8760355
8764223
8765105
8767176
8767386
8767465
8769289
8769629
8770453
8770595
8770630
8771353
8772004
8772139
8772473
8773600
8774490
8775313
8775761
8775775
8778191
8779177
8783032
8783266
8783477
8784630
8786299
8786449
8786887
8790834
8791185
8791391
8794057
8794737
8794910
8796389
8798072
8798755
8800532
8801755
8802045
8803127
8805330
8808055
8810143
8810595
8811283
8811635
8817336
8817381
8818110
8818783
8818884
8828807
8831338
8832137
8832732
8832885
8834918
8835319
8835358
8838784
8840071
8840217
8840557
8840816
8840923
8841837
8843105
8844170
8848139
8848641
8848926
8849235
8849319
8850879
8851384
8852039
8852414
8852832
8853470
8854095
8854211
8855920
8855966
8857455
8860480
8861343
8862235
8863009
8863074
8863369
8864469
8864520
8864745
8865867
8866759
8868471
8870503
8870518
8873568
8875359
8875613
8875635
8880617
8881344
8881733
8882131
8882778
8885253
8888053
8890597
8890716
8891868
8892243
8892346
8892365
8892517
8894641
8895571
8896077
8896191
8896656
8896883
8900510
8901737
8905016
8909553
8910581
8911940
8911942
8912363
8913724
8914177
8918438
8918441
8918720
8918823
8921265
8924210
8924309
8925362
8925826
8926713
8927135
8927525
8927540
8927716
8927765
8929024
8929297
8929392
8929763
8929908
8930553
8932700
8933783
8934043
8935978
8936220
8936812
8938073
8938199
8939061
8939563
8940677
8941798
8942461
8942834
8943171
8945039
8951420
8952987
8953658
8954113
8954587
8954898
8954991
8955056
8955264
8956175
8956783
8956878
8961566
8962783
8964917
8968445
8969082
8969442
8971640
8972060
8972160
8972674
8975030
8976197
8976654
8977160
8978099
8979582
8980971
8981681
8981826
8982974
8984128
8984676
8985282
8985686
8985909
8986068
8986212
8986463
8986471
8987585
8988203
8989708
8990233
8990364
8990993
8991109
8991407
8992000
8992306
8993107
8995454
8995861
8995868
8996954
8999530
9003821
9005679
9005843
9006282
9008025
9008613
9008999
9012746
9013084
9014309
9015212
9018372
9019489
9019896
9020237
9020350
9021033
9021246
9025995
9028252
9028418
9029786
9029827
9030435
9030462
9031082
9031340
9032120
9032132
9032889
9033500
9033834
9033952
9034306
9034415
9035219
9036203
9037691
9039436
9040375
9041474
9043203
9045096
9046072
9046328
9048902
9052026
9052674
9055833
9059324
9060673
9064369
9064622
9065193
9065819
9066149
9067343
9069104
9071128
9072055
9073661
9075390
9076288
9077564
9078976
9080522
9081145
9083605
9084792
9085026
9086410
9087019
9088200
9088780
9088949
9090333
9090513
9093019
9094200
9096974
9097721
9099105
9099220
9099780
9102793
9107200
9108785
9110259
9110603
9114064
9115318
9120348
9120814
9121236
9121345
9121785
9121884
9123737
9124288
9126478
9126915
9127910
9128246
9131694
9132501
9134839
9135370
9135675
9135721
9135957
9137278
9137673
9138176
9139615
9140224
9141396
9143345
9146255
9146302
9146459
9147211
9147349
9147971
9148827
9151264
9154275
9154946
9155223
9155980
9157375
9158776
9158900
9159678
9160014
9162246
9162604
9162850
9164145
9165662
9167075
9167425
9168639
9169665
9170245
9170510
9170805
9171378
9171777
9173786
9174411
9176040
9176551
9176981
9177492
9177605
9180358
9181288
9181569
9181758
9182268
9185099
9185630
9185807
9186121
9186628
9187761
9187995
9191824
9192297
9192341
9192741
9193752
9194732
9194962
9195341
9200438
9200723
9201551
9201823
9203215
9204099
9204537
9205977
9207235
9208522
9209189
9209198
9209430
9210663
9211816
9211973
9212597
9213090
9213558
9215937
9216922
9217093
9218100
9220180
9220779
9222300
9222366
9223054
9224162
9227716
9228176
9232292
9232410
9232882
9233988
9235142
9236677
9237114
9237977
9238885
9238930
9238992
9240511
9242688
9242972
9244111
9244781
9246907
9247097
9247158
9250833
9250839
9251055
9251812
9256507
9259836
9259901
9260140
9266538
9270576
9271772
9272605
9273193
9273762
9274506
9275462
9276193
9276917
9277016
9277766
9278677
9279386
9280695
9280996
9281052
9281446
9283212
9283336
9283525
9283771
9284327
9284477
9285261
9285699
9287940
9288327
9289378
9289424
9290207
9291025
9291563
9293507
9294158
9294637
9296084
9296492
9298984
9299352
9299605
9300917
9301285
9303039
9303684
9303971
9307871
9308315
9309009
9311132
9311175
9313845
9315663
9318559
9318901
9319859
9322102
9324454
9325858
9326438
9327562
9328100
9329439
9331651
9332894
9334602
9335629
9335995
9336814
9337464
9337621
9337672
9337731
9338561
9338687
9339078
9339821
9340717
9340959
9341354
9344887
9345430
9348038
9349419
9350738
9352046
9352353
9353731
9355550
9356099
9356357
9357091
9358020
9360717
9360836
9361200
9362202
9362595
9363169
9363436
9363495
9363994
9364051
9364440
9365276
9365541
9365854
9365927
9367402
9368234
9369534
9371921
9371939
9375210
9378017
9378440
9379905
9381414
9382943
9383895
9383951
9384365
9385554
9386212
9386454
9387439
9387721
9389363
9389817
9390039
9391136
9391824
9392141
9392185
9392381
9392873
9392939
9393029
9394003
9395597
9396334
9398172
9398481
9399310
9400431
9401823
9402364
9405063
9405229
9405836
9406466
9406992
9407128
9407559
9408380
9408455
9409349
9409923
9411022
9411198
9412308
9413003
9414824
9414925
9417104
9417991
9418248
9418869
9419043
9419493
9420297
9422325
9424121
9425315
9425934
9427901
9428208
9432108
9433283
9434091
9434589
9435549
9437256
9437769
9438502
9440545
9440769
9440772
9442718
9443234
9443778
9444912
9444997
9445025
9445947
9446561
9448802
9449498
9451504
9451951
9452422
9453463
9454274
9455785
9457041
9458212
9459622
9460514
9461788
9462904
9463881
9464139
9464258
9464655
9465442
9465684
9466727
9466901
9467078
9468327
9469353
9470211
9471015
9473054
9473761
9474434
9476719
9477930
9478822
9478852
9479696
9480644
9483022
9483456
9484995
9486009
9486785
9488159
9488338
9489964
9490921
9491877
9493311
9493570
9494031
9495363
9495662
9496282
9499357
9499532
9499627
9500042
9500970
9504366
9505190
9505752
9507145
9507486
9507544
9507810
9511934
9512096
9513338
9513587
9514447
9514932
9515341
9518296
9519360
9522884
9524096
9524711
9525450
9526297
9528799
9529268
9531307
9532607
9532728
9533011
9533094
9533244
9538980
9543031
9543192
9545765
9546157
9546289
9547825
9547829
9549470
9549857
9550056
9550669
9552615
9553205
9553678
9554430
9554614
9557269
9558542
9558965
9559057
9560776
9561585
9562240
9563385
9565367
9566549
9567450
9567624
9567985
9568652
9568993
9569026
9571213
9571592
9576735
9577335
9577789
9577998
9578266
9578983
9580935
9581700
9582099
9582372
9583881
9584141
9587126
9587686
9588065
9588925
9589968
9590285
9591166
9592790
9594619
9594649
9594978
9595729
9597819
9599802
9600457
9601471
9601646
9602218
9602527
9604497
9604903
9605833
9606547
9607214
9611099
9614106
9614243
9615923
9617350
9617583
9618619
9618621
9618688
9619657
9622464
9623158
9623495
9624635
9626899
9627736
9628328
9629924
9630249
9630661
9630668
9631637
9632005
9633165
9633576
9633976
9635422
9635615
9636194
9636467
9636593
9636743
9637106
9640662
9641482
9641577
9642355
9642780
9643565
9643852
9648073
9648485
9648576
9648882
9649154
9651089
9651951
9654402
9656351
9656755
9657269
9657595
9658044
9659499
9660142
9660446
9660528
9662712
9663436
9666216
9669575
9670707
9670736
9670851
9671315
9671328
9672172
9674350
9675024
9677918
9678107
9678891
9681620
9681894
9682236
9683356
9684180
9685346
9685863
9686914
9687038
9688718
9690157
9691678
9691782
9693707
9693933
9694160
9698848
9699037
9699111
9699831
9701628
9701645
9706535
9706573
9707360
9708031
9709712
9716144
9716270
9717735
9718313
9718748
9718830
9719979
9721421
9722552
9724010
9724548
9724673
9725159
9725715
9725747
9726726
9727392
9730013
9730617
9730739
9731272
9733065
9734886
9736364
9737873
9739082
9739379
9741210
9741841
9741924
9742510
9747443
9748578
9749634
9750182
9752830
9752997
9754287
9754540
9754824
9755220
9755893
9756448
9756888
9759864
9761888
9767104
9767126
9768542
9772182
9773382
9775256
9776363
9777381
9778919
9779244
9779249
9779304
9780793
9781668
9783084
9783748
9784078
9784534
9785465
9785814
9787040
9787337
9787811
9787873
9787927
9788074
9788932
9789346
9789370
9790193
9790520
9790603
9791306
9792897
9794315
9794849
9795187
9795637
9796055
9797684
9798031
9799918
9800016
9801534
9802388
9803034
9805750
9806534
9807441
9807552
9807995
9810615
9810662
9814803
9816904
9817518
9818386
9819046
9819589
9820300
9820647
9821957
9823379
9827111
9827772
9828055
9828348
9829038
9830403
9830709
9833688
9835318
9836699
9837136
9837588
9837980
9839608
9841333
9841426
9841790
9842352
9843145
9844754
9844927
9845166
9845358
9846133
9846478
9849418
9849914
9850891
9851515
9853769
9853911
9856046
9856251
9857984
9858905
9858976
9859916
9863560
9863825
9866859
9867655
9869629
9870807
9871384
9871443
9872072
9872635
9873366
9873440
9875220
9875655
9876498
9876994
9877883
9878293
9878756
9878975
9879401
9879928
9880049
9881204
9881855
9882766
9883625
9883897
9886774
9887775
9890089
9890129
9890254
9891846
9894152
9895989
9897229
9897430
9897660
9897710
9898966
9899011
9901545
9901912
9905099
9906032
9907020
9907268
9907339
9907440
9908300
9909042
9909859
9909960
9913886
9914702
9914705
9915086
9916744
9917386
9918487
9920110
9920811
9922985
9925993
9926041
9927524
9927732
9927885
9928418
9929117
9929494
9930578
9930732
9933688
9934542
9934822
9935572
9937944
9937977
9939240
9940984
9941059
9941244
9942831
9943254
9943474
9946469
9948237
9948660
9948995
9950624
9952052
9952122
9952360
9952599
9952657
9952919
9955562
9955723
9955832
9956020
9956188
9956407
9957614
9957672
9960147
9962207
9962881
9963078
9963689
9963961
9964693
9965244
9965343
9966103
9967371
9967401
9967660
9968253
9968530
9969316
9970270
9970766
9971485
9972878
9974072
9974887
9976860
9979334
9979893
9980336
9980820
9981656
9982182
9982371
9984130
9985126
9986942
9987583
9987756
9988590
9988929
9990704
9991159
9991344
9994823
9997979
9998446
