449
636
650
814
2627
2728
3487
3726
4093
4206
10368
13494
15658
16880
18308
21684
24453
25162
25387
26529
28454
28497
28707
28885
29913
32019
34045
34612
34673
35154
35656
39123
39861
39981
41829
43589
44582
48018
48459
49769
50562
51241
52328
52541
53377
53776
54099
57786
59276
59464
60755
61645
62295
62927
63996
65858
66108
66214
66712
69203
71238
71832
72011
72277
72485
75177
75548
76318
76541
77863
78926
79110
83270
84492
85492
86402
89301
89408
89675
92204
93868
97143
97338
97495
97828
98059
98199
98675
100039
100598
100783
104014
104566
104972
106273
106968
107129
107737
107895
109252
109279
111243
111873
112718
113140
113259
114128
116483
120288
121618
122181
123871
124782
124934
125818
126320
126348
127957
128330
129508
129569
129717
130556
130722
136199
137617
143477
144499
144978
145120
147088
147222
149913
149963
150619
152173
152343
152541
152647
153328
154098
154626
155157
156620
156887
157044
161335
167105
170573
170806
172141
173479
173596
173723
174285
174337
175640
175736
176094
176178
176624
177050
180032
181178
182110
183646
184167
185886
187950
189348
190431
191733
192280
192614
192846
193646
195590
195605
196250
196600
198908
201169
201254
205213
207966
208051
208078
209847
209935
211319
211908
212587
212961
214170
214231
214463
215014
215215
215462
216264
216282
216727
218981
219493
219699
221046
221152
221847
222152
222232
223825
224270
226015
226081
227368
227556
228906
231246
231595
235206
235995
236554
241243
241314
242379
243362
244535
245608
248863
249502
251164
251662
251680
251811
252200
252314
252544
254053
254611
254623
255046
256575
256763
256769
256867
257169
257337
257502
257897
258427
259132
259207
259648
260778
261672
264394
264579
264971
265560
266544
269442
269645
269718
270560
270868
271761
273727
274526
274742
275314
275495
275564
276115
277699
278897
280747
282267
283047
283695
285158
286024
288431
288467
290174
290869
291563
292453
292516
293284
293316
294928
295714
295754
298233
298690
299037
299048
299335
299794
299893
301384
301816
302585
304456
306352
306388
306434
307892
307894
307929
308149
308324
309407
310771
312338
312423
313730
315406
316718
316783
316963
319539
320086
321333
322899
324354
328094
330118
330311
331462
333139
333365
333792
334637
335048
336449
337446
338799
339645
340225
340354
340496
340613
343262
343393
345861
350811
351092
352511
352994
353006
353012
353521
354580
354719
356843
357232
357888
360668
360956
361903
363018
363962
364089
364521
365151
365834
367015
368219
372214
373548
373745
373890
374259
374522
374539
375095
376404
376905
377156
379165
379427
379898
380345
383028
383325
383558
383729
384694
385699
385913
386535
386584
386834
388580
390395
393181
394381
394618
394690
395420
396602
397973
399043
399435
399788
400387
401129
404936
405441
405476
406636
406770
407379
407629
407778
408317
408477
409528
412355
416088
417260
417689
417754
419534
420161
420501
420712
421026
421537
422598
423079
423998
424065
424880
425768
425914
427684
430754
434527
434802
435635
436883
438517
440069
440471
440669
442272
443190
443488
443733
446845
447751
447862
448229
452288
452753
457735
459977
461411
462014
463265
466548
467329
468885
469514
469749
469777
470726
472457
473178
474446
474640
475978
476933
477436
483518
483747
484310
485610
488547
490994
491520
492591
493698
494515
495614
495680
496929
498091
499038
500821
501698
502304
502609
503169
504805
505852
506396
507377
508556
510098
510119
510297
511153
511934
514587
515968
516872
518593
518631
518941
519709
519839
523832
524229
524234
524282
525473
526651
526885
529637
534319
536940
537075
538325
540124
542928
545201
546406
548245
549205
549613
550161
550449
550551
551382
551850
553493
554075
554624
555583
555656
558044
560200
560360
560631
560736
561111
561767
562226
565711
565769
566374
566502
566504
567726
567749
567767
567968
568179
568316
570336
572270
573076
573739
575713
576099
576317
578632
579980
585989
587056
587563
587729
588930
592153
594391
597618
599388
600753
602443
602902
603405
605116
605477
605915
606075
610081
610211
610896
611595
611923
612148
612326
612596
613903
614928
615923
617435
620833
620893
621396
623497
623942
626020
628313
629131
629467
630266
630781
631237
634964
635845
635872
637966
639374
641001
642223
643711
644332
644373
644721
644773
645597
645625
646476
648326
649179
650032
650149
650426
652147
652679
653175
653525
653640
653655
654633
654664
655676
655978
656613
662034
662311
663547
663699
663863
665417
666416
666753
669319
669714
670358
670501
672256
672808
673364
673454
673918
674283
674635
674935
675314
675427
676624
676840
678239
678663
679083
680681
681470
682588
684999
685434
687726
689594
689787
690952
692687
696899
698372
699415
700376
700819
700943
701343
704814
708038
708090
708641
710189
711359
712546
713675
713745
714725
716705
717280
717563
718113
719533
723203
723433
723637
725086
725580
725786
726111
726850
726938
727301
727482
728276
729135
729953
731930
733782
741040
742943
745257
746408
746574
746605
746832
747900
748573
749266
750061
750348
751800
752657
754484
755230
755814
756003
756151
756460
758188
759620
760299
761645
762411
762522
765838
767750
768221
772439
773188
773662
774193
778555
779043
779203
780736
780883
784273
785167
785422
787820
788326
791650
791704
797185
797282
798396
800624
800740
802120
804544
805432
805868
807115
807651
808372
808618
811976
812409
813056
814082
815014
816499
817617
817761
818251
818579
819636
819740
820742
821302
821920
822130
822215
823816
825508
827384
829042
829205
829941
831528
831938
832240
832872
833868
836010
836571
837292
837487
838964
839480
840365
840508
840815
843657
845889
846069
847865
849177
849965
850059
853064
854190
854212
854272
854691
855443
857136
857584
857838
860269
860408
861107
863148
865771
866046
866931
867075
867617
868446
870200
870914
872339
872713
874254
875010
876426
876698
877580
877630
879223
879513
881684
883418
883906
884887
885484
886749
887732
887998
888159
890129
891190
891554
891947
892131
892363
893001
894076
894542
895259
895345
895710
897292
898782
899192
899224
899676
899937
902014
902036
902579
903260
903688
904717
904960
906573
906860
907974
910072
911150
912806
915419
915519
917412
918251
920082
921467
922301
922735
923099
924057
924512
925033
925066
925124
925357
926474
927145
929240
929640
929924
933605
934674
935461
937342
937647
938256
939690
939833
939860
940957
942269
943684
943766
944147
945592
947077
947968
949063
949365
949546
949697
950264
950861
951515
952667
953221
953795
954431
956400
956820
957876
958151
958334
958563
958779
959826
960560
960734
961272
961614
962155
964531
966504
967340
969545
969829
970220
971500
972320
973070
973240
973445
974484
976923
977353
977923
981204
983780
984695
985395
986696
987352
987379
987386
988387
989062
989852
991279
993484
993695
994167
994175
994995
996469
997638
997845
997874
999011
999259
1001157
1001749
1004801
1004939
1008041
1009471
1010560
1011852
1012496
1012627
1013904
1015183
1019227
1020616
1020876
1020892
1022999
1023464
1023505
1023775
1027056
1027509
1028937
1029651
1030088
1030386
1030819
1031480
1031666
1032044
1032366
1033158
1034647
1035057
1035682
1037382
1038171
1039483
1039651
1042023
1042688
1043774
1045602
1045954
1045986
1046663
1049200
1049542
1049622
1049784
1050299
1050665
1051498
1051867
1053232
1054974
1055069
1055456
1056298
1057623
1058718
1059781
1060149
1061504
1061782
1063431
1063704
1064693
1065589
1066657
1069425
1072357
1073543
1074746
1075241
1075536
1078092
1080578
1082774
1086932
1091472
1091884
1092225
1092582
1096123
1097381
1098455
1099152
1101281
1101378
1103267
1103930
1103945
1104056
1104305
1107464
1108493
1113555
1116107
1118543
1119283
1119495
1119677
1120784
1120956
1121443
1122522
1123419
1127123
1127706
1128083
1128881
1128921
1129032
1132078
1133649
1133665
1133904
1133961
1134052
1136038
1136114
1137270
1137474
1137752
1139134
1139243
1139394
1139570
1140717
1141698
1141798
1144183
1144696
1146013
1146682
1150512
1152117
1155777
1156126
1156431
1158195
1158482
1158895
1159576
1159767
1160284
1160402
1160455
1161113
1165540
1165818
1166342
1166622
1166639
1168019
1168416
1168869
1170242
1170939
1171355
1171871
1174410
1174684
1174920
1175103
1175612
1175855
1176496
1176919
1177590
1178584
1178684
1180717
1180910
1183480
1184092
1185607
1186132
1187518
1189470
1190521
1192346
1192651
1192676
1195800
1199286
1199553
1201199
1201252
1201533
1201641
1202148
1202200
1203074
1203346
1205448
1206666
1208600
1210317
1210362
1213868
1214201
1214387
1215449
1215865
1216274
1216594
1217558
1219133
1221981
1222466
1222911
1223186
1226177
1226319
1226553
1227103
1228221
1228510
1228602
1231114
1233121
1233494
1236021
1236551
1236819
1241563
1242469
1244742
1245170
1247492
1248519
1248695
1251208
1251230
1252052
1252319
1252885
1253768
1257724
1258395
1260101
1260332
1260581
1262126
1263429
1265193
1265220
1266954
1267369
1269501
1270842
1270898
1272543
1272882
1275181
1277851
1278180
1279106
1280307
1280793
1282455
1282798
1283126
1284346
1284569
1285095
1287941
1288809
1291957
1292389
1293753
1294761
1295011
1296095
1296503
1296954
1296957
1299889
1300566
1301728
1302910
1303014
1305262
1306515
1306886
1310823
1312227
1312740
1312753
1313500
1313915
1314423
1316286
1317153
1318218
1318932
1319913
1320066
1321586
1321853
1321985
1322551
1325862
1326042
1326827
1328634
1329209
1330668
1330801
1331261
1331703
1332309
1333023
1333396
1335673
1336220
1337545
1342202
1344197
1344839
1345582
1345731
1346137
1347507
1350768
1350937
1351111
1352348
1352730
1352817
1357762
1359535
1360398
1361105
1362021
1362128
1363405
1364638
1366020
1366194
1367025
1367029
1371135
1371897
1372865
1373005
1375390
1375843
1375895
1376485
1377526
1377880
1378178
1378855
1380618
1381388
1381731
1383666
1384441
1386477
1387101
1387230
1387946
1388090
1390774
1391166
1395143
1395690
1396674
1398810
1399285
1400016
1400047
1401357
1407259
1407287
1407818
1408735
1410697
1413110
1414599
1417707
1418267
1419209
1423912
1426068
1427422
1430140
1432065
1432720
1434378
1434380
1434812
1436087
1436530
1436706
1439290
1439993
1441147
1441747
1443128
1443289
1444765
1445591
1445867
1445906
1450336
1450926
1450981
1451301
1454175
1454699
1454799
1454995
1455823
1456258
1457049
1459504
1461342
1463729
1464032
1465343
1465779
1466556
1466989
1467542
1467927
1469479
1469828
1470749
1471005
1472577
1472670
1472993
1476024
1476484
1479013
1480393
1481336
1482682
1483236
1483468
1484453
1485945
1486661
1488163
1488215
1490169
1490616
1492546
1493104
1493195
1493443
1494217
1494832
1497302
1499729
1499766
1501203
1501596
1501768
1504013
1504852
1508368
1510474
1510808
1510865
1510981
1511155
1511648
1512991
1515779
1515986
1516141
1516892
1516994
1517649
1521200
1521720
1522468
1523438
1523459
1523732
1523830
1524100
1525386
1525524
1528658
1529198
1530378
1531402
1532713
1532800
1533765
1533860
1533977
1534212
1535408
1535900
1535924
1536073
1537678
1538028
1538125
1538243
1540746
1542065
1543011
1543910
1544459
1545124
1545988
1548806
1549022
1549316
1551359
1552788
1558162
1558203
1558208
1558380
1559617
1560813
1561263
1562199
1563835
1564857
1565226
1565649
1567205
1567225
1569194
1569340
1569620
1569715
1571130
1571644
1573916
1574489
1575642
1576063
1578366
1581392
1581743
1582000
1582233
1585579
1588091
1588609
1589299
1591699
1592499
1592678
1592998
1594371
1594752
1594969
1595642
1596896
1597100
1598298
1598688
1599157
1599446
1600239
1602729
1603572
1603943
1606957
1608460
1608526
1608594
1609739
1611410
1613010
1613450
1613641
1614880
1615789
1615892
1617146
1618171
1618244
1621637
1622393
1623544
1625971
1628704
1629313
1630370
1630780
1631488
1631592
1632274
1632966
1633561
1634148
1634559
1634791
1637307
1639056
1639772
1639800
1640351
1640697
1641455
1641762
1643350
1644059
1644605
1645616
1646017
1646292
1647458
1647786
1647832
1648444
1650369
1652520
1652644
1654236
1654802
1655882
1658002
1660506
1662809
1667270
1667670
1667768
1668076
1668545
1668604
1669718
1670015
1670619
1671060
1671949
1672638
1672994
1673391
1674220
1675879
1676324
1676382
1676969
1677700
1679788
1680403
1680687
1681072
1682122
1682510
1683174
1686027
1686234
1688620
1689893
1690393
1690513
1691449
1692126
1693960
1698918
1699203
1699657
1700082
1700089
1700306
1702215
1702344
1702771
1704529
1704971
1704997
1705901
1706900
1708286
1709554
1711921
1712362
1712648
1713102
1714493
1716516
1717883
1718271
1718928
1719988
1720200
1721772
1722099
1723370
1723818
1726023
1727336
1732935
1733537
1733972
1734589
1735920
1736488
1738028
1740449
1740983
1742225
1742665
1742987
1744922
1746431
1746861
1747194
1747229
1748026
1748976
1749032
1749553
1750615
1752019
1754865
1756239
1756308
1756524
1756756
1757576
1758300
1758504
1759558
1759730
1760345
1763180
1767879
1768600
1769467
1770862
1771395
1773772
1773994
1774008
1775927
1776254
1776373
1776818
1777891
1778023
1778164
1778632
1778945
1781148
1781221
1781290
1781421
1781533
1782705
1783012
1784456
1786034
1789814
1790582
1790910
1794888
1795555
1796006
1796263
1797683
1798509
1799038
1799502
1799824
1801058
1801696
1803114
1803273
1803419
1804359
1805059
1807194
1807469
1808189
1808790
1809089
1810220
1811440
1812660
1814932
1815520
1817854
1819731
1819744
1821055
1822815
1825478
1826899
1827446
1827675
1828879
1830569
1830873
1833298
1834850
1835875
1836180
1839227
1840982
1843106
1843508
1843837
1845341
1845665
1846088
1846563
1850881
1851804
1853837
1857423
1858618
1861734
1861755
1864722
1866798
1868815
1870302
1871329
1872665
1873511
1874251
1874496
1875044
1875069
1875256
1875697
1876487
1877391
1877503
1878226
1878541
1879487
1879851
1880206
1881345
1883842
1885108
1887576
1887699
1889537
1889852
1892654
1892785
1893169
1893401
1894759
1895045
1896480
1898625
1898717
1900944
1901091
1902189
1902325
1903807
1904706
1904827
1905333
1905673
1906994
1907254
1907343
1908262
1908899
1909688
1910577
1911649
1911839
1915513
1916001
1917058
1917195
1917659
1917946
1917962
1918572
1918877
1919908
1921968
1922172
1923453
1923662
1923962
1925256
1925694
1926086
1926095
1926183
1930926
1933753
1935102
1935797
1936774
1937420
1937538
1938601
1939057
1940172
1941365
1941483
1942616
1943597
1943608
1945803
1947157
1947216
1949197
1949294
1949895
1950088
1951083
1952202
1952715
1952813
1953938
1954412
1954546
1955266
1956860
1957503
1958101
1958640
1959632
1960841
1961142
1964309
1964847
1965426
1969007
1969216
1969697
1970800
1971816
1972246
1972621
1973866
1973960
1974443
1974543
1975987
1979015
1979276
1980902
1981160
1981297
1981449
1981990
1982111
1982136
1982597
1983355
1983694
1984473
1984531
1987274
1987870
1988998
1989176
1989308
1990002
1990655
1993165
1993674
1994423
1997363
1997822
1999835
1999857
2001044
2002457
2003110
2003427
2004246
2004371
2004609
2005067
2006786
2007400
2008820
2009937
2010835
2011700
2011735
2013373
2013601
2015617
2015978
2016842
2019179
2019421
2022201
2022369
2025291
2025639
2026265
2026727
2027845
2029938
2031132
2031869
2032336
2033582
2034197
2034537
2036697
2037371
2039285
2040169
2041332
2041533
2047932
2048346
2049872
2050493
2050777
2051122
2051191
2051336
2052834
2053445
2054808
2054845
2055194
2055982
2057659
2060337
2061372
2061678
2062272
2062372
2064232
2065452
2066117
2066898
2068183
2068240
2070579
2071149
2072321
2073168
2073594
2075051
2075666
2076125
2076465
2076697
2077398
2077717
2078576
2078780
2079734
2080439
2080614
2080778
2081740
2083525
2083781
2083872
2084441
2085775
2088218
2088777
2089135
2089204
2091396
2092126
2092541
2093469
2094803
2094818
2094890
2096240
2096609
2097903
2098407
2098670
2104213
2106297
2109323
2110799
2114781
2115025
2115109
2115640
2116420
2116548
2117260
2118819
2118837
2119347
2120969
2121115
2121718
2121846
2121912
2122697
2122755
2125913
2125935
2126483
2126633
2127980
2129263
2131813
2133038
2133038
2133612
2134291
2135076
2135946
2136137
2136660
2137898
2138541
2139871
2140338
2140680
2142501
2142786
2143684
2143856
2144601
2145825
2146790
2146851
2147837
2148055
2148775
2149163
2149727
2149795
2149881
2150478
2150796
2153704
2154011
2154498
2157119
2157852
2158314
2158405
2159291
2159292
2159468
2161253
2163020
2164880
2165134
2165449
2165647
2167013
2167247
2167965
2168224
2170123
2171489
2171714
2173054
2175043
2175893
2176253
2176308
2177105
2177399
2177672
2178188
2178941
2179673
2180424
2180926
2181140
2181819
2183181
2185009
2185039
2185358
2186919
2187386
2187807
2188045
2188586
2188840
2188908
2190197
2190637
2191381
2193817
2194537
2197402
2197742
2197980
2198588
2200811
2201795
2202386
2203460
2204533
2206575
2206740
2207997
2208012
2208346
2212266
2212929
2213663
2213883
2214015
2216289
2216995
2217873
2217891
2218110
2219124
2220025
2221978
2223964
2223978
2224135
2225222
2225823
2226036
2226359
2227134
2227428
2228228
2231406
2231701
2233643
2235478
2235922
2236865
2237165
2240163
2243062
2244138
2244411
2245885
2246717
2247196
2247942
2248732
2249558
2250210
2250670
2251349
2254958
2255019
2255064
2255620
2256407
2257450
2257476
2257685
2258602
2258619
2259409
2260013
2260543
2261177
2262040
2263050
2268115
2268196
2269896
2270033
2270366
2270559
2271402
2271547
2271557
2271816
2272565
2272710
2273356
2274650
2275656
2276419
2276720
2277493
2278991
2279635
2279830
2281104
2284774
2285136
2285391
2285613
2287442
2288546
2289142
2289175
2292967
2295261
2295476
2297127
2299999
2300051
2300080
2300478
2300510
2303191
2303657
2303784
2304160
2304297
2304757
2305059
2306366
2306657
2307050
2307136
2307176
2308827
2309597
2310803
2311269
2312183
2312526
2313342
2313785
2314681
2315200
2316460
2317303
2317364
2317423
2317841
2318569
2320926
2321506
2321947
2322718
2322945
2325351
2328339
2328461
2328791
2329946
2332928
2333201
2334265
2335466
2335598
2336428
2336787
2336941
2337049
2337072
2339414
2339570
2340066
2342395
2342492
2342864
2342963
2343937
2346322
2346482
2350255
2350393
2351335
2351648
2354160
2356024
2357234
2358391
2358436
2359576
2360694
2364298
2365343
2365848
2366999
2368153
2370261
2370819
2370857
2372359
2372644
2372707
2373479
2374133
2375162
2377810
2380793
2381479
2382229
2383021
2383098
2383415
2384136
2387415
2388008
2390116
2390767
2393358
2394400
2394555
2395249
2396118
2397833
2398686
2402419
2402481
2403217
2404049
2404311
2405331
2406032
2407236
2407499
2407945
2410172
2413022
2414281
2415273
2415954
2417570
2418235
2420488
2421316
2422281
2422677
2423715
2425513
2425904
2426008
2426098
2426259
2426376
2426754
2427185
2427429
2428517
2429229
2429740
2430614
2430770
2432048
2436068
2437840
2438382
2438815
2438949
2441672
2442350
2442694
2444153
2444807
2446051
2446194
2446464
2447097
2448422
2449127
2450023
2450461
2450961
2451448
2454589
2458132
2458789
2459630
2459867
2461643
2462350
2463121
2464581
2464696
2465516
2465706
2465857
2466043
2468230
2468428
2469042
2469168
2469411
2470010
2471094
2471156
2471309
2471661
2472243
2472315
2472836
2478136
2478320
2478776
2480960
2482780
2483006
2483640
2483860
2484075
2484165
2486720
2487742
2490356
2490463
2492935
2493310
2493678
2494693
2497386
2497703
2500114
2502223
2502902
2502957
2503319
2503522
2503934
2503973
2509600
2509992
2510819
2511228
2513098
2514312
2515430
2515762
2516050
2516548
2517448
2517666
2518071
2520059
2520370
2522387
2523191
2527506
2527665
2528249
2528435
2529823
2530023
2530384
2531025
2532138
2533303
2534300
2534367
2534513
2535121
2535607
2536146
2536260
2536641
2536655
2536696
2539445
2541783
2544647
2545319
2545985
2546199
2547094
2548713
2548717
2550029
2551637
2552005
2552207
2552622
2552911
2553455
2553545
2556525
2557730
2560292
2562056
2562148
2565580
2565708
2566319
2566549
2567221
2567892
2570026
2571491
2571735
2572213
2574352
2575441
2576875
2577427
2577907
2579329
2579368
2579450
2579794
2580047
2583322
2585299
2585593
2588572
2588658
2591400
2593655
2594298
2595633
2595633
2595897
2598526
2598583
2600030
2600318
2602970
2605818
2607312
2607755
2610271
2611765
2612687
2614073
2614891
2616359
2616367
2616418
2617125
2617252
2618955
2620368
2620427
2623533
2624138
2624693
2625057
2625549
2625852
2626744
2627029
2627172
2627311
2629356
2630417
2632020
2632288
2633343
2635733
2636430
2637181
2637655
2638381
2638773
2639198
2643014
2643232
2643687
2644175
2644258
2644406
2646185
2646980
2649988
2654313
2654885
2655939
2656160
2656430
2656504
2662748
2663238
2663581
2665140
2665157
2666466
2667198
2668881
2670070
2671272
2672277
2673707
2674285
2675196
2675582
2675861
2677437
2678163
2680388
2685181
2686906
2687126
2688051
2689448
2690856
2692529
2693988
2694269
2695857
2696239
2697539
2697627
2698953
2699883
2699978
2700255
2700482
2700836
2701056
2701532
2703370
2705714
2706289
2707548
2708749
2709809
2710471
2712683
2712818
2713688
2713932
2716934
2720198
2720786
2721910
2723587
2723706
2724971
2726531
2727401
2727623
2727822
2727864
2729107
2729961
2730119
2731088
2731459
2732455
2733878
2734660
2735742
2736782
2737313
2737483
2739512
2740580
2741131
2741922
2741996
2743918
2744270
2744654
2746446
2746517
2748311
2748846
2750456
2752420
2753102
2753763
2754044
2754160
2755062
2755511
2755549
2756404
2756459
2756600
2759181
2759533
2759607
2760569
2761072
2762888
2764735
2765189
2766312
2768668
2768787
2769085
2771250
2772233
2772351
2772944
2774262
2774319
2774427
2774918
2775468
2777253
2778164
2778917
2779787
2779966
2781014
2782007
2782014
2782348
2783329
2783703
2784245
2785469
2785583
2788049
2790048
2790365
2791160
2791568
2792372
2792759
2794311
2794857
2796269
2796375
2797493
2797502
2798322
2799155
2801338
2803047
2803771
2805869
2805980
2806484
2807169
2809668
2810632
2810912
2812165
2814817
2815203
2816094
2816604
2819402
2820161
2820716
2820780
2820890
2822429
2823400
2824573
2825937
2827044
2828571
2829292
2829405
2830237
2831074
2831577
2832818
2833526
2833956
2833968
2834115
2834745
2835185
2836009
2836082
2837222
2837418
2838561
2839850
2841993
2843854
2844086
2844486
2844562
2846632
2847125
2847138
2848324
2849960
2849984
2850874
2851046
2851676
2852233
2853009
2853071
2853293
2854640
2854871
2855040
2855438
2856127
2856173
2857252
2857539
2858192
2859682
2860895
2861840
2862457
2863827
2864872
2865038
2866025
2868085
2870131
2870955
2871842
2872891
2873838
2874219
2874783
2876811
2877205
2877665
2877747
2880034
2882046
2882331
2884063
2884133
2886401
2887041
2887526
2888687
2888742
2889122
2889453
2889615
2889752
2891086
2891105
2892377
2892916
2893502
2896011
2896205
2897701
2897886
2897908
2899641
2901972
2902774
2905469
2908336
2909172
2911176
2912585
2913707
2914317
2917030
2917392
2918124
2918523
2920539
2921152
2921917
2922028
2923515
2924940
2925222
2926194
2928650
2930255
2933477
2934040
2934406
2934789
2934884
2935670
2937429
2940084
2942175
2947858
2948191
2949144
2949724
2950434
2950619
2951011
2952678
2954834
2954887
2955346
2958660
2959968
2964414
2965844
2966532
2969050
2969074
2970283
2971197
2973069
2974524
2975650
2976774
2977598
2977600
2978309
2979149
2979257
2979338
2979605
2983387
2984545
2984771
2987658
2987927
2989151
2989339
2989586
2993925
2995219
2995579
2995871
2996976
2997184
2999838
3000862
3001205
3002142
3002457
3002497
3003472
3003737
3005184
3005280
3006080
3010588
3012438
3014149
3015120
3015969
3016418
3016601
3017442
3017470
3018719
3019292
3021621
3023290
3025015
3025384
3025580
3025726
3025774
3025815
3026331
3026806
3027741
3028496
3028719
3031443
3034261
3035761
3036232
3038214
3038439
3040242
3040922
3041261
3042234
3044377
3044853
3045867
3046039
3046494
3047348
3048148
3048595
3050149
3050353
3051719
3052682
3052807
3054168
3054453
3055991
3057936
3058252
3060127
3061116
3061409
3062397
3062624
3063363
3063458
3063651
3065457
3066534
3067065
3067110
3067254
3068008
3070483
3071626
3071775
3073956
3074338
3077053
3077531
3078027
3078580
3083326
3084744
3085380
3085504
3085956
3087066
3087067
3087388
3087395
3087880
3088877
3089013
3090636
3090825
3090897
3091388
3092647
3095106
3095317
3095669
3096160
3098527
3099020
3100394
3102037
3107829
3107836
3107981
3108519
3109266
3109346
3109709
3110151
3112264
3113189
3113581
3113684
3114602
3114847
3114987
3115285
3116070
3116329
3117049
3117604
3118838
3122146
3122679
3123957
3124604
3125246
3125757
3125845
3127475
3127718
3128102
3128309
3128603
3129746
3129850
3130508
3130994
3132546
3133508
3133649
3133661
3133703
3133801
3133888
3134768
3136447
3136553
3139027
3139354
3143239
3143837
3147765
3149928
3150498
3150795
3152146
3152250
3152986
3153194
3153201
3155577
3155735
3156801
3157009
3157506
3158414
3159188
3159881
3161265
3161856
3163349
3163618
3163677
3164141
3166423
3166599
3167102
3167159
3167604
3168459
3168558
3169036
3169197
3169610
3169719
3172435
3172524
3175980
3176558
3176672
3177123
3177978
3179170
3179953
3180087
3180279
3181181
3183791
3184827
3185106
3185798
3186635
3187315
3188887
3189055
3189995
3190371
3191777
3192332
3192797
3192968
3193584
3193645
3195567
3197200
3198774
3200293
3200970
3201815
3202844
3203957
3203995
3205132
3206029
3206175
3206617
3207603
3209527
3210168
3210345
3212682
3213325
3214667
3215025
3216781
3218523
3218883
3219213
3219492
3219853
3221191
3224099
3224688
3225352
3225567
3227256
3228430
3228837
3231121
3232783
3233918
3235049
3235457
3237431
3241010
3241881
3243141
3243442
3243801
3244311
3244529
3245206
3246336
3246470
3246719
3249994
3250038
3251255
3251733
3252364
3257897
3259253
3262199
3264959
3268744
3268836
3270000
3271801
3272627
3272869
3272963
3275655
3275984
3278176
3278268
3278338
3278381
3278692
3279542
3279565
3280328
3280549
3281021
3281138
3281810
3281944
3282633
3283349
3283987
3286484
3286652
3288014
3288147
3288209
3291827
3294239
3294370
3294984
3295903
3296003
3296220
3298273
3298810
3298966
3299702
3302155
3304287
3308514
3309517
3309574
3310068
3312238
3314384
3315476
3317359
3317948
3319343
3319711
3320587
3320943
3321993
3322430
3322581
3322763
3323784
3325311
3325460
3327763
3329392
3330061
3330149
3331296
3331935
3333236
3334918
3335645
3336624
3336994
3336996
3338329
3339545
3340495
3341178
3342739
3342862
3343086
3343323
3343993
3344147
3344353
3345350
3345891
3346616
3346720
3347305
3348201
3348381
3350623
3354876
3357698
3358048
3358179
3360619
3362091
3362672
3363426
3366327
3368746
3368791
3368914
3369506
3370828
3370867
3371689
3372271
3374154
3374323
3375962
3376219
3378084
3379338
3380470
3380675
3382241
3382244
3382249
3383855
3387940
3388165
3390415
3391875
3392096
3392659
3395099
3395599
3396132
3396445
3397285
3398169
3400407
3401493
3402100
3402411
3403436
3404612
3405617
3407481
3407608
3408504
3409443
3410094
3410536
3411385
3412446
3414518
3415100
3416731
3416932
3416941
3417505
3417877
3420134
3421778
3422304
3422928
3422928
3423212
3424248
3424884
3426074
3426761
3426803
3427157
3428242
3428246
3429899
3433631
3433792
3434929
3436548
3436922
3438354
3440824
3442601
3444250
3444391
3444620
3445322
3447885
3448718
3449941
3452233
3455083
3456769
3460903
3462156
3463157
3465885
3466700
3468436
3469033
3470295
3470754
3471561
3472099
3473246
3473487
3474471
3474616
3474716
3477806
3478704
3479156
3479508
3479570
3480182
3480348
3481463
3483031
3483119
3483845
3485139
3485225
3485424
3485670
3486344
3487785
3489160
3490409
3491949
3492071
3493657
3494160
3494639
3496556
3496640
3498935
3499930
3500528
3500860
3501475
3501825
3501865
3502121
3502907
3505465
3508170
3509623
3509741
3510485
3513571
3514144
3515870
3519248
3520213
3521810
3522141
3522416
3524057
3525247
3526715
3526969
3528738
3528787
3531044
3532461
3532834
3532839
3532898
3534429
3534677
3536153
3536977
3537191
3537583
3537710
3538186
3540351
3541842
3542057
3543149
3544817
3546387
3547524
3547766
3548439
3551020
3551519
3551869
3553391
3553510
3553845
3554697
3555541
3557163
3557318
3557740
3558488
3561535
3564723
3565569
3566229
3567517
3568249
3568722
3569100
3571757
3572698
3575017
3576717
3580302
3582271
3584448
3586746
3586849
3588093
3589463
3592175
3593339
3596928
3598936
3599081
3600136
3600515
3602765
3603443
3607910
3609689
3610809
3611366
3611823
3614699
3615157
3615772
3617952
3618852
3619088
3619316
3619419
3620580
3620801
3623155
3623213
3624143
3626202
3627052
3628296
3628335
3629206
3629516
3630601
3633341
3633611
3633678
3634078
3634562
3634603
3636399
3637316
3637689
3638134
3638135
3638759
3639930
3639956
3642079
3642321
3642331
3642710
3645734
3646243
3646438
3649148
3649684
3652732
3654262
3658443
3659264
3660886
3661801
3663756
3666211
3669272
3670066
3670796
3672337
3674250
3674345
3674527
3675008
3675578
3676000
3676252
3676610
3676958
3677404
3677426
3683163
3683356
3683374
3685147
3686983
3687391
3687751
3687841
3689810
3690429
3693427
3695021
3695219
3697315
3697511
3698144
3698691
3698776
3698781
3699281
3701513
3702717
3704592
3704618
3704759
3704901
3706932
3707566
3708848
3709694
3711248
3712182
3712310
3713743
3715217
3715364
3715365
3716186
3718320
3719961
3722221
3723786
3725110
3725163
3728209
3730418
3730451
3732880
3734007
3735134
3737737
3738274
3738689
3738818
3739152
3740132
3742999
3743114
3743353
3744358
3748577
3748588
3750682
3751375
3752557
3754123
3754200
3754314
3755238
3755884
3757340
3757760
3757839
3761010
3763295
3763450
3763553
3766444
3766902
3768250
3769129
3769405
3769964
3771019
3771547
3772736
3773569
3773597
3773773
3773958
3775806
3776379
3777822
3777870
3777950
3778314
3782340
3783371
3784721
3786744
3791512
3792521
3793378
3796221
3797333
3798494
3799157
3800045
3800341
3801142
3802074
3802867
3803534
3803607
3803914
3805226
3806569
3809708
3810102
3810235
3810769
3810868
3811205
3811582
3813761
3817228
3817691
3818216
3822104
3822546
3822765
3823883
3825851
3826553
3828764
3829179
3829541
3829559
3831375
3831385
3831638
3831995
3832788
3833240
3833290
3833679
3839868
3840074
3840120
3840389
3840818
3841004
3843156
3844302
3844708
3845850
3846207
3846567
3846588
3847125
3848728
3851436
3852383
3852776
3853156
3853656
3855915
3855953
3858132
3859251
3860002
3860156
3860194
3860455
3861038
3863014
3863018
3866236
3866688
3868905
3870635
3871670
3875172
3875456
3875839
3878016
3879573
3879983
3881701
3881704
3883854
3885445
3885608
3886031
3887806
3889886
3889965
3890094
3891007
3895111
3895876
3897091
3898380
3899038
3902333
3902735
3903111
3903236
3904753
3905035
3906351
3907254
3907540
3908236
3908694
3909044
3910238
3910857
3910871
3911614
3914628
3915444
3917528
3920453
3921244
3921671
3923311
3923964
3923968
3924160
3924307
3925947
3927260
3927274
3929875
3930211
3930802
3931275
3931373
3932573
3933429
3933764
3934100
3934379
3934442
3934887
3935446
3935511
3936117
3936891
3938487
3938754
3939900
3940425
3941197
3941373
3942668
3942869
3943271
3943658
3943870
3946731
3947863
3950556
3951208
3951305
3951467
3953725
3954303
3954575
3954885
3955119
3956942
3958388
3959405
3961061
3961601
3964167
3964209
3966109
3966873
3967465
3968108
3969073
3969598
3970489
3971460
3971714
3975005
3976626
3977283
3977625
3979736
3979896
3980346
3980507
3981777
3981872
3982580
3984160
3984338
3984387
3984427
3985140
3985795
3986178
3990347
3991935
3993223
3993343
3995192
3995390
3995412
3997186
3998044
3998080
3999733
3999776
4000115
4002357
4004779
4004905
4005503
4005602
4006396
4006843
4007161
4008694
4008867
4010593
4010905
4011421
4013826
4014127
4014851
4014928
4015151
4016454
4018862
4019440
4020121
4020785
4021055
4022600
4023166
4023892
4025019
4025907
4026903
4028288
4028379
4028799
4030310
4031384
4033342
4033768
4034222
4035177
4035849
4037537
4037697
4037812
4038401
4039307
4040278
4040378
4040499
4041099
4043009
4043286
4044088
4044150
4045547
4046466
4047130
4047479
4048303
4048565
4049253
4049334
4050661
4052136
4053131
4053698
4053986
4054630
4055384
4058069
4058696
4059596
4059685
4059748
4062544
4063517
4063914
4064776
4065049
4065937
4066701
4067479
4069150
4069299
4070002
4070039
4070516
4070532
4073981
4077657
4078229
4079884
4082172
4083984
4084297
4084443
4084578
4084671
4084830
4085115
4088693
4089854
4091675
4092334
4092733
4092845
4093344
4094485
4095654
4096113
4096192
4096728
4098088
4098575
4101065
4101451
4101843
4101854
4102647
4103416
4106079
4107705
4109548
4110131
4110452
4111134
4112454
4112778
4116815
4116992
4117884
4118855
4121091
4121477
4121793
4122284
4122532
4123029
4123461
4123845
4123923
4127606
4128499
4128813
4131022
4132050
4133709
4136895
4137132
4137433
4138159
4139200
4140265
4140885
4141097
4141353
4141360
4142039
4142972
4143747
4144842
4145349
4145961
4147235
4148344
4149865
4150136
4150905
4151179
4151843
4152202
4153435
4153602
4155046
4156836
4157027
4157154
4157828
4157996
4159724
4160746
4160964
4160998
4162577
4163117
4164312
4164479
4164764
4166810
4167011
4167018
4168291
4168590
4168729
4169790
4170043
4170111
4171554
4172333
4173275
4173593
4173939
4176401
4177647
4178241
4179320
4180053
4180174
4180683
4180880
4182862
4186069
4187477
4188552
4188808
4190433
4190833
4191246
4192912
4193115
4193843
4194842
4194845
4195923
4196575
4197340
4198216
4199618
4200338
4201219
4202333
4204098
4206196
4206279
4208623
4208824
4209041
4209386
4210366
4211181
4211932
4212634
4213250
4213874
4214774
4214869
4215205
4216834
4221786
4221985
4222756
4223607
4223720
4224297
4225308
4226206
4227990
4232172
4233805
4234066
4238002
4238990
4240081
4241476
4242716
4244731
4244892
4246776
4247360
4247435
4254728
4254972
4257219
4258909
4259210
4259651
4260849
4261399
4262278
4263045
4263160
4263600
4263814
4264137
4264182
4264398
4264875
4265255
4266354
4267833
4268604
4268679
4269320
4270982
4271425
4271642
4272554
4273071
4274106
4275696
4277223
4277963
4278610
4279298
4280456
4280586
4281632
4281789
4282060
4282295
4283123
4284093
4284521
4284635
4285776
4290804
4290825
4293676
4294452
4295594
4295713
4295815
4296261
4296706
4299881
4300202
4300672
4301394
4301523
4301547
4302601
4303283
4304557
4304850
4305441
4305917
4306159
4306177
4306186
4306516
4307286
4308219
4309746
4309930
4310142
4311935
4312098
4313487
4314890
4316240
4318426
4318928
4319095
4320086
4320212
4322885
4326267
4327941
4329630
4330592
4331995
4332429
4332518
4333425
4334218
4334988
4336009
4337015
4338002
4342616
4342956
4345989
4347823
4349265
4349269
4349331
4350033
4350867
4351297
4352521
4354302
4355090
4359638
4359685
4361345
4362453
4362875
4363061
4363499
4364955
4365055
4365745
4366228
4366693
4367558
4367699
4369622
4370053
4370413
4372115
4372714
4372878
4373905
4373961
4374911
4375070
4376099
4381731
4383034
4383120
4383501
4383559
4383685
4384281
4385232
4387471
4387501
4387815
4388785
4389726
4389978
4389982
4390730
4391119
4393792
4394124
4395087
4399323
4399810
4400151
4400468
4402135
4402826
4402908
4403022
4403559
4404329
4405153
4407179
4408006
4408083
4411049
4412227
4413195
4414765
4415547
4416582
4417038
4417330
4418396
4419825
4419918
4420199
4420226
4420540
4420591
4421672
4423051
4423406
4423446
4424640
4425662
4426985
4427323
4431367
4432081
4432929
4433012
4433491
4434835
4437909
4439444
4440542
4441421
4441462
4441985
4446340
4446566
4450129
4451529
4451658
4451825
4452361
4455248
4456274
4456956
4457551
4457685
4458457
4459714
4460136
4460642
4464324
4465329
4465426
4468134
4470505
4471067
4472535
4473227
4473371
4473469
4473774
4473869
4474207
4476050
4476583
4480770
4481478
4481571
4482301
4482833
4484273
4485074
4485596
4488602
4489474
4492184
4493177
4493277
4494788
4496092
4496494
4496613
4498540
4499099
4499219
4499881
4500091
4500548
4503174
4503634
4504153
4504440
4504983
4507513
4510737
4512265
4513090
4514140
4514760
4515954
4518580
4518842
4520615
4520830
4520917
4521903
4522884
4524961
4530103
4532981
4533150
4533510
4534569
4539922
4540873
4541570
4542218
4542651
4543746
4543879
4545013
4546147
4547725
4548648
4550653
4551814
4552377
4552564
4553496
4553530
4554009
4554104
4557186
4557480
4561083
4565323
4569586
4569832
4570109
4571249
4574014
4575074
4576355
4577641
4577877
4579525
4583862
4584198
4584390
4584395
4584412
4588540
4589035
4589601
4591004
4591117
4591922
4591991
4594022
4594815
4595248
4596838
4600506
4601842
4603114
4605886
4607759
4607963
4608328
4608830
4609005
4609095
4611145
4611895
4612149
4612323
4615121
4616785
4617971
4618250
4618832
4619921
4619921
4623818
4624741
4625069
4626867
4628154
4628861
4630144
4630887
4631195
4635415
4636290
4636328
4637006
4638188
4638540
4639457
4643371
4644704
4644907
4647270
4647373
4647414
4648389
4651214
4652233
4653603
4655961
4656771
4657249
4657302
4657544
4658365
4659992
4661871
4664951
4665497
4665924
4667594
4669209
4669618
4670208
4670512
4670533
4670770
4670938
4671764
4675127
4676622
4678679
4679031
4680624
4681290
4684780
4687260
4687487
4687948
4688385
4689112
4689128
4689458
4689661
4690856
4691550
4691569
4693040
4693756
4694050
4695520
4697057
4697964
4700759
4701218
4702629
4703252
4704385
4704723
4705122
4707181
4707945
4708653
4709455
4714010
4715183
4715775
4716232
4716827
4717499
4718385
4718502
4719026
4719604
4720395
4720676
4721117
4721381
4721996
4722194
4723730
4724951
4725657
4726784
4726941
4728098
4730446
4730684
4730874
4730934
4731150
4733014
4733328
4734160
4735008
4735171
4735549
4736630
4736906
4737260
4738709
4738751
4741166
4743564
4745329
4746484
4747667
4748890
4748997
4749309
4752901
4757378
4761011
4761162
4761300
4762587
4765053
4768743
4769719
4770808
4774506
4776452
4776981
4777163
4777368
4778299
4778700
4780180
4781688
4782625
4782969
4787794
4789430
4789739
4790327
4792427
4792907
4792977
4793528
4793793
4793965
4797211
4804031
4804095
4804785
4806586
4807237
4808356
4808514
4809883
4810526
4811857
4813217
4814491
4815471
4816840
4816963
4817400
4817524
4819822
4821511
4822178
4823170
4823192
4823586
4826835
4826840
4827200
4828091
4832640
4834706
4837441
4838107
4839375
4839393
4840205
4840272
4841925
4841944
4842921
4843210
4843467
4843690
4845703
4845794
4846264
4846549
4846815
4846815
4846951
4847721
4853767
4854147
4854692
4857189
4858239
4858775
4858938
4859308
4859311
4859563
4860029
4860163
4862254
4863372
4864828
4866277
4868729
4869144
4869996
4871201
4872566
4872857
4873894
4875200
4876429
4877104
4877961
4878353
4880425
4881129
4882352
4885728
4886179
4886296
4891104
4892188
4893032
4893936
4894224
4895107
4895664
4897175
4898572
4898858
4899150
4899583
4900049
4900584
4901027
4903546
4903831
4904599
4905120
4909831
4910007
4911497
4912605
4912714
4914446
4915370
4918364
4919405
4919763
4920205
4920978
4922289
4923338
4923899
4924166
4924369
4925677
4926185
4929330
4930922
4931936
4933771
4934713
4935243
4936410
4936717
4937329
4938839
4942250
4942792
4942866
4943454
4945591
4945620
4945709
4946221
4946400
4949546
4951432
4953070
4953824
4954243
4955683
4957695
4961954
4965483
4967078
4967314
4969006
4969313
4972853
4974894
4975425
4977308
4977757
4979266
4982135
4984706
4985469
4987307
4988247
4988571
4989631
4990842
4991080
4991680
4995724
4995922
4996230
4997663
4997932
4999004
5000206
5001451
5001475
5001971
5003314
5006009
5006170
5006386
5006436
5009177
5009486
5011005
5011821
5012402
5012440
5014110
5014502
5014865
5014982
5015849
5016184
5016711
5018904
5020413
5022094
5022993
5023066
5025641
5025898
5026439
5027491
5027720
5028184
5029323
5029326
5029545
5030361
5032102
5032179
5033204
5034324
5037605
5038150
5038702
5038716
5038967
5042515
5042669
5042779
5042966
5044011
5044163
5045984
5046551
5048677
5049155
5050893
5051049
5054138
5055629
5058548
5060511
5060827
5060851
5061430
5062691
5066274
5067186
5067315
5071030
5071621
5072171
5072860
5074338
5074653
5075139
5075509
5077451
5077665
5080733
5080743
5081037
5081349
5081919
5083707
5083733
5084422
5086189
5086542
5086745
5087134
5087715
5087781
5089145
5090593
5091620
5093558
5097517
5098380
5100799
5100986
5101334
5101381
5103649
5106727
5106876
5107181
5107635
5107919
5108469
5114271
5114553
5118005
5118017
5118587
5118922
5121954
5123618
5124180
5124351
5125308
5127208
5127620
5127871
5128629
5128928
5129996
5131317
5132295
5134352
5135489
5135644
5138099
5138934
5139099
5140860
5140929
5141044
5141859
5142323
5143510
5144078
5144112
5144500
5146703
5151519
5152461
5154321
5155577
5156655
5157903
5160459
5161241
5161475
5161479
5163970
5164610
5164899
5166961
5168121
5168654
5168777
5169265
5169766
5171345
5173609
5173681
5173921
5174492
5175747
5176213
5177164
5178004
5178227
5180212
5180363
5181205
5181964
5182242
5183336
5183522
5183637
5183796
5183985
5184026
5185294
5190897
5191515
5193375
5193605
5194054
5195183
5195318
5196479
5197966
5198132
5198381
5198866
5199756
5199879
5199993
5200133
5200495
5201940
5202444
5203373
5205196
5207528
5207769
5208204
5209440
5209900
5210135
5212375
5214084
5214140
5214187
5217476
5217566
5219458
5219512
5220086
5221524
5223400
5224363
5225414
5226391
5227672
5228644
5229699
5229828
5229901
5230078
5230354
5231791
5232684
5232734
5232998
5236744
5237704
5238813
5239385
5239390
5240382
5243619
5244969
5246384
5246499
5247428
5247880
5248355
5251871
5251966
5252225
5253650
5254255
5254432
5259816
5261897
5262177
5262620
5266700
5269581
5269866
5270482
5271444
5271678
5273654
5275122
5275504
5275802
5275864
5276745
5277663
5277898
5278779
5279262
5279559
5280181
5280332
5280883
5281148
5282660
5282997
5284792
5285670
5286308
5286680
5287932
5289083
5289816
5291059
5291709
5292462
5295843
5296149
5296217
5296296
5296459
5297362
5297705
5300354
5301305
5302322
5302374
5303085
5303205
5306546
5309211
5309680
5310727
5311252
5311428
5311500
5313649
5314773
5317178
5318778
5319309
5320117
5320187
5321111
5323614
5323896
5324007
5324291
5325352
5325639
5326976
5327976
5328074
5328132
5328207
5328673
5329175
5329639
5329808
5330393
5333024
5333639
5334801
5336443
5337438
5338267
5341347
5341805
5341915
5345889
5345921
5346599
5347493
5347787
5348200
5349447
5350057
5351679
5351770
5352122
5352378
5353598
5354741
5355150
5355604
5358199
5359112
5359320
5359327
5361156
5362070
5363917
5364225
5364785
5364841
5364904
5364989
5365027
5365415
5366006
5366563
5367791
5368533
5368578
5370974
5371278
5371280
5371910
5373982
5374080
5374333
5374406
5375230
5377358
5377533
5377852
5378757
5379096
5380389
5380747
5382655
5382820
5382954
5384888
5386349
5386820
5389121
5389492
5390050
5390669
5391807
5392624
5393152
5395682
5396178
5396672
5396801
5397037
5397490
5397551
5397650
5399682
5399799
5400997
5403103
5404412
5404776
5405711
5408254
5409281
5409417
5409950
5410226
5411683
5413104
5413240
5414002
5415215
5415874
5417928
5420475
5420567
5421421
5422391
5423948
5424925
5427542
5427975
5428056
5430268
5430758
5431242
5431569
5432128
5433115
5435893
5437311
5437319
5437947
5438859
5439484
5440522
5441605
5441807
5442168
5445854
5447721
5447875
5452558
5452646
5453469
5453717
5454042
5455471
5456215
5457573
5457636
5457852
5461251
5463164
5464139
5464497
5464792
5465441
5467043
5467632
5467961
5470259
5471643
5471973
5472466
5473976
5474171
5474636
5477176
5477921
5477921
5478041
5478242
5478316
5478880
5479744
5480242
5480356
5480922
5481641
5481666
5482824
5488422
5488755
5490355
5491058
5491592
5494398
5494700
5495072
5497182
5497420
5497473
5498132
5498544
5499064
5500923
5501877
5502963
5503457
5503539
5504425
5507018
5507292
5510115
5511078
5511613
5512850
5513674
5514745
5514792
5519066
5519679
5520872
5520886
5523534
5524328
5525186
5526362
5526386
5528823
5528845
5529356
5531068
5531679
5533862
5535820
5537363
5539825
5543529
5544659
5545584
5545696
5546126
5546325
5546954
5548177
5548482
5550476
5550720
5551929
5553716
5555418
5556431
5556840
5557290
5558008
5559256
5559897
5560441
5560695
5562410
5563431
5564227
5564440
5565625
5567031
5568524
5569076
5570378
5573867
5574116
5574576
5575222
5576675
5580983
5581988
5582389
5583343
5583463
5583565
5584609
5585462
5585684
5585927
5586260
5589592
5589609
5591062
5592961
5594148
5594242
5594314
5594695
5595067
5595736
5595991
5596027
5596233
5596788
5597559
5598215
5599846
5599936
5600661
5601231
5601787
5602533
5603800
5604167
5604195
5604865
5605762
5608142
5608434
5608881
5609627
5616142
5617190
5617777
5619442
5619940
5621806
5623034
5624045
5625574
5625915
5627702
5628855
5630367
5630539
5633502
5633520
5633842
5634350
5634602
5635103
5636743
5637359
5638546
5640129
5640362
5642795
5643109
5644235
5645207
5645332
5645342
5645436
5646378
5646542
5646574
5647598
5650969
5652257
5652317
5652795
5652948
5654016
5654846
5655078
5655708
5656188
5656242
5656519
5657991
5658940
5659915
5661807
5662859
5663241
5664364
5664616
5664960
5666697
5668258
5668773
5669450
5669578
5670210
5670240
5671870
5672158
5674049
5674126
5675374
5675386
5676754
5676811
5676959
5677119
5678172
5679630
5679712
5681639
5682745
5683652
5685896
5686500
5688991
5690109
5692682
5693110
5693386
5694798
5694815
5697614
5698351
5699662
5699976
5700660
5701372
5702309
5702687
5703683
5703713
5704116
5707077
5708136
5709878
5710151
5710512
5711557
5711714
5711920
5712186
5713772
5713825
5714558
5714652
5716126
5719085
5720262
5720857
5720997
5721613
5722566
5728142
5729807
5731759
5732726
5732938
5733942
5733960
5735106
5738815
5738824
5738952
5739911
5740953
5741992
5742209
5742333
5744316
5745714
5746083
5746270
5746377
5746446
5747126
5748090
5748689
5748910
5749071
5749253
5749451
5749698
5750037
5751083
5755545
5755696
5756677
5757722
5761425
5761433
5761438
5762654
5764710
5764931
5766143
5767269
5768620
5769819
5770244
5771300
5772059
5772829
5772847
5773845
5774027
5774328
5774927
5779325
5779744
5779986
5781143
5782800
5783890
5783902
5784017
5784345
5785818
5786289
5788330
5788530
5789002
5789374
5789466
5790109
5790940
5791639
5792306
5792707
5795012
5796083
5796665
5797525
5797531
5798333
5800600
5800890
5801533
5801656
5801776
5808511
5810716
5811821
5813246
5813429
5816916
5817787
5818944
5819834
5821287
5821689
5825203
5825706
5828866
5831282
5831484
5831779
5832031
5832498
5832669
5833097
5833598
5833747
5834226
5835619
5836088
5836813
5839477
5839710
5840937
5841298
5844459
5844938
5845706
5846162
5847327
5848021
5848856
5849322
5850985
5851601
5852924
5853039
5853085
5856181
5856690
5856696
5858053
5858105
5860675
5861323
5861395
5862698
5863387
5863582
5864525
5865049
5865294
5867352
5867942
5868284
5868862
5869190
5870623
5871334
5872184
5875267
5875425
5875936
5877409
5879150
5879821
5881338
5881343
5882440
5882630
5882789
5883099
5884545
5885155
5886126
5889100
5889219
5889852
5890701
5892609
5893834
5895433
5895516
5895518
5895559
5895708
5896179
5896264
5896826
5896932
5902162
5909723
5910904
5911981
5915080
5916503
5917167
5917336
5917952
5918208
5918494
5919060
5920040
5920402
5921277
5922473
5922692
5923579
5925576
5926385
5926885
5928805
5930395
5930705
5932217
5932331
5932383
5935160
5935195
5935894
5936673
5937035
5938521
5939208
5940739
5941492
5942323
5942603
5946345
5949105
5950366
5952768
5953174
5954361
5954556
5954808
5955285
5956246
5956392
5957107
5957875
5957961
5958362
5962708
5963293
5963706
5966394
5969374
5969794
5969874
5972335
5972611
5972971
5975198
5975218
5975828
5976486
5977906
5979051
5979166
5980211
5980406
5980898
5981406
5982037
5982776
5985857
5986487
5986528
5986675
5987701
5988302
5988712
5988781
5991891
5995160
5995747
5998553
5998944
6000178
6000668
6000703
6000724
6000813
6004289
6004509
6006864
6007365
6007946
6009758
6012167
6012614
6014787
6014976
6016786
6017904
6018610
6018659
6018893
6020230
6020648
6020728
6021733
6021756
6021820
6022317
6022508
6023283
6024482
6024838
6025983
6026002
6029072
6032370
6034223
6035286
6035296
6035802
6037902
6041583
6042403
6042987
6044692
6044976
6045866
6046696
6047329
6049335
6050472
6050670
6055396
6056582
6056723
6059424
6067960
6069513
6070195
6070439
6070830
6070976
6071142
6072365
6073757
6074678
6075929
6076140
6077311
6077327
6077677
6077837
6078996
6080069
6080104
6080353
6081755
6082520
6082549
6083967
6084766
6084815
6085078
6086393
6086393
6086701
6087489
6088372
6093138
6093455
6093689
6093705
6094873
6095423
6099230
6100053
6101435
6101499
6101737
6102241
6102482
6102712
6102991
6103814
6106795
6107630
6108025
6109021
6113677
6114082
6115142
6116383
6118499
6118882
6119591
6119988
6120229
6123002
6124703
6125423
6125671
6127173
6127804
6128005
6128015
6129952
6130863
6131032
6132701
6133365
6134639
6135202
6135448
6135711
6135781
6137438
6141207
6141602
6141938
6142374
6142453
6142975
6145442
6146012
6146055
6147408
6149117
6149666
6150957
6151015
6151018
6151277
6151326
6151834
6152126
6152872
6153015
6153302
6155097
6155565
6155910
6156742
6157931
6158275
6162410
6166465
6167231
6167881
6168895
6170495
6174466
6175505
6175532
6175995
6178496
6180797
6181818
6182296
6183085
6183433
6184438
6185138
6185535
6189173
6190647
6192018
6192778
6193774
6194283
6195113
6197892
6200061
6200116
6201008
6202325
6204773
6204961
6205401
6206163
6206922
6208767
6209623
6209889
6211184
6212750
6212900
6213285
6213930
6215875
6216936
6217309
6218331
6218398
6222532
6223358
6224814
6225410
6225454
6226511
6226957
6228961
6230465
6233339
6233413
6233436
6235657
6236187
6236981
6237990
6239027
6240049
6243001
6243187
6243506
6246720
6247833
6247906
6248831
6249231
6249569
6250097
6250208
6252301
6254134
6255017
6255026
6258132
6259507
6259701
6259726
6261845
6263302
6263305
6263729
6264380
6266306
6269987
6272141
6272443
6273811
6274028
6275098
6275453
6276025
6279739
6281712
6281964
6282099
6283323
6283343
6285826
6287776
6288201
6288270
6288534
6288770
6289616
6292400
6294384
6295189
6295757
6295774
6296510
6296670
6297161
6299781
6300761
6301491
6303350
6304589
6304815
6305493
6307613
6310363
6311903
6312746
6314047
6315025
6315155
6315455
6316640
6317275
6317613
6318562
6321821
6322889
6323270
6324099
6324845
6325716
6326162
6326218
6327544
6331603
6331893
6331960
6332919
6333410
6334993
6335362
6336316
6339075
6340655
6341953
6342996
6346425
6347835
6347937
6348104
6349956
6351225
6352857
6353079
6353700
6353763
6354939
6356308
6357129
6357695
6357746
6358335
6358741
6360566
6361107
6361426
6362761
6364552
6365662
6367952
6368516
6368885
6369413
6369857
6371064
6372746
6374143
6375731
6377641
6378517
6379120
6381129
6381914
6382475
6383051
6383052
6383665
6384058
6384289
6384324
6385227
6387040
6387588
6388624
6388948
6389358
6390672
6391683
6393615
6395525
6395728
6396084
6397237
6397262
6397283
6398773
6401704
6403431
6403657
6404342
6404749
6404776
6405597
6408329
6409861
6411610
6411882
6412261
6412832
6412916
6414409
6414466
6415766
6416829
6417344
6417546
6419696
6421467
6421991
6422863
6423520
6423721
6423767
6424040
6424845
6425017
6425186
6425279
6425288
6426915
6427401
6428426
6429677
6430330
6431108
6431163
6431619
6431964
6432109
6435526
6435529
6435921
6436504
6436901
6439975
6440359
6440477
6441175
6441317
6441984
6443139
6445402
6445997
6447759
6449172
6451577
6451683
6453523
6454994
6455337
6456704
6456841
6457547
6457874
6459341
6461946
6462180
6463725
6464794
6466086
6468633
6469560
6469802
6469897
6469982
6470566
6471767
6472782
6474669
6475358
6475590
6476985
6477671
6480152
6480188
6480648
6481129
6481326
6481906
6482279
6482873
6482911
6483770
6484937
6488885
6491035
6491374
6491614
6497731
6500547
6500700
6501600
6502055
6505192
6506268
6508018
6508946
6509316
6509485
6510066
6510597
6511575
6514274
6514360
6515199
6516283
6516330
6516788
6523788
6526326
6526532
6527085
6527284
6530665
6531215
6531326
6531408
6533120
6535117
6535728
6536522
6536791
6538535
6539400
6541226
6541354
6541872
6542806
6543046
6544019
6544918
6546212
6546823
6548207
6550233
6550650
6550660
6552551
6553451
6553656
6555004
6558397
6561077
6563221
6563658
6564083
6565107
6565272
6565483
6566003
6568942
6569887
6570761
6573353
6574004
6574122
6574292
6574727
6575131
6575943
6576400
6576452
6577320
6577506
6579127
6579834
6580907
6580919
6580999
6582120
6585336
6586396
6586645
6587116
6587120
6587230
6587480
6589103
6590168
6590171
6591024
6595346
6596515
6597792
6598593
6599579
6600547
6600878
6602874
6604065
6609825
6609852
6613531
6614522
6614661
6616568
6616589
6616625
6617166
6617555
6622546
6623401
6623934
6624974
6626036
6626514
6626555
6628614
6629040
6632126
6632200
6632234
6632734
6634669
6635574
6636819
6638800
6640056
6640537
6641178
6641804
6643047
6643522
6644114
6646092
6646128
6646651
6646863
6647179
6647357
6647511
6648447
6648994
6651925
6653039
6653497
6654027
6655188
6655218
6655855
6658214
6658459
6659140
6662261
6665553
6665741
6666286
6666431
6667490
6669410
6669411
6670087
6670577
6671662
6673134
6674036
6674301
6674906
6675044
6677401
6678273
6683577
6684881
6686127
6687604
6688838
6690794
6691867
6694620
6694709
6695350
6696846
6697244
6697565
6698137
6699258
6699696
6699776
6700396
6700533
6702981
6703767
6704001
6704156
6706979
6707828
6707882
6708212
6708246
6709712
6710717
6711463
6713484
6714760
6715620
6717736
6720408
6721795
6723859
6724220
6725607
6725681
6726453
6730597
6731845
6732899
6735365
6735625
6735904
6736106
6736638
6736880
6738317
6738479
6740218
6741620
6741706
6742277
6743832
6744018
6744022
6744417
6746061
6746644
6747431
6747594
6748023
6755375
6758315
6759593
6760655
6761472
6763308
6765653
6765887
6765980
6766197
6766242
6769014
6769109
6770665
6772149
6772874
6774931
6777633
6777795
6778240
6778299
6778330
6778362
6778918
6779233
6779915
6781079
6781319
6781588
6785033
6785070
6785951
6788861
6789046
6791980
6793446
6794589
6794728
6794888
6795440
6797402
6797973
6798801
6799112
6799412
6799679
6801009
6802647
6802855
6803719
6804578
6804861
6805378
6805684
6807600
6808233
6812084
6814624
6816155
6818387
6820001
6821746
6823004
6823103
6824565
6825477
6825866
6826267
6828088
6828384
6829516
6830394
6830616
6830971
6832709
6834549
6834625
6836417
6837510
6840739
6841035
6841228
6842541
6842590
6843116
6847839
6848214
6849130
6849928
6850312
6851233
6853460
6855601
6856366
6856767
6858898
6859073
6859307
6861581
6862492
6863491
6863674
6864821
6865876
6867028
6867158
6868075
6869823
6870436
6873182
6874657
6875492
6876375
6876460
6876848
6877941
6878837
6879311
6880473
6880797
6880859
6885284
6885600
6888066
6888796
6889830
6890078
6892259
6893029
6893781
6894364
6895601
6895962
6896598
6901219
6901693
6902026
6902164
6903900
6905476
6907756
6908170
6909314
6909630
6909750
6910468
6910922
6911104
6911293
6911699
6912604
6914838
6915734
6917037
6918456
6918488
6918578
6919455
6919741
6920497
6921742
6922942
6924615
6924897
6924979
6926198
6926520
6927025
6927550
6928602
6928839
6931921
6934889
6935505
6936590
6938075
6938143
6938749
6939944
6940243
6940806
6941180
6941897
6943362
6944505
6944970
6949030
6949390
6949536
6950562
6951276
6951638
6951680
6951790
6952585
6953458
6954007
6954025
6954964
6955594
6958119
6958484
6959137
6959312
6961149
6962030
6963445
6965824
6973371
6973758
6976001
6976132
6977610
6979457
6979713
6979770
6979957
6981043
6981858
6984701
6985736
6989091
6989770
6989800
6990482
6991203
6991481
6991741
6991983
6996493
6997917
6998478
7000441
7001160
7002041
7002095
7002268
7003789
7006532
7007673
7009343
7009622
7010368
7010838
7011170
7011271
7011602
7012029
7012393
7012499
7012958
7014742
7016873
7016899
7017041
7017727
7018366
7019932
7022463
7022611
7023081
7023141
7025538
7025669
7026572
7026726
7027073
7027207
7028017
7028162
7028452
7028452
7029337
7030200
7030955
7031639
7031834
7032532
7033025
7033687
7037664
7037754
7038562
7040333
7045867
7046640
7047149
7047175
7047510
7049046
7049836
7050002
7050460
7052302
7052313
7053075
7053236
7053270
7054711
7055585
7055624
7055669
7056260
7056506
7057581
7058586
7059437
7061460
7062096
7062293
7064605
7065985
7066978
7067105
7068620
7069134
7069640
7071464
7072119
7072369
7073228
7073260
7075746
7075788
7075958
7076482
7078267
7078486
7079792
7080971
7082042
7082832
7083789
7083869
7084493
7086018
7086888
7087659
7088343
7090303
7090629
7091413
7092811
7094193
7095214
7097638
7098592
7099412
7099415
7100488
7101070
7101882
7102967
7104487
7104964
7105264
7107083
7107253
7108930
7111750
7111860
7113494
7113971
7114015
7114213
7115754
7116026
7117259
7118302
7118992
7119542
7119953
7120301
7121349
7121737
7124153
7124648
7126507
7127616
7129837
7129868
7130686
7131262
7131894
7131949
7132610
7134322
7134325
7134442
7136161
7140298
7140498
7140769
7143459
7144354
7145575
7147645
7148663
7149662
7149979
7150502
7151523
7152198
7152481
7154860
7154979
7156023
7156102
7158366
7158980
7163725
7163944
7164933
7165210
7166122
7166273
7169373
7172109
7173461
7175225
7175776
7175790
7179366
7179876
7181934
7183520
7183850
7184167
7184828
7185226
7186287
7188080
7188839
7189836
7191775
7195654
7197746
7199185
7199364
7200358
7201483
7203066
7205770
7206548
7209741
7210196
7211167
7212212
7213340
7213978
7214593
7215216
7216540
7216971
7217793
7219289
7221795
7222471
7222493
7222527
7223207
7225585
7232402
7232558
7233547
7233909
7234499
7234702
7235602
7235904
7236792
7238005
7238353
7239096
7242128
7242305
7242319
7243513
7244059
7244880
7246598
7248154
7248912
7249012
7249121
7249650
7250982
7251121
7251388
7252286
7254818
7255164
7255363
7256736
7256760
7258568
7259883
7260439
7262527
7263114
7266653
7267521
7269938
7272100
7272844
7274452
7274639
7276967
7278085
7278715
7279579
7280394
7280940
7282772
7282919
7283189
7283914
7284377
7285515
7286709
7287109
7288067
7289573
7289759
7291250
7292856
7293647
7294334
7295479
7295775
7299098
7300073
7300653
7300726
7300901
7301059
7302013
7303694
7304701
7305691
7306601
7307520
7307831
7308932
7309075
7311267
7312158
7312941
7314492
7315044
7316976
7317049
7317600
7318174
7319251
7319323
7321402
7321496
7322152
7323198
7323611
7325506
7325759
7325926
7327740
7328470
7328812
7329683
7330454
7331275
7331573
7331620
7332111
7334114
7335191
7335433
7335941
7337570
7337669
7337671
7339974
7340292
7340350
7340832
7342928
7343849
7344751
7344855
7345126
7345807
7349100
7350490
7352201
7353136
7353453
7354151
7354351
7354659
7356446
7357589
7357916
7358995
7359217
7359409
7361250
7364322
7365524
7368051
7370283
7371248
7373083
7373622
7374890
7375592
7376086
7376491
7376702
7378135
7379463
7379532
7380963
7381482
7381636
7382475
7383405
7384072
7386768
7387230
7387848
7388696
7390005
7390059
7390087
7390593
7393264
7395780
7400124
7400224
7401047
7403829
7406607
7407235
7407375
7411181
7412781
7414208
7415067
7416702
7417352
7419646
7421021
7422283
7422791
7423409
7424618
7425018
7425332
7427018
7427207
7427720
7428389
7428392
7428439
7431261
7431418
7432236
7432306
7435199
7436903
7438771
7440388
7440746
7442085
7443302
7443356
7444039
7444313
7445304
7445419
7447426
7450461
7453782
7457330
7458503
7459920
7460270
7461016
7461414
7462464
7464123
7465746
7465941
7466448
7468952
7469339
7469630
7472081
7474378
7474765
7475256
7475844
7478072
7479198
7480081
7480222
7480641
7481807
7482870
7483544
7484048
7485995
7487985
7488117
7490264
7490487
7492447
7492584
7495804
7496638
7497431
7499842
7500260
7501728
7502085
7502174
7504513
7504832
7505787
7508913
7513602
7514535
7516654
7517797
7520424
7520834
7522175
7522426
7523887
7524727
7526245
7527984
7528695
7528961
7528973
7530773
7531311
7531371
7531822
7532258
7533629
7534408
7535932
7537336
7537669
7537807
7538174
7538378
7540881
7541043
7544588
7544892
7545127
7545313
7545618
7546354
7547215
7548623
7549020
7549576
7550068
7550657
7551031
7552043
7553335
7554648
7556600
7557113
7557665
7558229
7562888
7563369
7563498
7563802
7563866
7565699
7567321
7568464
7568846
7568878
7569186
7569760
7570567
7570741
7571063
7573718
7575317
7577306
7577863
7579065
7580876
7581150
7581240
7582381
7582405
7582504
7583100
7583504
7583692
7583773
7585155
7586523
7586730
7594450
7603019
7603108
7604398
7606918
7608088
7608101
7608726
7609098
7610106
7610864
7612131
7612197
7616533
7622355
7624209
7624480
7625556
7627048
7627112
7627769
7628069
7629876
7629884
7630004
7630913
7631208
7634429
7636091
7637455
7638702
7639859
7640298
7640567
7641310
7641507
7644147
7644324
7644572
7644603
7644635
7645798
7647346
7647622
7649507
7650286
7652349
7652716
7653547
7656141
7656655
7657133
7659180
7659277
7661047
7661144
7662615
7663816
7664518
7666226
7667427
7670395
7670836
7671289
7672579
7674445
7676094
7676991
7677983
7678325
7678383
7678844
7680220
7680918
7681772
7682359
7685531
7689931
7690047
7690541
7691482
7693116
7693321
7694672
7695685
7696004
7696969
7698621
7698633
7698753
7701557
7705067
7706512
7708118
7708430
7709904
7711708
7712486
7712902
7713656
7714123
7716687
7717606
7718038
7718274
7722381
7723748
7725062
7726105
7727414
7727454
7728871
7731601
7733543
7734808
7736278
7736851
7737196
7739040
7739168
7739344
7740578
7740989
7741484
7741985
7743329
7744834
7745030
7745526
7747114
7747339
7747981
7748450
7748899
7748944
7750045
7751412
7752565
7752858
7753483
7753528
7754044
7754113
7755497
7756690
7757090
7757540
7757704
7758159
7759610
7760092
7760114
7760923
7761301
7761796
7762578
7763955
7767753
7769712
7771746
7772007
7772356
7772965
7773009
7774012
7775126
7775981
7776698
7777028
7779210
7785206
7787566
7787928
7788356
7788754
7791565
7792571
7793079
7793980
7795288
7795395
7796540
7798002
7798460
7798506
7799753
7800709
7801361
7801500
7803300
7807768
7807836
7810170
7813270
7814465
7814773
7814805
7816457
7817929
7818333
7819069
7819419
7822474
7825089
7826220
7827582
7828931
7829490
7832524
7837485
7840833
7841627
7842192
7842326
7842488
7843453
7844430
7844592
7846317
7846393
7847195
7847223
7849136
7852056
7852083
7852165
7852667
7853742
7854531
7854988
7856297
7858789
7859071
7859844
7860483
7861246
7861656
7862967
7863021
7863289
7865425
7866741
7867063
7867108
7867156
7867592
7870736
7871156
7871180
7871275
7871699
7872304
7873408
7873701
7873856
7876259
7877335
7878459
7879579
7880517
7881220
7881339
7881588
7881735
7882941
7884121
7884246
7884842
7887336
7889237
7889516
7889573
7889587
7891172
7891280
7891768
7891772
7892455
7892840
7897398
7897693
7899914
7900797
7901221
7901874
7902218
7902314
7902780
7902918
7903161
7903190
7904459
7907074
7911015
7911868
7912877
7913930
7914112
7914141
7914371
7915574
7915621
7916762
7917490
7917748
7918555
7918928
7919172
7920288
7920379
7922388
7922937
7923321
7927547
7929619
7931324
7931420
7932029
7932298
7933510
7934579
7938624
7938674
7939411
7939704
7939719
7939927
7940614
7941112
7942381
7944203
7944735
7944837
7946219
7946915
7947619
7947677
7947977
7949642
7949757
7951488
7952690
7952904
7955822
7957318
7958158
7958235
7958300
7960526
7961304
7961545
7961859
7963302
7963465
7963687
7967713
7967743
7969706
7971355
7971675
7973267
7973272
7975035
7975443
7979208
7979223
7979973
7980929
7982788
7983956
7984889
7987024
7987788
7988159
7988632
7990364
7991120
7991948
7992017
7994639
7998734
7999085
7999294
7999610
8000274
8001045
8001809
8002897
8003250
8004120
8005796
8007232
8011240
8012159
8013268
8013807
8014206
8016001
8017440
8017679
8019587
8020328
8021412
8021871
8023169
8023569
8024973
8025042
8030636
8031356
8032681
8033846
8034796
8035525
8035744
8035840
8036017
8036230
8036713
8036730
8037720
8038844
8039187
8040019
8040248
8040453
8040635
8041123
8041191
8041555
8041672
8042688
8042998
8043380
8043481
8043883
8045566
8046156
8048223
8049186
8050004
8050442
8050905
8051722
8051881
8053856
8054139
8055487
8055840
8060447
8060468
8061375
8062213
8063696
8064506
8064622
8064651
8066073
8068504
8068707
8069779
8069843
8071339
8072271
8075988
8077532
8077689
8078579
8079008
8079514
8080073
8080121
8080279
8081062
8081119
8083141
8087544
8087827
8088681
8088719
8089635
8089820
8089865
8089958
8090863
8091575
8093916
8094885
8097278
8097808
8098177
8098919
8099049
8100035
8100227
8100676
8102028
8103050
8104009
8104868
8105665
8106119
8107175
8108582
8108756
8108847
8110580
8110876
8112705
8114164
8114413
8114883
8115529
8115582
8115673
8116857
8117479
8120112
8120767
8120975
8121587
8122265
8122423
8122853
8123178
8124116
8124588
8128181
8128768
8128993
8131118
8133701
8135433
8136121
8136467
8136936
8137627
8138590
8139146
8139717
8140266
8141707
8142784
8146078
8146650
8147297
8147534
8149066
8150537
8150952
8151227
8151236
8151237
8151255
8151316
8151330
8152549
8153338
8153431
8154672
8155666
8155824
8156854
8157761
8157954
8158050
8158264
8159231
8162298
8163015
8164876
8165451
8165593
8166294
8167816
8169177
8169648
8171375
8172572
8173365
8173515
8175585
8176241
8178071
8184013
8184225
8184525
8186235
8186784
8187535
8188035
8191228
8194298
8194576
8195392
8196177
8196494
8198172
8198312
8198515
8199235
8199530
8200711
8203108
8203199
8203701
8203945
8204461
8204638
8205057
8205561
8206677
8207870
8209360
8209704
8211589
8213155
8216655
8218921
8220666
8222825
8223555
8224220
8225090
8225439
8225491
8226410
8226858
8229667
8236604
8239729
8240011
8240613
8241532
8241820
8242140
8242774
8243955
8244841
8246627
8247223
8247707
8248384
8248904
8249193
8249426
8249592
8249950
8252164
8252659
8253203
8253720
8253924
8253969
8254732
8256277
8257275
8259980
8260031
8260376
8261832
8262633
8263280
8263999
8265647
8268007
8268281
8268534
8270606
8270696
8270972
8271441
8273524
8273742
8274233
8275341
8276528
8278440
8278463
8278846
8280901
8282852
8282988
8283864
8287433
8287818
8288014
8288401
8289345
8289429
8289879
8290164
8291677
8292154
8293237
8293259
8293520
8294274
8294415
8296512
8297073
8297205
8298119
8298910
8300618
8300907
8302962
8306288
8306819
8307368
8309119
8310205
8312227
8314868
8318025
8319485
8320407
8320514
8321263
8321969
8322783
8323839
8323953
8324593
8325047
8326808
8327911
8328577
8329514
8329693
8330209
8331199
8331729
8339499
8339796
8340279
8344437
8346199
8346614
8348201
8349631
8350550
8350988
8351435
8352281
8352443
8356044
8356715
8356811
8357475
8359644
8360320
8361476
8361706
8362224
8364805
8365671
8366586
8368538
8369105
8369842
8370168
8370187
8371036
8373074
8373784
8374181
8374938
8375737
8376852
8380054
8381085
8381398
8382651
8384846
8386644
8387856
8388933
8389029
8389746
8390386
8390780
8391355
8392287
8392377
8392580
8392970
8393119
8394186
8394807
8394828
8396918
8397246
8398262
8399842
8400837
8401023
8401925
8402294
8403083
8403100
8403809
8406285
8407713
8408687
8409094
8409617
8409870
8410422
8410448
8411026
8411227
8411568
8412133
8412486
8413759
8414254
8414362
8415254
8416097
8416521
8417292
8417586
8417651
8420978
8421015
8421055
8421409
8422069
8422108
8422503
8426435
8427355
8427514
8427690
8428406
8428529
8429997
8430769
8431133
8432157
8432407
8432754
8435005
8436889
8438143
8438662
8439140
8439744
8441085
8441272
8442425
8443172
8446378
8446534
8446879
8448804
8449503
8449704
8449773
8450568
8451532
8452265
8454463
8455830
8458138
8459592
8460181
8460746
8461997
8462301
8462824
8463106
8465505
8465514
8466354
8469841
8470243
8470620
8472257
8472279
8473400
8473451
8475138
8475787
8477233
8477264
8477496
8477537
8479349
8479372
8479535
8479545
8479631
8480786
8481200
8484494
8489752
8489834
8491215
8491457
8493129
8495169
8496144
8496446
8499846
8500869
8501512
8502021
8502219
8502589
8506440
8510523
8512363
8513636
8514826
8515087
8515088
8516105
8516121
8517048
8518121
8519739
8520698
8521676
8523060
8523292
8523478
8523586
8523909
8524754
8525000
8525518
8528582
8529896
8530432
8530666
8531104
8532165
8532887
8533734
8533884
8534576
8534975
8535238
8535639
8536193
8536261
8536283
8536769
8538270
8538514
8539951
8540957
8541283
8541342
8542291
8543650
8544139
8544542
8544651
8546248
8546623
8546664
8548395
8548789
8549405
8551083
8552034
8553459
8554025
8554148
8555741
8558042
8558286
8558445
8559580
8560915
8560974
8562564
8564553
8565062
8566709
8566846
8567036
8569024
8571174
8571283
8572382
8575435
8576211
8578919
8580718
8582177
8582327
8582879
8583121
8583411
8583476
8587656
8588102
8588431
8589305
8589693
8589901
8595031
8596402
8597276
8597324
8598393
8603280
8605179
8605228
8605945
8606231
8606739
8607705
8608406
8608511
8609485
8610081
8610831
8613551
8613923
8614650
8619200
8620503
8621519
8623813
8625505
8626743
8627487
8627726
8629020
8631319
8631667
8632616
8633587
8633826
8634312
8634408
8634892
8635179
8635585
8638638
8638782
8638828
8639468
8639486
8640598
8643752
8643932
8644834
8647349
8648792
8648938
8651071
8651713
8652099
8652142
8652211
8652298
8653922
8656837
8658639
8658937
8660026
8660121
8660263
8661233
8661438
8663178
8663465
8664108
8664647
8664970
8666573
8667224
8667400
8667456
8668030
8668288
8669410
8670194
8670744
8672578
8672717
8673364
8673565
8673698
8673914
8674109
8674949
8676678
8678543
8678819
8679779
8680475
8681067
8681479
8682722
8682776
8684390
8686201
8686423
8687165
8688952
8689089
8689204
8689526
8689765
8690155
8690188
8690574
8692828
8694643
8695500
8697307
8698184
8700636
8701581
8702160
8702899
8705132
8707633
8707896
8708437
8709497
8710348
8710915
8713027
8714740
8714758
8715403
8717444
8717737
8719821
8720172
8720266
8721878
8723584
8724742
8725108
8725333
8726070
8728116
8728948
8730660
8730771
8731513
8731607
8732744
8733640
8735542
8735841
8737675
8738415
8739009
8741341
8741703
8742720
8744347
8744819
8745202
8745832
8746843
8748681
8749789
8750268
8751047
8751195
8753636
8754356
8754725
8756264
8757711
8758478
8760407
8760889
8760893
8761408
8762641
8764307
8764420
8764647
8766931
8769331
8769681
8769933
8771293
8772105
8773772
8774381
8776312
8777521
8778453
8778663
8781210
8783698
8783727
8784173
8784835
8785406
8787874
8788068
8789270
8791544
8791629
8791844
8792058
8792821
8792952
8793003
8794993
8795869
8796952
8797232
8798696
8799185
8801761
8805082
8805588
8806311
8806382
8808477
8810049
8810626
8810645
8810782
8811512
8813324
8813863
8815601
8816709
8816753
8817204
8817206
8817738
8817997
8818410
8820048
8820183
8821029
8821855
8822595
8822812
8823399
8823800
8823945
8825482
8827476
8828875
8829065
8829549
8829600
8830447
8831117
8831964
8832134
8832467
8833776
8834158
8834202
8834410
8834843
8836152
8838536
8839299
8840729
8840900
8840974
8841060
8841776
8842171
8843463
8843579
8845046
8845335
8846016
8846570
8847051
8847163
8847885
8848550
8849312
8850252
8850644
8851238
8851832
8852360
8853886
8855840
8856168
8856993
8857569
8858339
8862901
8863022
8864140
8865182
8867096
8867261
8867353
8868056
8868151
8870771
8872255
8873172
8873199
8874166
8875132
8877115
8877377
8878264
8878582
8880192
8880200
8881136
8882755
8884001
8885595
8885696
8885972
8886098
8886863
8888202
8889007
8889035
8889188
8889291
8891282
8894251
8894407
8894745
8895655
8896607
8896813
8897702
8898024
8901232
8901350
8901375
8903468
8904072
8904761
8906534
8906682
8909443
8910728
8912559
8913556
8915107
8917047
8919626
8920104
8920961
8922164
8924251
8924261
8924488
8924844
8927499
8928252
8928407
8928719
8929047
8930711
8931033
8931108
8933517
8933677
8933820
8934897
8935156
8935172
8937982
8941400
8941603
8942042
8943152
8944252
8945614
8945938
8946028
8949947
8950266
8952053
8955312
8955791
8956226
8957670
8957797
8957933
8958183
8958319
8958588
8959359
8960714
8960831
8961486
8962223
8963040
8963658
8963944
8963964
8964491
8964869
8965606
8966500
8967070
8967452
8967748
8968034
8968585
8970184
8970338
8971224
8971400
8971749
8971781
8972175
8972498
8972903
8975046
8975127
8976324
8976577
8977464
8977863
8978598
8979058
8981217
8981635
8982658
8982917
8984339
8984365
8984437
8987293
8987385
8988008
8988626
8988758
8988827
8989339
8990776
8991152
8991473
8992457
8992826
8995817
8996643
8996795
8997160
8998582
8998985
8999917
9000302
9001391
9001804
9002251
9003408
9005078
9005140
9005231
9005557
9006392
9007757
9007959
9009694
9009879
9009915
9012332
9012765
9013302
9014690
9017912
9018099
9018174
9019491
9019906
9020122
9020540
9022133
9022784
9022990
9023248
9025865
9026390
9026637
9029708
9030113
9030378
9030895
9031640
9031863
9032517
9033632
9033736
9033910
9034081
9035174
9035877
9035973
9037956
9038909
9039806
9040546
9041229
9041834
9042136
9043230
9044003
9044117
9044396
9044637
9046305
9047779
9047857
9049818
9051815
9053462
9053777
9055174
9059244
9059877
9060282
9061867
9063479
9064020
9065818
9065923
9067439
9067586
9069802
9070210
9072220
9072907
9073106
9073954
9075037
9076470
9077240
9078854
9079016
9081011
9081887
9082148
9083545
9084224
9084426
9089082
9090418
9091853
9091930
9092196
9092617
9093938
9098729
9098915
9099230
9099495
9100905
9102529
9103452
9104838
9104967
9105484
9109866
9111096
9111453
9112595
9112666
9113258
9114209
9115071
9117444
9117915
9119219
9119772
9119960
9121659
9121910
9122520
9122842
9123024
9123901
9124313
9125316
9125721
9126153
9126539
9127919
9129036
9130839
9131394
9131628
9131900
9134263
9134516
9135078
9135083
9136960
9137035
9137447
9138271
9138354
9140180
9143308
9143555
9143934
9143997
9146560
9146918
9147018
9148078
9148392
9148952
9149039
9150017
9152910
9153504
9153865
9155195
9155450
9156605
9159616
9160131
9160355
9160372
9160436
9160993
9161365
9161664
9162018
9163795
9164789
9166610
9167234
9167398
9167457
9169807
9172303
9172306
9172960
9175137
9175487
9175748
9177239
9177366
9177816
9178043
9178096
9178123
9178231
9178868
9179139
9179432
9180069
9180167
9180382
9180781
9180900
9183268
9183280
9183417
9183866
9184568
9184941
9187873
9187877
9188271
9189471
9189580
9190004
9190348
9190567
9190724
9191658
9191911
9192585
9197135
9199597
9201119
9202913
9202944
9205260
9205537
9206128
9206644
9206728
9207845
9211075
9212422
9212459
9213898
9214536
9215359
9215594
9215802
9216810
9217139
9217588
9219659
9220421
9222300
9223090
9223519
9224178
9224184
9224915
9225008
9225723
9226239
9227818
9228550
9228791
9229498
9229586
9229614
9230665
9232078
9232683
9233220
9233628
9235063
9235480
9235921
9236251
9238707
9240431
9241106
9242100
9242123
9242900
9243534
9244205
9244714
9246262
9246325
9246671
9246950
9247177
9247935
9248516
9250912
9250936
9253000
9253134
9254615
9258006
9258311
9259912
9261237
9262755
9263386
9263628
9266649
9266818
9267667
9267818
9268773
9268960
9269381
9270281
9270359
9270379
9271514
9271713
9272061
9272184
9272456
9273269
9273794
9274405
9276397
9276404
9278762
9281034
9281522
9281564
9281735
9281757
9283946
9285176
9285647
9286077
9287860
9288387
9289315
9289867
9290908
9291545
9292447
9292541
9294288
9294846
9295010
9295386
9296337
9298685
9299717
9301309
9301646
9301835
9302049
9302957
9303687
9303805
9303944
9304303
9304683
9304863
9304913
9305020
9305192
9305283
9306726
9307142
9307278
9308120
9308159
9308583
9309160
9313096
9313374
9314273
9314705
9318120
9319508
9320733
9320840
9321994
9324521
9326888
9327443
9329008
9329738
9330019
9331170
9332146
9332853
9333275
9333662
9333768
9334384
9334924
9336287
9337750
9340604
9342475
9342792
9343264
9343769
9346200
9346271
9346353
9348941
9351593
9352826
9353513
9357897
9358190
9358821
9358835
9359731
9359824
9359879
9360010
9360341
9360932
9363127
9363206
9364023
9366153
9366330
9368282
9368796
9369423
9370617
9377574
9379176
9379496
9379640
9381851
9382783
9382962
9384014
9384508
9384928
9385327
9385361
9386036
9388088
9388323
9390743
9390782
9391606
9392731
9393007
9393636
9394177
9394895
9396221
9396375
9396900
9397641
9399062
9399473
9400377
9401099
9401279
9401791
9402019
9403365
9403463
9404341
9404530
9406037
9406911
9407565
9408329
9408701
9409985
9411227
9411350
9411941
9413465
9413628
9413745
9415588
9416968
9418448
9420577
9422379
9423208
9423476
9424723
9424760
9425371
9425760
9426104
9426137
9427436
9427453
9427649
9428058
9428363
9428486
9429489
9432150
9433522
9433571
9441359
9441783
9441805
9443127
9446186
9450901
9453429
9453809
9455192
9457134
9457787
9458309
9459348
9462935
9463175
9464912
9465472
9466218
9466418
9468011
9468386
9468901
9469785
9470098
9470184
9470737
9472268
9473233
9474207
9474822
9476495
9477488
9477694
9478864
9478978
9480064
9481097
9481363
9481588
9481767
9481884
9482114
9483576
9483970
9484210
9484676
9487768
9489280
9490573
9492905
9493445
9493639
9493662
9494225
9495158
9495562
9495789
9497821
9498296
9499812
9500588
9501087
9501607
9504286
9504528
9506157
9506372
9507915
9508015
9508998
9509533
9510367
9510562
9512135
9512933
9513218
9513875
9514903
9515786
9516097
9516329
9518235
9518622
9519672
9520537
9525112
9525231
9527906
9528713
9529553
9531400
9532497
9532513
9533835
9534005
9535181
9535769
9536460
9536652
9538223
9540128
9541255
9541301
9543433
9545437
9550211
9550611
9550618
9551736
9552152
9552270
9552437
9553031
9553204
9553697
9554145
9555105
9555350
9557186
9560704
9562919
9563931
9565086
9565141
9565206
9567973
9569054
9570154
9570168
9570411
9572802
9572829
9574078
9574843
9579021
9579581
9582189
9583972
9584949
9585418
9586199
9586564
9587519
9587598
9587695
9588528
9591497
9593896
9595557
9596252
9596464
9598397
9598619
9598825
9599229
9600173
9600627
9601159
9602154
9602433
9602512
9603734
9603735
9603914
9604191
9604783
9604880
9605061
9605069
9605922
9606124
9607338
9612134
9615061
9615337
9615734
9617977
9619739
9619747
9619756
9620536
9622234
9622753
9623173
9624354
9624420
9624649
9625254
9626079
9627468
9628845
9628985
9630636
9630771
9633009
9633613
9635164
9635585
9636342
9636396
9640081
9641875
9642014
9645377
9646261
9646413
9646789
9646852
9647085
9647380
9647448
9648827
9651176
9651896
9652446
9654177
9658894
9659158
9662073
9663299
9664992
9667330
9667450
9669219
9672026
9672587
9672623
9674011
9674663
9676076
9679002
9679163
9679207
9680886
9683093
9683112
9683271
9684051
9684899
9685107
9686108
9686123
9686838
9687135
9687150
9688014
9689477
9691338
9692028
9692317
9693016
9696512
9696689
9696814
9698763
9700392
9700915
9707486
9707548
9708240
9708618
9709010
9710843
9714509
9715176
9715698
9715835
9715998
9716273
9716779
9717482
9718469
9719199
9719612
9721940
9722284
9727707
9727793
9733017
9735360
9736757
9737798
9738761
9739209
9739460
9742027
9743185
9744853
9746428
9746863
9748193
9748851
9749395
9750424
9755656
9756848
9758595
9759076
9759234
9760539
9762194
9762686
9763120
9767745
9768459
9768711
9769483
9770128
9772630
9772775
9772798
9773897
9774975
9777907
9782576
9782798
9783475
9784518
9784614
9784789
9784901
9787010
9787432
9788409
9788535
9789060
9790068
9791381
9792409
9793358
9794556
9795019
9795760
9795939
9796342
9799234
9799338
9799798
9800997
9802549
9802705
9802707
9803132
9803910
9804842
9805053
9808517
9809404
9809820
9811426
9811461
9812672
9814043
9814150
9814876
9818417
9819362
9821380
9821476
9821594
9822572
9822901
9824442
9824623
9825029
9826547
9827895
9828408
9830172
9833289
9833727
9833966
9835018
9836526
9836830
9836879
9837557
9838210
9838636
9840261
9842017
9844121
9844353
9848082
9849949
9850758
9852878
9853227
9853937
9855049
9855994
9857690
9858756
9863348
9863463
9868975
9869277
9869278
9870011
9872129
9872136
9873330
9874832
9875132
9875651
9877109
9878186
9878471
9879773
9880085
9882855
9883275
9884480
9886581
9888336
9888564
9889747
9889947
9892170
9892764
9892809
9892933
9895620
9895707
9895739
9896958
9897030
9897673
9898662
9899667
9900651
9901078
9901887
9902651
9902882
9903579
9904411
9904905
9906855
9907808
9909369
9909433
9909750
9913735
9914880
9915793
9917316
9918799
9919042
9920161
9921596
9922049
9922439
9922804
9923368
9926930
9927155
9929734
9931076
9931206
9931501
9932341
9932492
9933643
9934129
9934283
9934479
9936981
9936987
9938168
9938437
9938677
9938758
9939348
9941944
9942494
9943072
9943355
9944921
9946371
9946409
9946803
9947113
9947423
9947821
9948460
9949509
9951452
9951653
9953319
9957604
9959209
9959487
9960328
9960359
9960921
9961901
9962615
9963101
9963549
9963860
9965115
9965960
9966113
9966173
9968360
9969281
9969967
9970808
9972195
9973021
9973332
9975980
9976537
9976735
9978048
9979244
9980962
9982398
9982663
9983399
9985140
9987442
9988681
9989280
9990628
9991713
9992126
9996687
9998276
9999191
9999374
