251
386
2968
3698
4933
5078
5263
5989
6141
6986
7393
8643
10163
10302
11650
12669
12779
14064
14456
14753
14847
16058
16939
18585
20257
23695
25552
27840
28934
29891
31164
32885
34529
34726
37264
38452
39319
39518
42540
44620
44950
45326
46087
47077
47944
49506
54866
54868
55514
55591
55640
56942
57156
57275
57386
58201
59136
60749
60991
61934
62222
62385
62677
62852
63374
63749
66186
69285
69325
69383
70213
70560
70700
71497
72564
72987
73026
73157
74866
75029
75256
75701
75701
76499
77604
78164
78381
78413
79055
79273
79474
81175
81632
82029
82193
83922
85531
85934
86429
86583
87113
87413
88542
88877
89677
91019
91171
92184
92353
92624
93501
93967
94530
94709
94796
95013
96430
96491
99015
103599
103796
103881
104576
104828
105613
106292
107406
107586
107735
108455
108994
109531
110434
110533
111084
111470
114206
117455
118168
118197
118519
119376
119602
122041
122068
123310
128700
129085
129294
129707
129786
132146
132337
133833
136747
137441
137808
137814
138099
140802
142358
143158
147294
149598
150624
151134
151181
151727
152381
153387
153646
154382
154654
154815
157605
157928
158772
161383
161914
162299
164957
165272
168061
168723
168792
169439
169977
171660
173208
173450
174136
175633
176312
177042
177079
179292
179371
180796
180893
181069
181219
181294
181682
182605
183271
183935
184155
184193
184744
185428
186164
186437
187027
187965
188708
191757
191885
191972
192003
193062
195803
196498
197536
197996
201444
201993
202541
203882
206313
209251
209359
209846
210424
212060
212904
213887
214001
215029
215286
215761
217603
218774
218778
218805
219576
219950
221221
222428
222728
222831
223236
223941
224481
225016
227072
229216
230371
231194
232907
233366
233404
234099
234640
236156
236598
237235
237343
237945
238262
240868
241009
241199
241535
241843
242451
244363
245147
248755
249960
250844
251112
253512
255026
255193
257370
259227
263251
265456
265846
267662
268199
268375
270780
273911
275323
275388
275960
277235
277284
277830
278401
279187
279773
283662
283745
284205
284316
285593
286372
287726
287837
288418
288724
288856
289341
289763
292095
292256
292924
294009
294452
295148
297587
298420
298927
298955
299377
299449
299479
300767
301113
302352
303207
303288
303375
303548
308344
308516
308918
309007
309476
310020
311719
315513
315792
316188
316908
321111
321657
322349
323536
323600
323654
323903
324029
325162
325346
326843
329666
329795
333091
333258
334658
334753
335140
336191
337276
337458
338748
339671
339791
341508
344511
347261
347828
348735
349204
349708
350597
350846
351628
351896
351950
354512
355366
355521
355551
356284
360107
361901
363564
363678
364443
364919
365971
367012
369782
370054
370186
370227
370626
371203
373434
376055
376594
378388
381013
382453
384123
384464
386224
386451
387802
389037
389565
389617
389983
390348
391979
395775
396600
398162
398889
399082
402210
404086
407880
409478
410702
411203
413071
413197
413745
414628
415318
415507
416429
417174
417670
418103
419975
420246
420995
422450
422915
423219
426312
427014
427056
427223
428461
430883
431718
432156
433454
434712
440058
440827
441018
441939
442306
443568
444104
444385
444392
444569
444933
445652
445717
446000
447607
449286
451263
451356
452006
452106
454460
455200
455347
457021
458225
458435
459055
459642
459728
459951
460339
461119
461216
462417
462544
463698
466689
467146
467323
467610
467633
469359
469992
471559
472861
473059
473067
473245
473359
473393
474951
476580
477136
477838
477986
478529
480165
480243
483227
484957
486709
491860
492771
493800
493903
494595
496896
497159
498956
499943
500318
504358
504557
506299
507803
508008
509784
510145
511762
511888
511895
514661
515309
515469
515915
516635
517046
517790
518040
520010
521141
521321
521914
522992
523246
524177
524363
524750
527071
527586
527856
528966
528988
529255
529425
529428
530536
531804
532005
532596
533244
533745
534203
534551
534809
535115
539286
539408
541296
542096
542867
544538
544619
544662
546566
547702
548027
550077
553632
553762
554609
554854
555501
556464
556540
559076
560050
560971
561706
563114
566206
569351
570661
572130
575028
577479
577645
578457
578646
579005
580115
581257
581401
581416
584401
585069
585267
588123
589856
590055
590121
590512
591690
592839
592936
595347
595846
597951
600531
601967
602045
602049
604314
604387
607719
609144
611053
612007
612215
612401
612708
613058
613969
614387
615581
616445
617116
617485
618935
620204
620915
622839
623660
625702
627778
630868
631015
631643
632906
636124
637024
637129
637290
637765
639049
641393
641817
642525
642967
643126
643642
644545
645125
646396
646989
647137
649113
649122
650546
651727
651793
652179
653174
654580
655286
656042
658888
659168
661156
661874
662994
663006
663522
664421
664736
666922
668661
669052
670478
671225
671329
673062
673896
674798
677071
677322
678257
679341
679705
679963
681337
681984
682331
682438
683603
683647
684974
685139
688045
688290
689630
691278
691365
692698
693678
694151
694337
694383
698410
699992
701065
702245
702380
702602
705526
707940
708057
708071
708513
709296
709583
711101
712163
713647
714947
716205
717763
717912
718578
720081
723873
724223
726392
726426
728522
730754
731971
733841
735442
735513
736313
736420
736461
736465
737416
739122
739565
739800
740415
741650
741692
743376
744155
744614
744989
745163
745514
745563
746403
748556
749611
750221
750488
750682
751100
753904
756205
757216
757658
760546
763212
764070
764284
764579
764640
765824
767324
767501
768347
768836
768872
769034
769171
770581
770693
770785
772302
772368
772562
772651
774021
775463
775772
781041
781299
782097
783178
786087
786633
788853
791379
792014
792544
793755
797841
798793
799213
799300
799814
801242
802166
803288
803821
804450
805185
807306
809638
810545
811256
813162
814310
814642
816241
816989
820368
820369
821019
822377
822406
822881
822999
823422
823900
824188
824375
824759
825207
825863
826451
826543
827094
827359
827586
828212
831097
832586
833161
835638
835682
837051
837459
837642
837929
838756
839418
839422
840472
841195
842608
843792
845903
846280
849353
849634
851846
851963
852485
853751
854471
854686
856674
856902
856933
858428
860505
861143
862234
862650
863501
863894
864315
864362
865008
866136
868212
868236
870028
870752
872437
872567
873091
873370
874163
874393
874710
876782
878477
878547
878717
878975
878991
879027
879183
879647
880610
882113
885633
885753
886322
886687
886758
888567
889418
891906
892345
893886
896137
896171
896223
896540
896970
903280
911520
911584
914099
914966
918506
919122
919245
919272
919858
920014
922480
925160
927136
927840
928350
932466
933419
933711
935268
936079
936953
937080
938669
939129
940359
941412
943753
944611
946314
946902
946954
947946
948179
948905
949776
951329
951385
952517
953484
953970
955061
956669
957845
957884
959167
960748
961069
961241
963535
963864
963982
966965
970524
970535
971510
971636
972448
973442
973745
977067
977405
977662
978719
979579
979700
980065
980252
980489
982571
983266
984297
984567
985046
985147
988979
989147
996552
997768
997952
998154
998391
999163
999522
999715
1000092
1000307
1001247
1002073
1002394
1002420
1003297
1006184
1009208
1010372
1010695
1012233
1013900
1014131
1014272
1014905
1015036
1015342
1016673
1017320
1017851
1018121
1018441
1018724
1019943
1021664
1024142
1024947
1025103
1025867
1026572
1027364
1028620
1030530
1032730
1033218
1034439
1034775
1035302
1035739
1039692
1040114
1040948
1041439
1041733
1042202
1042707
1042771
1043579
1043791
1044385
1048148
1048792
1049001
1050310
1050802
1051725
1053610
1053841
1053943
1055487
1057892
1061302
1063701
1068422
1070784
1070841
1070926
1072645
1073206
1074079
1074665
1075600
1076269
1076884
1077669
1078673
1078871
1079301
1079830
1080596
1080733
1080857
1081656
1082229
1082729
1083921
1084144
1087363
1087509
1087883
1089088
1089720
1091335
1093203
1094080
1095062
1095530
1096249
1096772
1099020
1099889
1100742
1100948
1102561
1103588
1103768
1103937
1105303
1106523
1107039
1107738
1109246
1110865
1110890
1112713
1113489
1114373
1115138
1115594
1116313
1116496
1117287
1118588
1119942
1120558
1120987
1121730
1122161
1122186
1122410
1123018
1124503
1127837
1128591
1129067
1131614
1132759
1133155
1136259
1136709
1139258
1140178
1140526
1143158
1143748
1145264
1145293
1146069
1146153
1146477
1146570
1147692
1148357
1148463
1150167
1152019
1152640
1154518
1154896
1155681
1157139
1158064
1158207
1158777
1159440
1160340
1161979
1163037
1166714
1167756
1171919
1172072
1172793
1175212
1175301
1176613
1178501
1178770
1180756
1180773
1181284
1184956
1185489
1185968
1186497
1187139
1189090
1189285
1189822
1190934
1193511
1193538
1193582
1195856
1196824
1200390
1200671
1201644
1204600
1205446
1206065
1206659
1207557
1208090
1208884
1210486
1210657
1212877
1214307
1214561
1215925
1218034
1218282
1218685
1220657
1221045
1221393
1224114
1226245
1226700
1227348
1227670
1228596
1229054
1233689
1234249
1235020
1236662
1237244
1237549
1237887
1238085
1238181
1238718
1238772
1241952
1242046
1242161
1244487
1244509
1246097
1248333
1249539
1250167
1252220
1252635
1252807
1253383
1255465
1255752
1257383
1257876
1259894
1262223
1262957
1263886
1264039
1264963
1266612
1267315
1268574
1268809
1269593
1269709
1269759
1272090
1272268
1275332
1278865
1279502
1279886
1280613
1280737
1281482
1281492
1281704
1281882
1282506
1284082
1284407
1285815
1286344
1286657
1286686
1287400
1288433
1288555
1289878
1289885
1291380
1293741
1295539
1295887
1297258
1297714
1298091
1300419
1301207
1301313
1302245
1303041
1304512
1307459
1309823
1310502
1312776
1317328
1318588
1318700
1319335
1319552
1320561
1321109
1321528
1322946
1326126
1327496
1328051
1331254
1332304
1335146
1335919
1336649
1336931
1338384
1339379
1339561
1339679
1340294
1340380
1340858
1341650
1343769
1344100
1344681
1345045
1345963
1346211
1346628
1349016
1349167
1350434
1350618
1351195
1351710
1352327
1352331
1352669
1360065
1360574
1363832
1364235
1364347
1365331
1366903
1368066
1368798
1369230
1370899
1371340
1371535
1372956
1373250
1373419
1375245
1376016
1376172
1377623
1379912
1381360
1381823
1381829
1382187
1384659
1385716
1386015
1386754
1386842
1388164
1389141
1389517
1389999
1390235
1390673
1390898
1392305
1392663
1392913
1393480
1394964
1395742
1396225
1397331
1398770
1400329
1400754
1402584
1402783
1404094
1405131
1405495
1405608
1409069
1409796
1410017
1410790
1413076
1413959
1414568
1415982
1417431
1418568
1420114
1420453
1422185
1422225
1422930
1423076
1423260
1425925
1426031
1426132
1429980
1430682
1430975
1432966
1433120
1434344
1435995
1437319
1437543
1439192
1443237
1445179
1446347
1446888
1449105
1449882
1451270
1452807
1453442
1453903
1455135
1455142
1456204
1457082
1457107
1458212
1460992
1461167
1461639
1462463
1462709
1463206
1464115
1465369
1467256
1467415
1468112
1470839
1471410
1472354
1474536
1475180
1475540
1477289
1477472
1479888
1481017
1481694
1481998
1482550
1484094
1485714
1485988
1486132
1489264
1490405
1490438
1490453
1491865
1494915
1494971
1495166
1496949
1497553
1499335
1499699
1501983
1502333
1503039
1504708
1505144
1505767
1505859
1506504
1508372
1508672
1508681
1509204
1510721
1511245
1512832
1513191
1513508
1514061
1514207
1514379
1514578
1515869
1518222
1518375
1519027
1519583
1520147
1520243
1520635
1523218
1523439
1523877
1524495
1525103
1526117
1528042
1528147
1529197
1538229
1539493
1541333
1541711
1543002
1544811
1545317
1545780
1546104
1546347
1547821
1549290
1549517
1550005
1550872
1550908
1550964
1552643
1552937
1552950
1553865
1557111
1557252
1558983
1560121
1560228
1560367
1561589
1562126
1564075
1564612
1566371
1566901
1567120
1567894
1568582
1572030
1572591
1573124
1573501
1574913
1575698
1577048
1578451
1579239
1580115
1580848
1583770
1583920
1584060
1589753
1591253
1595656
1595957
1597601
1598040
1599440
1600051
1600160
1601151
1601442
1602440
1602522
1602769
1602866
1603848
1605289
1605778
1607296
1610005
1612591
1614166
1615283
1615765
1616968
1617326
1619254
1619481
1619773
1620338
1623762
1624087
1625325
1627289
1627600
1631151
1633778
1636441
1637704
1639084
1639116
1643999
1645675
1646249
1646773
1647138
1647777
1649500
1651426
1656351
1658751
1660135
1661663
1662343
1665373
1667609
1667746
1667841
1668053
1668947
1669099
1670162
1670559
1670807
1671509
1671631
1672296
1672320
1672632
1673661
1673713
1673726
1674156
1676004
1676498
1677283
1677712
1677919
1679448
1680009
1681059
1681093
1682098
1682200
1683221
1683991
1684781
1685424
1687506
1688161
1688697
1690592
1693487
1694953
1695660
1696212
1697140
1697720
1698621
1704293
1708091
1708288
1708782
1710359
1710583
1711340
1711426
1711713
1711722
1712107
1714682
1715447
1715661
1716623
1717437
1717515
1718196
1719968
1719989
1720463
1721257
1721547
1721692
1723349
1723434
1723978
1724153
1725601
1726586
1727662
1728069
1729145
1730346
1731399
1731504
1732049
1732225
1734636
1735441
1735915
1736764
1739064
1739827
1740211
1740666
1742175
1742687
1743119
1744105
1745292
1746725
1746803
1747278
1747600
1748299
1748403
1749087
1750206
1751810
1753499
1754385
1754657
1756404
1757251
1759033
1759168
1759507
1762800
1764653
1765327
1766508
1767092
1767652
1767787
1767854
1772347
1772763
1773129
1774620
1774621
1774750
1774761
1775729
1777051
1777636
1777961
1778271
1779084
1779962
1780407
1781971
1783010
1785224
1785720
1786315
1787089
1788034
1788348
1789125
1790051
1791247
1791323
1791819
1793234
1793886
1795450
1795588
1795608
1796332
1796655
1796687
1796769
1796815
1797522
1798806
1801255
1802811
1803147
1803329
1803947
1810241
1811833
1812708
1812753
1814611
1815516
1815780
1817089
1817170
1817170
1819275
1820592
1821942
1824160
1826501
1827276
1827475
1828366
1828930
1829120
1830447
1832058
1832996
1835835
1836965
1837636
1838931
1839412
1839510
1842734
1842856
1842915
1843337
1843734
1843735
1844572
1847477
1848283
1850618
1850630
1851709
1854572
1854577
1855758
1857939
1858091
1859564
1859782
1860017
1861732
1863026
1864627
1865620
1866096
1866189
1868477
1869619
1869643
1873424
1873832
1874150
1876631
1876905
1877078
1882776
1885462
1887068
1888796
1889109
1889602
1892867
1893361
1894787
1895245
1897546
1897666
1899655
1900773
1907674
1908592
1909498
1909807
1909988
1910202
1910256
1910442
1910610
1911207
1912535
1914572
1915836
1915905
1916476
1916704
1917027
1917644
1919182
1920237
1922372
1923224
1924061
1924224
1926591
1927812
1928785
1930589
1931171
1932639
1934385
1936011
1936548
1936725
1939419
1939881
1940392
1940752
1941345
1942565
1945592
1945871
1949996
1951334
1952185
1952663
1956241
1956701
1956861
1957688
1958564
1958877
1959508
1960520
1961073
1961368
1961737
1961862
1962270
1963130
1965459
1968392
1970575
1972453
1972686
1972839
1973621
1974250
1976513
1977331
1978255
1979667
1979914
1980464
1981521
1981881
1981936
1981955
1982755
1984176
1987326
1987773
1987877
1988262
1990514
1991710
1993037
1993183
1993826
1995073
1996542
1997523
1997818
1997858
1998280
1998810
1999367
2000185
2002976
2004331
2004829
2006639
2008631
2008731
2010858
2011225
2011243
2011354
2011391
2012038
2014180
2014338
2019901
2020180
2020448
2020457
2021977
2024016
2024174
2028076
2029105
2032688
2035596
2036725
2037250
2037255
2039503
2039919
2039932
2040653
2041243
2041261
2042413
2044055
2045523
2046178
2046387
2047533
2047738
2048447
2049229
2049429
2049603
2050490
2050673
2050754
2052663
2054580
2054712
2055949
2056399
2058214
2060629
2062005
2062468
2062523
2065644
2066652
2066684
2067137
2069782
2071395
2072716
2072737
2074517
2074943
2075625
2075867
2076343
2077485
2077797
2078508
2079669
2081425
2081856
2083000
2083350
2084888
2085009
2087820
2092332
2092873
2095800
2095805
2096078
2096290
2096642
2098499
2098999
2099021
2099992
2101178
2102181
2102602
2103786
2104440
2106192
2106449
2108787
2109783
2110710
2110717
2110819
2111530
2117489
2118931
2119487
2120374
2120469
2121391
2121474
2121644
2121701
2122663
2122820
2123081
2123347
2123498
2125768
2126685
2129104
2129532
2130470
2131050
2131994
2131996
2134808
2136287
2137223
2138362
2141958
2142421
2142491
2143487
2144245
2144355
2144658
2145576
2145581
2148607
2149519
2150542
2152025
2152231
2152315
2153046
2153617
2153698
2157163
2158288
2158558
2158802
2158876
2161410
2161956
2161962
2162039
2163907
2164921
2165098
2166385
2166781
2166878
2167600
2168563
2170016
2170937
2171352
2171540
2171634
2172706
2172742
2175427
2175532
2175620
2177633
2177800
2180166
2181417
2182510
2182679
2182983
2183244
2184503
2186903
2187554
2187570
2189605
2191009
2192221
2193144
2193787
2194333
2195922
2198649
2198908
2201387
2203118
2203206
2203305
2203985
2203990
2204020
2204467
2207877
2209513
2213618
2213694
2215615
2215767
2216326
2218912
2218986
2219240
2220566
2220705
2221760
2221806
2221981
2222165
2222557
2222973
2223359
2223715
2225463
2225465
2227399
2227426
2227743
2229824
2231348
2232276
2232733
2233280
2236005
2236435
2238333
2238605
2238740
2239877
2240577
2240968
2242599
2243958
2249770
2249829
2251183
2252929
2254228
2255493
2256719
2256796
2257043
2257307
2257771
2260355
2260616
2262022
2262060
2263613
2265450
2265623
2265994
2266027
2266832
2267244
2267994
2268284
2268643
2269224
2270967
2271056
2271154
2271352
2272025
2273691
2273984
2274579
2275377
2275677
2277646
2278954
2279087
2279597
2280529
2280783
2280802
2284097
2284726
2286907
2288241
2289559
2289640
2291975
2292074
2292463
2292533
2292933
2296239
2296946
2298115
2299104
2299598
2300359
2300939
2301919
2304225
2305214
2305380
2305834
2308962
2309756
2313124
2313743
2314228
2314392
2314433
2314681
2315293
2315439
2316126
2317887
2318075
2318670
2318715
2318757
2319104
2320290
2320612
2320845
2325217
2328984
2332002
2333481
2333778
2334838
2335149
2336181
2337427
2338571
2339262
2339270
2340639
2340655
2340783
2341502
2342244
2343520
2343861
2346166
2346788
2348195
2349575
2349689
2354273
2356966
2357076
2357340
2357389
2357564
2358145
2358355
2358680
2358794
2359888
2360704
2361827
2362028
2364062
2364506
2365934
2366106
2367259
2367959
2368069
2368758
2372251
2376557
2376901
2376938
2377310
2377472
2377485
2378193
2379102
2382559
2382861
2383659
2383924
2384538
2385500
2385542
2385767
2386940
2389669
2390412
2393891
2394797
2395329
2396014
2396829
2399033
2400583
2401918
2401957
2407921
2408176
2409702
2410497
2411441
2411755
2415454
2417882
2418727
2423511
2424508
2427008
2427131
2427546
2428805
2429168
2429595
2430600
2432077
2433603
2434074
2434707
2435937
2436689
2436723
2438189
2439446
2440023
2440915
2441359
2441763
2442075
2443977
2444347
2444363
2446114
2446122
2446779
2447084
2447440
2447556
2450974
2453326
2454695
2454735
2455905
2457445
2458180
2458846
2459339
2461359
2462476
2463624
2464182
2464407
2465021
2465941
2466445
2467139
2467282
2467370
2467545
2467627
2467885
2469469
2469670
2469864
2470212
2471647
2471831
2473023
2473303
2474294
2474367
2474515
2475281
2475443
2476126
2476679
2478091
2479414
2479834
2483181
2483234
2483603
2483636
2483785
2484858
2487229
2487720
2489812
2490224
2490753
2491142
2493678
2494466
2494550
2497196
2497313
2503798
2504523
2504726
2505129
2505925
2506920
2508346
2509097
2509831
2510379
2510965
2511601
2512285
2512413
2513111
2513861
2513948
2516561
2516717
2516904
2519539
2520406
2522665
2522796
2522886
2523531
2525106
2526624
2528951
2530642
2534544
2537297
2537330
2539144
2540132
2540176
2540273
2540418
2541894
2542625
2544460
2546089
2548249
2550651
2551863
2552189
2557060
2558420
2558859
2560065
2560495
2560894
2563960
2564153
2564647
2564729
2564996
2565392
2566517
2568487
2569706
2570673
2573490
2575058
2575078
2575498
2578796
2580906
2581780
2582645
2582768
2583168
2584155
2585537
2588183
2588668
2589029
2589710
2591132
2591143
2591915
2592454
2592508
2592559
2593142
2594123
2594390
2596186
2597357
2597463
2598801
2599666
2599914
2600429
2600501
2604384
2607290
2608000
2608488
2608578
2609588
2610670
2612075
2612581
2612677
2613069
2615305
2615394
2616152
2617557
2617761
2619414
2619734
2621351
2624628
2626804
2629350
2629924
2630464
2630512
2630932
2632467
2632569
2633601
2633663
2634254
2636612
2638736
2639288
2639300
2639810
2641727
2642297
2643996
2644526
2647668
2647734
2648027
2648195
2649221
2649422
2651334
2653986
2654075
2657470
2657476
2657967
2658757
2659945
2660674
2662030
2663290
2663697
2664224
2664869
2666948
2667681
2669039
2669457
2669772
2669849
2670359
2672994
2673748
2675215
2676598
2676653
2677685
2678522
2681519
2685425
2688995
2689221
2689442
2691857
2692719
2692990
2693032
2693116
2693589
2694436
2696751
2697149
2697779
2700865
2700940
2702097
2702389
2705220
2711515
2711973
2713020
2713095
2714255
2714531
2714563
2715221
2715489
2716273
2716811
2717668
2718135
2718847
2719027
2720282
2720819
2722035
2725960
2728244
2732240
2732661
2732898
2733616
2734576
2734616
2734617
2734730
2735351
2735412
2735417
2735696
2735927
2737656
2738313
2738472
2739161
2741227
2742567
2743053
2743372
2743732
2744446
2744901
2745629
2745666
2747436
2749183
2749284
2750229
2750361
2752224
2752959
2753410
2753572
2755949
2756020
2757222
2757547
2758482
2758518
2761177
2762677
2763239
2763809
2764514
2764920
2766776
2770367
2771186
2772184
2772524
2772965
2773283
2776601
2778680
2779549
2780364
2783306
2785827
2786503
2786848
2787975
2788332
2788357
2790722
2791583
2794237
2794742
2795616
2796809
2796899
2797642
2798167
2799772
2799947
2800127
2801737
2803939
2804689
2806131
2807519
2807615
2807865
2808407
2808672
2808803
2810912
2811738
2813482
2817028
2817119
2817154
2818511
2824099
2825410
2826057
2826477
2828695
2828923
2829583
2830776
2830816
2831596
2833680
2833794
2834597
2835339
2835862
2836239
2836971
2837360
2842389
2844483
2845468
2846073
2846214
2847681
2848976
2852244
2852843
2854425
2855096
2855725
2856680
2857066
2857715
2862051
2864174
2864211
2864400
2864978
2865437
2865714
2865930
2866031
2867006
2870625
2870665
2871570
2871828
2876278
2876302
2876727
2877480
2877486
2877990
2878092
2882501
2883478
2884810
2885788
2885880
2890451
2892142
2893112
2893298
2895106
2895983
2896031
2896279
2896390
2896629
2897761
2900161
2902386
2903528
2905910
2905917
2906636
2908008
2909287
2910503
2912265
2912343
2913247
2914778
2919333
2920099
2920871
2921494
2921887
2921928
2923287
2924443
2925110
2925677
2925971
2926653
2927093
2928624
2929326
2930545
2932411
2933737
2934830
2936072
2937356
2938009
2938237
2938353
2944857
2945436
2945481
2946689
2946930
2947374
2947591
2947666
2950445
2951098
2953098
2953464
2959129
2960523
2960891
2962083
2962361
2963795
2965157
2965751
2965970
2966707
2967812
2968447
2973587
2975450
2976028
2977293
2978555
2979553
2982038
2982492
2983133
2984688
2984706
2986335
2986406
2986570
2989611
2990924
2992609
2995510
2996030
2997669
2997676
2999540
3000082
3000413
3001520
3001539
3002140
3002509
3003206
3003425
3007419
3008316
3008815
3010486
3011451
3014541
3014542
3015611
3015870
3016070
3018168
3018517
3020634
3020729
3020810
3021424
3021936
3023127
3024137
3024604
3028912
3029044
3030939
3031045
3032256
3032300
3033320
3033720
3036323
3036502
3036549
3037111
3038296
3039565
3040328
3040489
3040642
3040680
3040935
3042968
3045325
3045489
3047006
3048022
3048113
3049223
3049834
3052128
3054349
3054615
3055108
3055587
3057853
3058409
3061369
3061667
3062064
3063026
3063456
3063926
3064164
3064486
3065982
3066394
3067139
3067822
3070110
3070560
3072612
3074184
3074538
3074609
3076227
3076261
3077521
3077659
3077937
3079180
3079387
3080070
3080750
3081448
3083641
3086580
3086862
3087539
3089348
3089414
3090389
3092461
3093097
3093776
3094458
3095167
3095380
3100133
3100362
3102087
3102331
3102869
3103344
3104791
3108130
3108171
3108641
3110455
3111040
3112600
3112684
3112815
3112926
3113737
3114963
3115658
3118423
3119194
3119344
3120758
3120848
3120887
3121441
3121901
3122383
3122529
3123117
3124576
3125169
3126043
3127649
3127981
3128744
3130366
3130558
3132208
3132782
3133370
3133976
3135517
3135614
3136342
3136632
3137297
3137381
3137508
3138354
3141318
3141719
3142748
3144304
3144758
3145285
3146307
3147123
3147953
3148715
3148823
3149192
3149959
3150120
3150424
3151683
3153316
3153566
3154125
3154623
3155000
3156901
3157945
3158464
3161469
3162544
3162759
3163140
3163437
3163782
3164725
3165152
3165381
3166188
3166630
3170735
3171636
3172263
3174697
3174720
3174947
3175437
3177337
3177696
3178991
3179248
3179956
3181012
3182084
3182119
3183095
3184301
3184428
3188186
3188892
3189147
3189172
3190971
3192611
3193019
3194639
3195294
3196816
3199303
3201922
3203273
3203816
3204654
3206316
3206408
3206604
3209692
3209709
3212541
3213058
3214857
3215894
3216069
3217551
3217822
3218542
3218968
3219308
3219876
3221396
3222575
3223224
3226515
3227868
3228389
3231654
3234658
3235073
3235552
3236486
3239300
3239891
3242647
3242827
3242869
3243100
3244491
3244511
3246575
3248714
3249210
3250598
3251052
3252768
3260901
3261087
3261629
3261688
3263578
3263914
3264874
3267221
3267292
3270098
3271134
3272262
3273101
3276787
3277434
3279423
3280494
3281658
3282894
3283343
3283564
3284883
3285051
3285362
3285722
3287622
3287972
3289174
3290252
3290603
3290849
3291038
3291209
3292457
3293486
3293666
3294924
3298216
3299475
3299586
3299936
3302032
3304764
3305159
3305505
3306215
3306978
3308234
3310860
3311213
3311468
3311530
3313031
3313584
3315213
3315252
3315256
3317724
3317829
3320667
3321164
3322149
3323928
3324477
3324958
3325028
3326215
3327402
3327711
3330613
3330724
3335509
3337716
3338893
3339810
3340968
3341744
3342575
3342754
3342773
3343115
3344674
3346591
3346635
3347569
3350404
3352681
3352787
3352813
3354718
3355334
3357086
3361199
3361713
3361774
3361807
3365958
3367593
3373504
3373891
3375438
3375908
3376121
3376401
3377704
3379263
3379322
3379893
3385233
3385579
3386810
3387494
3387983
3388666
3389062
3389986
3390049
3390292
3391318
3391905
3392668
3393548
3394443
3394680
3394984
3396091
3397406
3397971
3398452
3398548
3399104
3400254
3400739
3402636
3406278
3406720
3406834
3409378
3410296
3410515
3410587
3411780
3415877
3415887
3416517
3417870
3419208
3420485
3423110
3426893
3430136
3431213
3431850
3432316
3432636
3432679
3432857
3433072
3434033
3434476
3435933
3436248
3437256
3437866
3438179
3438775
3439229
3439999
3441447
3441893
3441955
3442565
3445884
3445990
3446843
3447636
3447663
3447720
3448826
3449155
3450110
3450184
3452017
3453724
3454089
3454852
3457878
3458647
3459234
3459364
3459392
3459609
3460883
3462359
3465087
3465609
3465779
3466259
3467124
3467168
3470313
3472074
3472880
3473030
3474252
3474519
3475092
3475404
3475439
3476226
3476808
3477366
3477434
3478871
3479818
3480143
3480919
3482044
3482935
3484033
3484429
3484855
3487003
3487884
3488080
3489880
3493224
3494013
3497349
3500387
3502593
3502830
3503816
3505122
3505893
3506313
3507647
3508148
3509218
3510998
3511258
3512247
3513503
3514310
3516609
3517885
3518730
3520946
3521127
3522454
3522720
3525090
3525890
3527647
3529633
3529948
3530212
3530251
3530725
3530760
3530848
3532255
3532332
3532659
3533873
3534518
3534612
3534714
3536191
3536732
3536844
3537655
3538118
3538413
3541036
3541314
3541761
3542371
3544851
3544901
3546144
3548511
3551381
3551995
3555387
3558422
3559494
3562160
3562191
3562532
3562962
3563060
3565777
3566764
3566977
3567637
3568711
3569450
3570149
3572264
3576709
3576711
3576778
3580662
3581230
3581421
3583599
3584185
3584827
3585794
3586126
3586584
3587115
3587174
3587433
3587830
3589789
3590143
3594263
3594798
3594973
3595971
3596714
3596901
3599144
3599288
3599986
3601642
3601877
3602050
3602546
3603616
3604124
3605046
3605614
3606700
3607075
3608215
3608737
3609133
3609180
3609569
3609829
3612277
3615125
3616366
3618365
3619192
3619568
3620678
3620994
3621419
3622046
3622532
3622615
3624470
3625220
3625244
3625513
3627673
3629553
3631550
3631719
3632188
3633721
3634288
3635350
3636919
3637171
3637342
3638695
3640553
3641434
3643642
3644665
3645468
3646440
3647154
3647304
3647826
3649447
3650088
3650282
3650634
3653133
3654311
3654896
3655613
3656200
3656894
3659717
3661501
3661759
3662124
3662269
3662601
3663866
3665131
3665728
3667703
3669772
3669893
3670385
3671652
3672210
3672934
3673857
3674309
3674705
3674787
3675396
3675693
3676009
3677510
3679329
3682152
3684442
3684570
3686331
3690563
3691041
3692067
3693576
3693710
3694144
3696959
3697364
3698307
3698929
3698940
3699860
3701247
3701297
3701908
3703753
3706195
3706673
3707342
3710694
3714531
3715552
3717135
3718960
3721111
3726076
3728165
3728562
3730268
3731008
3732005
3732827
3735717
3735954
3737039
3737816
3739142
3740019
3740420
3741522
3741559
3743514
3744307
3745989
3746397
3747261
3747562
3748199
3749000
3750302
3750405
3750549
3751286
3752611
3752682
3755369
3755912
3756742
3756770
3756970
3757831
3759693
3759696
3760210
3762132
3763010
3763481
3763570
3763641
3765047
3767418
3767823
3768109
3768249
3769152
3770707
3771536
3772234
3772426
3775331
3777673
3778254
3779152
3780334
3782677
3783798
3787652
3788109
3789939
3790328
3790532
3791388
3794051
3794467
3796453
3797896
3801589
3802119
3802485
3802759
3802988
3805818
3806556
3808073
3810304
3812553
3814063
3814819
3816748
3817221
3818046
3818753
3819114
3820161
3820630
3820991
3822412
3823338
3824316
3826201
3826726
3827509
3829918
3831255
3831377
3832087
3832392
3832536
3834570
3838697
3839770
3840643
3841345
3841605
3841802
3842527
3843070
3844279
3844840
3844957
3845470
3845797
3846083
3846347
3847237
3849132
3849670
3850153
3850289
3853144
3854301
3854583
3854714
3854944
3855407
3856064
3856918
3857014
3858616
3860573
3862821
3864368
3864926
3866581
3870712
3872158
3876859
3878319
3880318
3880573
3881213
3881611
3882606
3882874
3883427
3885241
3886602
3887731
3888587
3890631
3891984
3892055
3894783
3896669
3897905
3898707
3899291
3899645
3901656
3902194
3902815
3905075
3906378
3907619
3907755
3908761
3908865
3908959
3910328
3911778
3912180
3913678
3913866
3916066
3916428
3917586
3917786
3920139
3920848
3922592
3922895
3923803
3924342
3925215
3925581
3929264
3929739
3930185
3930423
3931919
3932302
3932748
3933650
3933786
3933910
3933997
3940940
3942107
3942147
3944138
3944173
3944505
3945250
3945577
3947810
3947855
3950490
3951492
3952567
3952898
3953485
3955002
3956010
3958377
3964500
3966813
3966915
3968150
3968605
3968994
3970356
3970717
3970976
3974783
3974825
3975881
3976277
3976591
3977735
3978228
3979144
3979647
3980128
3982019
3983231
3983256
3983808
3985503
3985708
3985723
3986433
3986657
3988178
3989411
3989534
3990981
3991284
3991768
3993546
3993966
3996155
3996326
3998529
3998806
4000260
4002525
4004212
4004807
4005571
4006600
4007317
4007526
4008357
4010772
4011694
4011881
4012471
4013308
4014210
4014273
4014847
4015649
4016083
4017566
4018847
4023054
4023406
4023527
4025207
4025520
4025805
4027978
4028273
4028693
4028832
4030097
4032726
4033019
4033076
4034324
4035683
4035875
4036356
4037297
4037434
4037474
4038049
4038314
4039015
4039615
4041642
4044995
4045071
4045279
4045951
4046249
4047468
4048587
4048628
4049248
4049651
4049817
4050207
4051588
4051869
4052350
4052390
4052665
4055086
4056193
4057521
4058746
4059166
4059226
4059523
4060414
4061970
4062189
4062243
4062851
4063468
4063516
4065013
4066005
4068597
4070808
4073660
4075400
4079847
4080088
4080547
4080775
4081468
4081688
4082219
4082231
4082577
4084142
4087144
4089017
4089321
4090219
4090338
4090385
4091031
4091451
4092418
4092939
4093177
4095766
4095996
4096373
4096787
4096908
4097630
4097886
4098062
4099951
4100188
4101573
4102534
4105895
4110387
4110800
4111144
4113366
4113659
4113808
4113898
4116017
4116053
4116563
4117625
4119199
4119592
4120213
4122386
4123411
4128261
4129974
4130197
4130711
4135486
4136598
4139190
4143277
4144203
4146258
4147021
4147435
4148648
4149111
4150407
4150424
4150599
4151485
4154106
4155865
4156044
4156076
4158759
4159080
4159629
4160306
4160695
4162875
4164650
4164987
4165714
4165908
4166835
4167459
4167827
4169099
4169990
4171068
4174453
4174494
4175222
4176163
4176405
4178457
4179164
4179545
4181315
4181522
4182597
4184954
4186471
4186775
4187165
4187427
4187789
4190735
4192912
4194064
4194208
4194827
4197713
4199598
4200581
4202477
4203539
4204187
4205084
4205301
4205562
4207249
4207598
4208929
4209166
4209279
4209852
4210554
4210684
4211485
4213673
4213738
4214338
4214756
4215592
4216066
4217101
4217404
4220084
4222253
4222620
4223400
4227897
4229198
4229493
4231127
4232054
4232535
4233430
4234207
4235136
4236495
4237089
4237682
4237750
4238857
4239655
4242178
4242865
4243282
4243546
4245207
4249194
4250028
4250715
4250844
4251460
4251466
4251938
4252015
4252092
4252469
4252560
4253319
4253628
4258862
4258876
4259545
4260978
4261215
4262155
4262248
4263502
4263753
4264037
4264933
4267345
4267388
4269271
4270307
4270321
4271249
4272307
4274497
4276515
4276728
4277452
4278887
4280257
4280825
4281679
4282289
4284679
4284912
4285549
4285699
4286178
4286601
4286930
4286947
4287638
4289922
4290128
4290214
4292408
4292932
4293205
4293733
4293823
4293942
4293979
4294123
4294268
4295355
4295906
4296669
4296740
4297234
4298783
4300074
4301843
4302357
4303810
4304654
4305880
4308118
4308441
4309803
4310412
4311008
4313180
4313302
4314102
4314148
4314759
4315907
4316574
4318084
4318577
4318703
4319318
4321965
4322020
4322358
4324075
4324243
4324793
4325323
4325337
4328458
4329966
4330326
4330950
4331159
4333509
4334533
4334747
4336483
4337437
4338860
4339075
4340891
4346955
4347088
4347425
4347605
4347708
4350188
4351813
4352214
4354403
4355002
4355683
4356467
4356911
4357397
4357428
4361599
4362001
4362351
4364154
4365073
4365530
4365825
4368444
4368459
4369184
4370875
4371873
4374721
4375940
4377101
4379160
4382397
4385892
4387089
4387723
4388132
4388713
4392819
4393361
4393500
4394051
4395188
4396124
4396817
4397495
4402267
4402621
4404719
4405377
4406861
4407132
4409517
4409554
4410350
4410462
4410468
4411005
4411814
4411913
4412307
4412802
4412918
4413515
4414385
4415316
4415472
4417711
4419883
4419922
4420479
4420530
4421653
4425156
4426365
4426981
4427025
4427525
4427775
4428550
4429232
4429981
4430150
4430721
4431894
4432253
4436196
4437373
4438535
4439758
4440871
4442525
4442627
4442817
4444130
4444450
4445070
4446267
4446837
4447767
4448005
4449386
4449553
4449955
4450036
4450787
4451335
4453160
4455450
4456449
4457918
4458507
4458763
4460104
4460320
4460839
4462029
4463476
4463905
4464191
4465102
4465149
4465470
4468013
4468192
4469195
4469807
4470992
4472244
4473646
4474124
4474610
4475022
4475092
4475324
4476626
4477579
4481330
4481392
4481898
4482146
4482219
4482657
4482843
4482933
4484723
4485055
4488158
4488412
4488804
4488929
4489104
4489681
4490780
4493978
4495149
4496077
4496993
4498344
4499154
4499880
4500101
4501189
4501727
4503150
4503927
4504030
4505890
4506450
4507684
4507883
4508185
4509551
4509556
4510958
4511840
4512096
4512370
4512472
4512487
4514837
4517248
4517940
4518187
4520750
4522503
4523649
4523914
4523949
4524639
4524795
4526064
4526116
4526408
4526752
4527097
4527104
4528008
4528915
4529196
4532871
4533148
4533329
4533353
4534290
4536283
4538730
4542413
4543294
4544051
4544388
4544414
4545215
4547587
4549001
4549490
4549568
4552123
4552173
4552413
4552664
4553041
4554755
4555978
4557715
4558015
4560590
4561248
4562139
4563558
4564090
4564891
4565119
4566566
4567423
4568925
4571104
4571776
4572302
4572815
4575129
4575894
4576047
4576837
4577639
4578003
4579611
4580663
4581016
4581048
4582335
4582603
4583306
4584051
4586294
4587627
4592613
4593551
4594597
4595362
4595425
4596274
4598232
4598654
4599896
4600308
4600462
4600479
4600731
4601775
4601817
4605034
4605681
4606144
4606635
4606772
4609141
4609461
4610024
4610217
4614902
4615930
4616713
4616949
4617231
4617498
4618304
4618462
4618517
4618869
4619267
4619280
4620265
4620829
4622231
4623686
4623838
4624673
4625310
4627236
4628363
4628553
4630609
4631512
4631968
4633923
4634247
4634700
4635519
4636830
4636945
4638890
4639832
4641092
4643151
4644677
4645780
4646681
4648426
4650807
4652019
4653277
4655986
4656321
4657046
4658725
4659533
4662892
4663260
4663959
4664004
4666676
4667503
4669748
4671336
4675011
4675060
4675294
4678607
4679401
4680800
4680915
4681276
4683272
4683618
4686727
4687962
4688393
4688614
4688789
4689800
4690728
4691352
4691537
4693699
4694731
4694974
4695381
4696476
4697133
4697567
4697936
4699654
4700933
4701589
4701592
4701775
4702147
4703510
4703846
4703941
4704963
4706126
4708895
4709016
4709077
4709140
4709529
4709773
4711859
4712529
4713625
4713738
4715455
4717670
4719025
4719385
4720167
4720309
4720853
4720952
4723225
4724888
4725156
4726193
4728949
4729538
4730012
4730420
4730836
4733139
4733773
4735876
4736571
4737935
4743393
4743966
4744028
4744444
4745695
4746847
4747977
4751743
4752848
4753172
4755280
4755607
4756463
4757126
4757962
4758181
4758839
4759794
4764557
4766143
4766404
4766408
4772339
4774779
4775033
4775491
4775602
4776521
4778134
4778611
4780509
4782599
4782613
4782913
4782938
4783072
4783617
4783720
4784056
4784951
4785343
4785795
4785938
4786163
4787437
4788277
4790356
4790675
4790746
4792751
4796116
4796314
4796555
4796662
4797168
4801872
4801989
4802662
4802884
4802895
4804227
4805143
4805603
4806795
4809738
4810346
4810728
4812781
4813307
4817376
4818071
4818815
4819199
4819978
4820693
4820798
4822418
4822627
4824376
4825186
4826696
4826797
4827161
4828368
4829943
4830373
4831029
4831664
4833408
4833487
4839254
4840314
4840979
4845936
4846249
4848055
4848430
4849340
4850032
4850351
4853277
4856114
4858638
4858919
4860408
4863990
4865352
4865949
4866234
4866239
4866329
4867949
4869140
4869866
4871860
4872021
4872990
4874304
4874853
4875119
4876284
4876459
4876796
4878998
4879551
4879905
4881595
4883635
4885974
4887083
4887537
4888641
4889249
4891298
4891341
4891737
4892614
4893571
4895678
4896297
4898840
4899399
4900007
4900589
4901155
4904177
4904416
4907123
4909659
4909851
4911627
4913826
4916141
4916467
4917545
4919304
4920132
4925725
4927420
4928548
4928962
4931610
4932283
4934267
4935051
4937031
4937169
4938001
4940908
4941101
4941284
4941891
4942369
4942581
4944049
4944446
4944593
4944650
4947259
4949307
4950814
4951433
4952305
4956222
4956671
4957195
4957662
4957989
4958866
4958901
4959068
4959073
4960340
4961724
4964425
4964507
4966930
4967420
4967623
4968091
4968197
4969160
4969760
4970855
4971489
4971897
4973161
4973206
4974463
4974741
4975385
4975429
4977156
4979396
4981341
4982598
4982874
4983008
4983336
4984163
4991414
4992342
4994364
4994489
4995931
4998245
4998369
5000941
5001038
5001065
5001385
5005369
5007854
5010481
5011134
5011230
5013794
5014448
5015156
5016275
5016543
5016627
5016759
5017231
5018977
5020065
5021126
5021370
5021683
5021731
5022871
5023965
5024233
5025090
5026412
5027849
5028895
5029338
5029512
5030410
5031409
5032208
5032697
5033374
5035149
5035326
5036089
5040988
5041477
5045073
5046048
5047274
5047343
5048202
5049283
5051016
5053467
5055771
5056171
5058213
5058788
5059439
5059803
5061304
5062243
5062995
5071121
5071137
5071914
5073096
5073200
5074507
5076085
5076252
5077298
5077705
5079308
5079320
5079972
5081071
5082300
5083694
5083786
5084159
5085655
5085863
5087865
5088436
5091074
5091613
5092684
5092849
5093422
5094005
5097341
5099077
5102377
5102422
5102972
5105012
5105929
5106457
5106693
5109574
5110540
5111550
5114357
5117852
5119159
5119475
5121722
5125971
5127457
5128307
5128622
5128712
5130293
5130365
5132867
5135139
5135184
5135958
5136033
5136253
5137758
5139598
5141612
5141752
5142639
5143872
5144165
5145373
5145590
5146027
5147235
5147676
5148751
5148794
5153678
5155192
5155286
5155712
5155962
5158419
5159944
5160295
5160677
5161434
5161546
5161575
5163673
5164901
5164993
5165016
5165089
5165371
5166470
5167473
5167872
5169276
5169517
5170939
5171039
5171242
5173149
5175922
5176374
5176830
5177073
5178695
5179320
5180098
5180861
5180874
5181282
5181960
5182736
5183190
5184969
5186515
5186746
5187570
5189178
5189335
5189470
5189911
5190097
5191653
5192644
5192656
5192760
5194262
5195160
5196703
5197091
5198355
5199165
5200459
5200866
5202889
5203022
5203208
5204708
5206356
5206461
5207024
5207483
5207919
5208174
5211900
5212072
5213037
5214619
5215319
5216490
5216575
5217339
5218031
5218595
5219583
5220545
5221105
5221283
5223138
5224252
5224891
5225242
5225724
5226001
5229123
5230719
5231942
5232078
5232434
5232708
5232875
5234531
5236532
5238162
5240123
5240829
5241033
5241253
5242183
5244433
5244533
5244831
5245112
5245246
5245485
5245636
5246244
5247690
5247724
5249116
5253362
5253392
5254340
5254826
5254956
5257162
5258080
5260422
5261798
5261853
5262932
5264208
5264270
5264652
5265206
5266509
5267148
5267158
5267573
5268609
5269304
5269864
5271738
5272045
5273255
5273909
5274458
5275532
5276816
5277745
5279085
5280770
5281658
5282245
5282515
5285139
5286293
5286843
5289911
5290419
5290793
5291913
5292642
5293229
5294317
5295304
5299328
5300037
5300115
5300722
5304738
5305718
5305728
5305772
5306785
5307153
5307680
5307827
5308222
5308425
5310758
5312244
5314579
5315332
5315557
5316247
5316779
5318168
5318841
5319663
5319719
5320930
5324895
5328435
5328990
5330724
5331786
5331803
5332136
5332854
5333931
5333961
5335026
5336271
5336405
5336482
5336965
5337454
5338637
5339570
5339803
5341749
5342323
5342548
5343565
5343836
5344608
5345381
5346014
5347618
5348145
5348508
5349296
5349341
5350160
5350162
5350199
5350230
5352239
5352837
5354173
5354979
5357037
5357723
5357847
5358141
5358978
5360188
5361330
5362563
5363274
5365068
5369349
5370400
5370929
5372016
5373339
5373884
5375630
5378027
5378800
5380282
5380394
5383164
5383280
5384831
5385022
5385066
5385263
5387126
5390637
5392373
5392398
5394046
5394370
5395948
5396611
5397133
5398245
5398382
5398950
5398978
5402469
5402690
5404888
5404960
5405339
5405702
5406467
5407119
5409233
5409886
5410527
5410709
5412193
5412775
5415257
5416200
5416979
5418359
5419764
5420922
5424568
5425760
5427028
5429135
5429154
5429453
5430118
5430321
5430398
5430776
5430954
5431156
5431429
5431778
5432455
5434706
5435447
5435673
5437666
5437876
5438515
5439650
5441287
5442574
5443079
5444787
5445830
5447201
5448447
5448540
5454038
5454932
5455256
5457437
5459341
5459520
5460801
5462082
5462546
5462969
5463379
5463816
5464313
5464314
5465435
5465799
5466865
5469625
5469928
5470719
5471468
5472759
5475302
5475501
5476617
5477241
5478502
5478539
5479618
5482757
5483833
5484532
5486899
5488949
5489373
5489971
5493354
5493619
5494998
5495172
5495333
5495809
5496281
5497431
5497826
5499209
5500868
5501060
5501877
5501888
5502216
5503772
5504431
5505836
5509602
5509754
5509930
5511024
5513420
5514332
5514816
5515034
5516038
5516158
5516469
5518070
5518189
5518573
5519783
5520352
5520402
5521779
5523610
5526388
5527369
5529094
5529425
5531151
5531157
5532755
5534472
5538469
5538620
5539115
5539505
5540321
5540476
5540581
5542158
5542821
5544846
5545414
5545877
5546393
5546542
5547736
5548468
5552323
5553682
5554121
5556113
5556348
5557496
5559244
5559952
5560019
5563071
5563603
5566602
5568367
5568402
5568612
5568642
5569282
5569367
5569891
5571382
5571700
5572938
5573830
5575913
5576006
5576608
5577241
5578288
5579938
5580487
5582062
5582516
5582771
5582820
5583659
5585128
5585423
5586066
5586252
5586980
5587084
5588552
5588799
5591796
5594147
5596083
5597925
5598432
5599893
5600081
5601587
5601636
5602372
5604342
5605765
5605901
5609052
5610022
5610231
5610787
5611604
5611629
5611740
5612650
5613222
5613955
5614072
5614116
5615963
5616022
5620652
5622064
5622150
5622502
5623234
5623498
5625359
5626209
5628182
5631091
5631922
5632051
5632508
5633384
5634612
5636645
5637986
5639033
5639703
5639880
5641279
5641755
5645557
5645617
5646386
5647934
5649286
5650404
5651276
5652635
5657190
5658197
5659031
5659081
5661226
5661358
5661947
5662126
5662261
5663345
5663523
5663690
5665278
5665480
5668334
5669423
5675597
5676255
5676284
5676551
5677838
5677898
5679647
5680306
5681071
5683718
5684930
5686236
5686303
5687033
5688370
5688711
5691592
5692313
5696939
5697679
5698023
5698499
5698665
5698943
5699179
5699654
5701745
5702094
5706605
5706792
5707955
5709335
5709805
5711176
5711183
5713953
5714734
5714766
5715235
5716176
5716220
5716756
5718424
5720204
5721654
5722011
5722876
5723229
5723320
5723756
5724162
5726886
5727460
5728802
5729171
5730224
5730500
5731786
5732337
5733115
5736503
5736540
5741280
5741901
5742738
5743140
5744104
5744272
5744521
5744849
5745451
5746617
5746948
5747991
5748699
5749872
5749965
5751163
5751350
5752353
5752863
5752950
5754687
5755869
5756706
5757500
5758155
5758561
5758920
5759778
5761254
5761483
5762988
5763772
5763920
5764368
5769197
5769373
5770199
5771255
5771888
5772362
5772628
5772726
5772844
5775526
5775609
5775903
5777150
5777224
5778199
5778214
5780559
5781506
5782094
5782362
5784212
5784666
5785355
5785804
5788437
5790646
5791096
5791445
5792598
5792958
5793987
5794453
5794967
5796084
5796156
5796513
5797441
5800149
5800275
5800707
5800720
5801557
5801688
5803041
5803491
5804039
5805026
5808849
5808910
5811719
5812226
5812236
5814515
5814708
5814757
5815192
5816253
5816275
5818552
5820274
5820445
5821358
5821499
5821940
5822608
5823167
5823516
5827270
5827791
5828560
5831129
5831166
5831803
5832715
5833066
5836383
5837572
5838695
5838970
5839969
5840107
5840985
5842248
5842818
5844476
5845322
5848059
5848449
5848782
5849490
5849666
5849832
5851013
5851287
5851565
5851883
5852872
5854218
5855001
5855729
5856190
5856268
5858629
5858804
5859452
5861894
5863417
5865607
5866364
5867714
5868888
5870554
5872768
5872779
5874028
5875370
5876317
5876854
5877762
5878085
5878184
5880132
5882467
5884401
5884863
5884913
5885629
5885741
5886248
5886851
5887828
5888262
5889202
5889257
5891676
5893133
5897118
5898033
5898269
5898474
5899075
5900070
5900712
5901691
5902320
5902571
5902735
5903482
5905614
5906600
5907870
5909108
5909478
5909733
5910619
5914918
5915227
5915440
5915968
5916192
5916291
5916651
5917822
5917857
5918946
5919151
5919987
5921382
5923102
5923725
5925973
5926502
5927534
5929387
5929711
5931920
5937773
5938442
5939384
5939392
5941335
5943119
5943468
5943975
5944355
5945655
5946550
5947298
5947424
5948444
5948594
5950695
5950843
5951672
5954362
5956903
5958529
5958868
5960371
5961898
5961956
5962027
5966542
5966566
5966909
5968300
5968665
5970411
5971464
5971866
5974623
5974634
5975817
5976090
5977776
5978642
5979439
5979540
5984488
5985100
5985662
5986981
5989244
5989793
5989829
5991167
5991537
5991968
5993119
5993193
5993215
5994159
5995072
5995312
5996457
5997672
5997761
5999169
5999628
6000581
6002224
6003207
6005690
6007975
6008894
6010500
6010898
6011704
6012174
6013316
6013403
6014807
6016279
6016779
6017997
6018214
6021082
6021222
6023389
6025560
6026529
6026952
6027324
6027418
6030449
6030469
6031018
6031672
6032319
6033817
6034089
6035699
6036482
6037861
6038630
6039213
6044649
6044802
6046945
6047652
6048791
6051587
6052471
6054762
6055185
6055874
6056612
6056870
6057194
6057530
6058119
6058400
6059222
6060242
6060306
6062108
6062464
6062914
6064502
6065704
6066477
6066628
6068189
6068878
6069617
6070323
6070621
6070629
6071215
6071231
6074035
6074096
6076649
6080930
6083016
6083921
6084038
6085429
6086715
6087261
6088711
6089357
6089421
6089630
6090626
6091128
6093872
6094315
6096157
6097670
6097681
6097715
6097755
6098154
6099612
6100084
6101199
6101438
6103737
6104690
6104970
6106258
6106277
6106574
6107813
6107974
6109284
6109341
6110525
6111426
6112459
6112611
6112688
6113222
6113363
6113364
6115032
6115137
6115635
6119663
6119715
6119896
6119989
6120624
6120835
6123187
6123299
6123570
6124181
6124453
6125462
6125571
6126509
6127181
6127197
6127516
6127824
6128330
6128466
6128530
6131394
6132226
6133062
6135463
6135570
6137995
6138175
6139730
6140958
6143306
6144212
6147280
6147492
6147569
6147850
6151387
6151498
6152175
6152359
6153489
6153519
6154095
6154815
6155997
6156285
6158675
6158793
6159080
6159948
6159949
6160435
6163741
6165217
6167329
6167530
6168850
6169419
6169795
6170316
6170575
6171574
6171957
6172785
6173553
6176340
6177431
6179573
6179881
6179901
6183004
6184153
6184789
6184817
6184853
6187118
6187799
6188186
6190334
6190577
6191359
6192712
6194338
6195264
6196072
6198932
6200285
6202896
6203621
6204849
6207418
6207947
6208004
6208542
6210106
6210142
6210237
6214295
6215457
6216046
6217182
6217436
6220641
6220838
6221230
6221786
6223169
6224990
6225897
6226183
6226373
6226518
6227449
6227484
6228344
6230813
6232191
6236111
6236132
6236869
6238021
6241644
6242624
6242952
6243955
6244824
6245019
6248353
6248929
6248950
6249367
6250088
6250264
6250416
6252886
6253511
6253856
6254062
6255728
6256265
6258444
6259326
6260248
6264095
6264699
6265433
6265456
6268868
6272412
6274460
6275685
6276321
6276474
6277179
6277187
6277248
6278459
6279975
6280441
6281458
6282386
6283513
6285022
6286793
6288262
6288981
6291008
6291498
6291602
6291695
6293563
6294691
6295561
6296331
6297108
6297651
6297700
6298637
6298823
6298931
6299264
6300948
6302139
6303762
6304270
6305977
6308062
6308075
6308091
6308854
6309421
6309554
6310573
6310794
6310934
6312584
6312663
6312732
6314217
6314375
6315535
6315545
6315645
6316382
6316917
6317019
6318234
6318360
6318495
6318522
6318799
6318900
6319509
6319938
6320123
6322707
6323016
6324792
6325883
6325921
6326235
6327164
6327313
6327684
6328648
6329468
6330870
6330975
6331585
6333640
6334048
6334290
6335333
6335504
6336404
6336567
6338275
6339068
6340674
6340775
6343973
6346630
6347229
6348626
6349843
6350107
6350294
6350372
6352985
6353239
6353489
6353943
6354181
6357051
6358149
6358899
6361440
6362435
6363270
6364026
6364426
6367731
6368397
6368397
6370757
6370775
6371436
6371476
6372357
6372459
6373196
6374655
6377362
6377604
6378259
6379966
6381681
6381866
6382327
6382537
6382549
6383198
6383273
6383918
6386387
6386457
6386505
6387681
6391212
6392363
6392385
6394396
6396550
6396635
6397348
6401507
6401748
6402135
6402175
6402199
6403829
6403838
6404632
6405074
6409154
6409374
6410291
6410341
6410522
6410964
6413177
6413495
6413996
6414450
6416929
6417068
6417102
6417186
6417727
6418495
6418936
6420701
6421264
6423017
6423211
6423543
6423890
6424049
6427685
6428468
6428829
6429607
6431496
6431674
6432018
6433478
6437995
6438679
6439339
6440547
6440706
6441280
6442123
6443208
6443562
6444507
6445595
6448253
6448634
6449361
6450785
6450970
6451960
6452018
6452273
6452720
6453819
6454695
6455211
6456138
6457071
6457159
6458093
6465606
6465780
6466824
6467056
6468317
6468609
6468682
6468970
6471549
6472124
6472757
6472905
6473186
6473289
6473439
6473798
6474606
6475317
6475699
6477447
6477606
6478004
6479075
6479725
6481419
6482220
6483126
6486432
6488123
6488493
6488574
6490912
6492133
6494893
6497783
6497834
6498407
6500184
6501714
6501786
6502466
6506321
6506896
6507935
6508002
6508645
6510075
6511244
6514698
6516311
6516422
6518115
6518193
6519346
6519810
6520106
6520155
6521123
6521427
6521556
6522464
6523089
6523194
6525100
6525729
6527311
6527911
6528406
6534068
6536208
6536504
6536693
6537263
6537930
6539122
6540559
6541684
6541788
6542510
6544109
6544537
6546153
6547014
6547129
6547217
6551745
6552305
6552396
6554107
6554708
6556122
6557619
6560441
6560523
6561348
6563928
6564124
6565874
6567326
6569212
6569963
6571213
6573354
6573533
6574117
6574800
6575198
6577510
6577717
6578016
6578343
6579464
6582882
6582921
6585659
6586761
6587696
6591111
6591639
6593566
6593706
6594250
6594807
6595146
6595714
6596395
6598513
6598732
6600531
6602419
6602894
6603206
6603828
6606299
6606543
6606818
6608328
6609184
6609627
6610817
6611728
6611817
6612072
6613029
6613484
6613558
6614303
6614907
6616176
6616769
6617327
6617925
6618307
6622023
6622581
6623997
6624251
6625361
6625717
6625870
6627424
6627832
6628573
6628840
6629881
6630647
6632490
6633011
6633074
6633213
6633524
6634981
6635726
6636356
6637025
6638684
6638832
6639036
6640834
6641113
6641192
6641638
6641775
6643323
6643777
6646904
6647297
6647641
6649258
6649578
6650542
6650760
6652073
6654228
6655277
6656319
6656423
6657530
6657722
6658951
6659271
6659288
6659877
6661009
6661339
6662463
6664521
6664637
6667412
6668017
6668029
6668220
6668658
6671706
6673261
6674166
6674170
6674373
6675974
6677856
6678146
6678938
6679359
6679471
6680059
6681582
6682122
6682589
6688675
6688892
6689369
6691249
6691750
6692664
6692864
6694459
6695407
6696193
6696905
6696933
6699495
6699793
6700799
6701122
6701714
6704087
6704606
6704842
6706245
6706901
6707345
6708077
6708938
6709286
6710899
6711410
6712222
6712555
6713435
6714710
6714912
6716448
6717596
6718654
6720339
6721726
6722139
6722431
6723192
6723509
6727324
6728740
6729045
6729250
6730546
6731972
6732864
6733783
6740070
6741646
6743123
6744731
6748863
6749057
6750607
6753279
6753410
6754281
6754562
6755774
6757336
6757369
6757626
6757728
6758076
6758307
6758351
6759243
6759401
6759966
6760631
6761491
6762003
6763870
6765053
6765643
6765656
6766024
6768485
6768705
6769517
6769823
6770263
6771461
6772502
6773623
6774169
6775429
6775731
6775740
6776735
6778867
6779760
6780620
6780662
6781463
6782282
6782515
6783045
6783834
6785029
6785800
6786964
6786968
6787033
6787300
6787528
6787549
6787965
6788557
6790229
6790317
6792166
6793646
6793941
6794528
6794657
6795265
6796290
6798900
6800622
6801773
6802130
6802350
6804697
6807049
6807076
6807893
6808096
6808433
6808841
6808894
6809033
6809896
6810910
6812033
6813119
6813313
6814629
6814814
6817549
6818536
6818884
6820474
6821167
6823233
6824576
6825541
6825661
6827697
6828694
6832018
6834304
6835396
6835809
6835983
6837044
6838334
6841321
6842594
6843726
6844000
6846402
6847157
6850918
6853759
6855390
6855546
6856910
6857805
6858273
6858667
6860121
6861126
6863581
6863752
6865605
6865917
6867112
6867432
6869704
6869776
6869943
6870045
6870461
6873842
6876634
6880124
6880532
6882407
6883057
6883625
6884777
6887261
6889655
6891116
6892475
6895552
6896740
6897321
6899743
6900709
6902334
6903029
6903671
6903885
6904387
6905619
6907187
6907844
6908859
6909234
6909336
6909854
6909903
6911013
6912511
6915432
6915523
6915650
6915901
6916586
6916632
6916663
6918119
6920414
6921758
6921977
6923211
6924165
6924850
6924958
6927567
6928407
6928598
6929837
6931666
6932336
6933546
6933596
6934010
6934512
6934603
6935498
6936513
6936776
6938359
6939271
6939501
6939520
6940862
6942280
6944492
6944504
6946112
6948131
6949168
6953788
6954277
6954400
6957904
6957956
6958503
6959619
6961008
6961044
6965274
6965606
6965617
6965779
6966005
6966920
6966962
6967231
6967891
6968999
6971507
6971586
6971716
6973791
6976804
6977134
6977389
6978554
6979827
6983152
6983688
6983726
6984480
6984880
6985476
6987137
6989350
6989410
6989433
6989805
6991021
6994043
6996144
6997498
6997849
6998122
6998188
6998362
6998546
6998565
6999616
6999675
7000865
7000946
7002543
7004004
7004851
7005020
7005042
7005457
7006118
7007505
7008033
7008444
7010075
7012052
7012134
7013015
7013229
7015772
7015921
7016909
7018636
7020290
7020329
7020999
7021248
7021704
7023624
7023857
7024317
7024389
7026701
7027609
7029905
7030439
7032084
7034462
7034733
7035349
7036307
7036755
7037199
7037432
7037888
7038301
7038478
7038557
7038921
7039476
7042122
7042282
7042896
7043314
7045139
7045574
7046575
7047763
7049973
7050481
7051375
7051523
7052558
7054957
7055795
7055885
7056327
7057299
7057906
7058593
7059583
7060060
7061265
7062454
7063488
7065029
7065994
7066284
7067425
7068354
7068431
7068925
7068935
7069785
7070603
7070938
7071577
7072286
7073328
7074237
7075503
7075869
7075878
7076591
7082283
7084508
7084557
7085210
7085463
7085543
7085628
7086653
7088606
7088723
7088826
7088827
7088865
7092287
7092624
7093209
7093878
7094868
7094944
7095298
7099121
7100261
7100281
7100745
7101236
7102443
7104771
7105456
7106249
7106951
7107745
7108005
7108918
7110314
7111498
7114678
7114859
7117672
7118988
7119938
7120333
7120560
7120590
7121252
7122246
7123876
7124647
7125218
7126067
7126970
7127497
7128201
7130988
7131887
7133393
7134225
7134621
7135771
7135786
7136471
7136741
7138564
7139283
7140096
7140097
7141083
7141580
7141859
7142767
7143919
7145851
7146027
7146434
7147400
7148713
7149172
7150246
7150729
7151091
7152127
7152562
7152719
7153602
7154558
7154808
7155226
7156129
7156624
7157199
7157366
7158624
7159260
7159322
7159530
7160812
7162177
7162728
7166692
7167919
7171309
7171351
7174044
7174742
7175592
7175707
7176919
7177100
7177395
7177570
7178769
7179895
7180090
7181709
7182162
7183474
7183916
7184837
7187662
7188452
7188608
7188855
7192686
7193138
7194320
7194743
7198102
7198342
7199130
7199406
7200130
7200507
7200803
7201271
7202287
7202494
7203554
7205365
7206311
7206734
7208145
7209263
7210085
7210138
7210543
7210944
7211565
7211706
7212500
7213016
7213702
7215873
7218290
7218721
7218859
7220279
7221966
7221971
7224024
7225685
7226511
7226731
7227076
7227602
7228311
7229194
7230363
7230514
7230733
7230811
7230848
7231059
7231536
7232886
7233716
7234252
7235333
7235615
7235813
7236090
7237814
7237945
7238981
7239852
7240064
7243454
7245452
7246594
7248651
7251608
7251884
7252537
7253575
7254791
7255470
7256165
7259414
7259742
7259960
7260544
7261802
7264448
7264543
7264978
7268874
7269221
7269270
7269590
7272404
7274241
7274405
7274841
7278668
7281065
7281874
7281914
7282054
7282671
7284360
7285356
7285533
7290264
7291144
7293005
7293453
7294187
7294810
7295036
7295722
7295722
7296573
7298279
7299559
7300757
7300977
7301130
7303587
7303944
7305609
7308759
7310060
7310552
7311769
7311863
7314660
7316412
7316740
7318977
7319106
7319343
7320754
7322018
7322158
7322868
7323403
7323976
7324268
7326404
7327150
7327694
7328121
7328695
7329795
7329969
7330639
7331179
7332097
7333034
7333196
7335869
7336206
7336760
7337624
7340433
7342592
7343298
7344598
7347048
7347435
7350353
7350464
7350549
7353553
7353709
7353752
7355161
7355586
7357025
7357275
7358537
7362178
7362724
7362741
7363025
7365523
7366854
7368015
7368819
7369827
7369994
7370723
7372933
7373242
7374507
7374725
7376890
7377604
7379426
7380339
7383118
7384375
7385922
7386688
7388340
7390240
7390345
7392912
7393783
7394826
7394843
7396443
7396995
7398970
7399852
7404454
7404673
7406064
7406636
7406868
7409405
7409891
7410446
7411701
7412180
7412361
7412783
7413130
7415812
7417115
7417326
7417669
7421901
7424176
7425075
7426317
7426740
7427326
7427438
7428649
7428684
7428803
7432792
7433916
7435635
7436575
7436751
7438249
7439294
7440423
7440996
7441296
7441730
7442836
7443615
7444898
7445496
7447071
7447139
7447469
7448013
7448341
7449215
7449239
7450599
7450974
7451078
7452077
7452623
7453155
7455560
7455773
7457662
7458055
7458698
7458726
7459509
7459893
7460178
7460759
7462466
7463698
7464635
7465290
7465820
7467888
7468035
7469630
7471281
7475308
7475560
7475715
7476989
7477840
7478519
7479974
7480280
7481072
7482042
7482146
7484097
7485779
7486379
7492927
7493241
7493753
7494154
7496185
7496212
7496640
7496717
7497084
7497321
7497872
7498078
7499312
7500491
7500589
7504107
7505518
7508922
7509255
7510047
7511148
7512744
7512856
7513047
7513348
7514442
7514634
7514793
7515426
7517875
7520035
7520088
7520149
7523586
7523753
7525311
7525772
7528059
7529062
7532466
7532917
7535388
7536015
7536471
7536870
7538692
7538817
7539012
7539570
7540551
7540863
7541432
7541721
7543190
7544223
7547174
7549164
7549375
7549567
7549970
7550938
7551564
7552934
7554832
7555376
7557858
7558501
7558581
7561901
7561944
7565406
7565507
7567426
7567541
7568865
7569272
7570166
7571780
7573381
7573412
7575848
7576698
7576950
7580786
7582820
7583738
7585243
7586131
7586326
7587728
7588238
7588458
7590830
7594394
7596812
7596940
7597595
7597920
7598781
7599025
7601879
7602153
7602559
7603299
7603379
7603659
7603843
7608085
7610243
7611038
7611394
7611591
7612037
7612077
7613831
7615321
7615489
7615552
7615866
7616545
7616913
7618771
7620411
7620924
7621306
7622953
7623079
7623216
7626059
7626391
7627608
7627937
7628393
7629025
7630678
7631143
7631730
7632154
7633330
7633351
7634021
7635888
7636333
7637592
7638140
7639562
7640190
7641549
7642423
7643009
7647018
7647877
7648402
7649082
7649236
7649786
7649925
7650796
7651093
7651905
7652514
7652637
7653001
7653515
7653862
7655121
7655309
7656354
7656692
7658064
7660213
7661440
7661663
7661681
7662282
7663862
7664642
7664827
7666894
7668775
7670302
7672079
7675265
7676480
7677624
7677823
7680292
7680408
7680486
7680565
7684835
7685811
7687482
7690117
7690651
7693155
7695422
7696238
7696887
7699387
7699802
7700067
7701074
7701101
7701733
7703183
7703566
7704544
7704967
7711136
7711278
7711608
7711934
7712652
7713083
7713618
7713707
7714191
7715614
7716454
7717135
7717534
7720918
7721287
7724121
7724207
7724595
7725919
7726178
7729772
7732588
7733490
7733610
7733984
7734463
7734991
7735087
7735691
7737176
7738715
7740111
7740931
7741921
7742282
7742539
7743180
7744936
7747136
7748115
7748176
7753271
7754201
7755590
7756029
7757950
7758285
7758569
7760822
7760902
7762577
7765019
7768022
7768289
7769562
7771473
7772591
7773800
7775754
7777545
7779807
7780438
7783206
7783643
7784597
7785721
7786296
7786374
7787044
7787732
7788290
7790781
7790821
7791715
7791825
7792461
7793775
7794291
7795855
7795882
7798049
7798559
7799587
7801115
7802115
7802582
7802857
7805637
7807517
7807588
7807875
7809934
7809948
7810006
7811476
7812645
7815638
7816180
7816405
7816577
7818833
7819715
7819870
7820387
7820688
7821669
7823182
7823502
7823911
7825496
7826091
7826609
7826896
7828173
7829949
7831839
7831888
7832170
7832558
7832604
7835077
7835743
7835975
7837638
7838749
7839262
7839870
7840336
7840867
7843474
7844992
7845520
7845525
7846896
7846937
7847892
7848477
7848572
7850926
7851111
7851163
7851881
7853525
7854153
7854158
7854220
7855281
7855811
7857119
7863179
7864542
7866547
7866749
7866869
7866974
7873625
7873998
7874312
7875123
7877759
7878166
7878694
7880116
7880520
7880685
7881687
7881845
7882161
7882400
7882784
7883140
7886035
7888280
7890099
7890665
7896534
7896775
7896894
7898821
7900695
7901642
7903341
7904774
7905380
7910440
7910527
7910571
7910589
7911541
7912178
7912713
7912961
7913702
7917041
7917235
7917989
7920671
7921439
7923016
7923148
7923710
7923837
7927821
7927893
7928661
7929190
7930793
7930848
7932012
7932510
7932628
7935199
7935269
7937166
7937567
7937989
7938846
7940788
7942169
7942237
7943169
7945934
7947491
7948147
7948961
7949013
7949891
7952161
7953664
7954405
7954613
7957715
7958326
7958461
7963530
7963905
7964048
7964197
7965666
7967235
7967650
7968372
7968918
7969694
7970643
7971526
7972383
7972429
7972763
7973026
7975575
7975643
7976700
7977725
7980041
7981812
7983987
7985149
7986043
7986668
7987196
7987638
7988344
7988372
7988955
7989273
7991828
7993924
7996877
7996927
7997988
7998151
7998583
8000109
8001807
8003387
8003840
8003845
8004687
8004867
8006194
8008156
8009643
8010708
8011282
8011744
8013392
8015401
8016919
8018872
8019569
8023447
8025582
8026898
8027335
8028404
8031781
8032593
8033671
8033865
8033877
8033905
8035114
8035254
8035842
8036540
8037415
8038116
8038914
8039759
8041848
8042185
8042515
8042819
8043195
8043743
8043883
8045668
8045758
8045918
8046256
8046403
8048231
8048569
8048733
8049583
8049840
8049885
8049889
8049961
8052315
8052851
8053167
8053675
8054547
8055600
8055904
8055971
8056049
8056577
8056923
8057754
8058119
8060218
8060522
8061975
8062186
8063280
8063797
8065866
8066340
8066666
8068452
8068774
8069851
8071649
8072475
8072510
8073473
8073781
8074230
8074574
8075219
8075262
8078363
8078411
8079282
8081595
8082359
8083601
8083601
8084507
8087923
8088018
8090177
8090394
8090535
8093351
8093753
8095922
8097097
8097175
8097190
8099702
8100325
8101055
8102451
8102805
8104068
8105164
8106531
8107790
8109906
8112749
8112784
8115165
8116769
8117486
8118151
8118745
8119035
8120595
8120625
8120650
8121740
8122313
8123156
8123245
8124046
8125589
8126450
8127975
8128384
8128649
8128791
8129259
8129493
8132244
8132846
8135261
8135590
8136298
8137089
8137436
8138367
8139980
8140221
8140517
8143519
8145774
8146068
8146606
8150467
8151361
8153892
8154704
8156496
8157981
8160133
8160305
8161225
8162283
8165821
8167212
8167359
8167597
8168093
8168704
8168857
8169464
8169762
8169764
8171651
8172176
8172640
8173823
8174251
8175253
8175475
8177608
8178028
8178728
8179982
8180232
8180708
8181575
8181952
8182184
8183284
8184790
8185120
8185910
8188460
8189925
8191229
8191794
8194799
8195247
8197853
8199530
8199728
8199910
8202667
8205005
8205091
8205450
8205739
8206801
8208179
8208338
8208400
8208446
8210338
8211472
8211819
8212208
8213921
8214661
8214816
8216045
8216145
8217895
8219755
8220416
8220797
8222774
8223069
8223602
8224193
8224273
8224560
8225181
8225270
8225674
8227637
8228315
8229640
8229671
8231225
8232171
8233181
8235268
8236349
8237263
8238546
8241058
8241403
8241952
8242219
8242323
8242597
8243708
8243926
8244643
8245006
8246382
8246762
8246792
8250428
8251740
8251920
8252174
8252207
8252550
8253032
8254645
8254660
8256168
8256222
8257680
8257722
8259813
8261776
8264431
8266949
8267012
8268538
8269209
8269289
8269342
8270180
8271200
8275670
8277054
8277746
8278734
8279178
8285858
8286751
8287127
8289017
8290895
8290924
8291502
8291819
8292159
8293086
8293178
8295010
8295361
8295456
8298872
8301224
8301487
8301957
8303461
8303727
8305065
8305412
8307731
8309004
8309460
8309957
8310098
8310643
8312177
8312719
8314293
8314482
8315067
8315090
8316893
8316943
8318018
8318292
8319699
8322532
8322796
8323400
8326491
8326635
8327452
8329082
8330821
8335714
8337119
8337282
8337309
8337942
8338064
8338942
8342055
8343370
8345963
8347893
8349082
8350234
8350324
8351368
8352248
8352856
8353743
8354055
8354276
8354395
8354894
8356490
8356560
8356662
8356800
8358901
8359531
8359548
8363604
8364139
8365699
8366867
8367713
8369880
8370523
8370738
8372838
8373660
8379161
8379655
8380190
8380325
8381508
8382920
8383550
8384493
8384840
8384860
8386106
8386364
8387944
8388100
8389300
8389424
8389444
8390060
8390893
8391209
8392563
8392943
8393199
8393310
8393991
8394248
8394716
8394912
8395398
8395442
8399055
8399696
8399718
8399882
8400010
8401350
8403171
8404268
8405588
8406222
8406927
8407783
8408383
8408683
8408807
8408914
8409033
8410041
8410745
8410746
8411350
8411776
8412203
8412501
8413739
8416329
8416932
8418008
8419494
8420183
8422514
8423263
8423283
8423637
8424387
8424709
8424765
8426553
8426810
8427279
8427984
8428472
8430180
8430255
8431083
8433360
8436819
8437672
8437778
8438743
8439859
8440794
8440845
8440955
8441539
8441660
8442499
8443984
8444545
8444678
8445471
8445622
8445737
8446046
8446509
8446924
8450929
8452507
8454395
8454563
8454818
8457002
8459950
8460872
8461616
8461953
8462168
8462378
8464385
8465132
8465394
8466981
8467303
8469051
8469419
8470037
8471133
8471245
8471854
8471916
8472431
8472578
8473934
8474313
8474978
8475365
8476044
8476804
8478423
8480608
8481968
8482003
8482726
8483903
8484159
8484858
8486233
8493892
8493938
8496365
8497648
8499675
8500065
8500553
8501623
8503045
8504293
8505179
8507169
8509957
8510012
8511474
8512271
8513967
8518371
8519534
8521101
8522136
8522283
8522377
8524043
8527954
8534996
8535940
8536160
8536381
8536392
8537223
8537733
8537744
8538384
8538389
8539401
8539532
8540376
8540618
8540700
8541814
8541949
8542234
8542980
8546841
8547836
8548351
8549492
8549563
8551215
8551230
8552877
8553843
8556239
8557058
8557298
8557680
8559306
8559309
8559652
8560720
8563488
8563913
8564359
8564499
8564981
8565471
8565799
8568202
8568943
8569444
8571594
8573445
8575710
8577706
8578373
8579076
8579586
8580188
8581131
8582080
8582183
8585123
8587003
8587063
8587180
8587838
8588079
8589320
8591027
8591367
8591745
8591940
8592607
8595355
8595538
8597105
8598751
8599753
8601339
8602116
8602235
8602477
8604085
8604258
8604650
8605396
8605401
8606893
8608283
8608680
8609112
8609727
8612213
8612622
8612752
8613047
8613060
8614634
8614661
8616800
8617099
8619195
8620743
8621492
8621769
8622046
8622719
8622936
8623359
8624566
8626334
8628578
8629478
8631644
8632595
8633470
8635834
8637128
8637370
8637504
8637996
8638468
8639207
8639880
8639920
8640242
8641285
8641315
8641704
8643108
8643351
8646667
8647180
8647612
8647944
8650143
8650647
8651108
8651624
8651969
8653738
8655639
8656001
8656062
8657368
8657836
8659013
8660047
8661444
8662136
8663229
8664002
8664248
8665049
8667982
8668356
8669538
8669867
8671343
8671589
8672347
8673984
8675779
8675950
8676439
8676553
8676609
8677384
8677756
8679385
8680361
8680702
8681312
8682488
8683201
8684909
8685299
8685770
8687298
8687431
8688057
8688811
8689715
8690684
8690855
8693041
8696289
8696421
8697949
8698414
8699060
8699160
8701392
8702459
8703255
8703302
8703394
8703452
8703611
8705917
8706301
8706977
8707970
8708966
8709150
8711733
8711771
8711909
8714373
8716392
8718297
8718395
8720933
8721325
8722315
8722522
8723799
8723915
8724800
8724801
8725435
8726309
8726576
8727809
8727916
8728015
8728219
8729212
8729633
8729761
8730789
8731605
8732389
8734740
8734800
8735126
8735317
8739052
8739808
8742295
8746812
8747821
8750684
8750846
8751173
8753411
8753694
8753764
8755273
8755546
8756578
8756849
8757122
8757662
8758930
8759041
8759719
8759920
8760612
8762135
8763053
8763100
8766134
8766158
8767297
8767568
8769779
8769838
8770390
8771785
8772037
8772216
8773496
8773777
8774438
8776624
8778222
8778468
8778620
8780545
8781045
8781133
8782014
8782060
8782936
8783332
8784500
8786243
8787518
8787735
8787804
8788377
8789946
8790226
8790252
8790478
8791467
8792235
8792413
8792487
8793630
8793837
8794826
8795491
8795793
8797993
8799360
8799779
8800761
8801175
8802081
8802158
8802898
8804029
8804532
8804641
8804832
8805841
8805862
8806137
8806189
8808189
8811159
8811320
8811971
8813106
8813171
8813345
8814436
8814691
8814696
8814828
8815270
8816421
8816644
8816892
8817426
8817569
8817657
8817832
8818169
8819139
8821814
8822795
8823179
8823541
8824508
8824664
8824981
8825796
8827718
8828977
8829819
8829824
8830736
8832387
8834869
8835999
8836748
8836815
8836949
8836988
8838160
8838398
8840334
8841513
8842647
8842709
8842981
8843498
8846106
8846779
8848362
8848410
8849379
8849804
8850181
8850440
8854149
8854727
8855274
8855341
8855705
8859311
8860468
8860743
8861328
8861371
8863757
8864047
8864349
8864757
8865741
8867260
8867560
8868046
8868337
8870809
8872035
8872224
8873340
8876391
8877681
8878920
8880972
8882261
8883021
8883901
8885196
8886327
8888447
8889621
8890357
8890473
8891324
8891849
8893978
8896003
8896295
8898941
8900358
8900443
8902100
8903493
8903874
8908645
8908650
8909279
8909664
8911087
8911793
8911914
8914961
8915200
8917150
8917498
8918119
8919309
8920819
8921133
8921218
8921361
8922067
8922319
8924519
8924935
8925127
8925760
8925815
8927129
8927463
8928063
8928250
8928303
8928321
8929144
8929850
8930493
8931685
8931719
8932309
8932595
8932771
8932886
8932964
8935907
8936584
8939668
8939713
8940927
8941903
8941912
8942212
8944247
8944449
8944576
8947005
8948195
8949083
8950739
8950830
8951121
8951362
8952448
8953099
8953434
8954656
8956309
8957160
8957865
8960560
8960842
8961620
8962029
8965603
8966573
8966592
8967123
8968150
8968464
8969281
8969476
8969478
8969918
8970429
8971278
8971698
8973514
8973897
8973959
8974500
8976288
8976562
8977344
8977381
8977681
8978674
8978947
8980445
8980471
8980910
8981585
8982361
8982527
8982700
8984579
8985625
8986133
8986234
8988797
8993052
8993763
8995742
8995769
8995908
8996241
8996678
8996865
8997520
8997958
8998921
8999184
8999666
9000028
9000234
9000708
9001877
9002834
9003803
9004958
9008139
9010710
9011084
9013162
9013422
9013464
9013506
9014040
9014694
9016608
9018574
9018643
9019170
9019232
9020642
9020968
9022742
9026012
9026258
9026733
9027558
9028128
9028852
9028955
9029971
9031302
9031390
9031592
9033285
9033289
9035899
9038674
9039306
9039343
9039980
9040998
9043772
9048612
9049009
9052500
9052640
9054050
9055432
9057034
9057436
9058471
9058826
9059030
9059148
9059724
9059851
9063316
9065237
9065727
9067481
9067613
9067717
9067953
9068094
9069293
9070941
9071038
9071087
9072599
9072750
9072801
9073600
9074574
9075242
9075609
9075995
9076068
9076508
9076872
9077994
9079172
9081276
9081386
9081868
9082345
9082489
9082949
9084286
9084561
9086422
9086871
9087866
9088303
9088447
9088703
9089446
9090275
9090731
9090884
9091051
9091094
9093034
9093382
9093617
9093699
9093815
9094101
9095035
9095882
9096066
9096858
9097220
9097986
9098123
9099233
9101057
9101259
9101386
9102653
9103315
9103537
9103596
9105733
9105819
9106738
9107352
9109463
9109480
9109789
9110925
9112033
9112944
9113158
9113474
9114440
9118160
9118535
9118781
9120548
9122689
9123042
9123512
9123986
9126251
9126694
9128533
9128782
9128911
9129138
9129673
9130185
9131242
9131375
9131863
9131893
9134277
9137749
9139031
9141386
9143567
9144128
9147644
9148678
9149353
9149762
9152125
9152136
9156124
9157101
9157635
9158881
9159672
9160890
9161407
9162373
9163695
9164900
9165194
9165574
9166094
9167127
9167683
9169590
9172422
9173079
9173842
9175190
9176037
9177060
9178257
9178691
9179005
9179771
9180415
9181268
9181729
9183054
9185835
9185939
9186541
9186856
9187426
9188241
9189350
9189948
9190227
9191501
9194418
9194672
9195769
9196074
9197318
9198022
9199240
9201210
9202395
9203091
9203560
9207303
9207611
9208135
9210036
9210179
9211699
9213903
9214319
9217004
9217432
9220021
9220399
9220511
9221047
9221058
9221375
9222156
9222900
9223745
9224528
9224732
9225450
9226055
9226096
9226215
9226633
9229152
9229824
9230988
9231753
9234182
9234953
9234991
9235761
9236755
9237761
9239117
9239330
9239874
9240436
9242545
9242694
9244220
9244835
9244881
9247043
9249139
9249773
9250791
9251846
9252940
9253574
9256664
9257222
9259416
9259648
9260502
9261086
9261262
9263177
9263356
9264162
9264761
9264925
9267150
9267814
9268143
9268574
9268769
9269232
9269819
9270656
9274131
9274852
9277312
9277841
9280150
9280483
9284155
9286570
9287981
9288524
9289193
9291824
9292370
9293129
9293649
9294542
9295388
9295486
9296194
9298112
9298900
9299156
9299790
9302206
9302391
9304337
9307484
9307927
9308177
9308551
9309259
9309668
9309840
9310424
9310786
9311343
9311585
9311594
9312103
9314218
9315249
9315742
9316326
9317051
9317196
9320211
9324948
9325214
9325774
9327067
9328288
9328817
9328885
9329189
9329233
9331458
9332666
9333287
9333433
9333518
9334132
9335315
9335740
9337092
9337870
9339146
9340404
9340588
9341368
9342512
9342738
9342920
9343042
9344696
9348234
9350503
9350568
9351216
9352279
9352909
9352941
9354696
9355396
9355512
9355786
9356643
9358033
9358916
9360928
9360932
9361307
9363205
9363998
9366646
9366713
9368605
9372722
9374849
9374883
9377255
9377796
9379024
9379048
9379089
9379109
9379576
9379765
9380760
9381872
9382956
9383230
9383659
9383678
9384507
9387719
9387828
9388714
9388996
9389149
9390166
9390262
9392165
9392388
9392873
9393405
9394114
9397123
9398221
9399845
9399950
9401421
9401711
9402589
9403258
9403744
9403847
9404623
9404667
9404975
9406134
9406688
9407051
9409014
9410926
9412642
9413636
9414025
9414714
9417856
9419399
9419809
9420050
9420282
9421250
9421541
9424328
9425208
9426582
9427719
9427891
9428816
9430417
9430458
9430583
9433054
9433894
9434220
9434317
9434985
9436035
9437371
9437490
9440067
9441494
9444102
9446956
9447561
9447961
9449603
9450885
9454155
9456645
9458856
9458943
9459227
9460957
9461474
9463047
9463968
9464169
9465435
9465917
9467848
9468815
9469921
9472585
9472696
9473634
9474208
9475982
9476156
9476284
9476860
9476907
9480511
9480750
9482418
9484615
9487690
9487809
9488113
9488457
9491880
9493646
9494775
9495145
9496636
9499858
9500680
9501677
9504666
9504777
9504960
9507187
9509657
9511217
9511467
9517965
9518037
9518616
9522439
9523452
9523960
9524784
9525252
9525740
9526126
9526999
9528457
9529416
9529934
9533130
9533251
9534172
9535250
9535271
9535744
9536187
9536927
9538242
9540816
9542426
9545263
9545539
9546199
9546774
9546853
9547284
9548406
9548642
9552122
9552398
9552479
9552885
9553815
9557605
9558108
9558245
9559088
9559545
9560110
9563714
9564396
9564600
9566670
9567063
9568137
9571528
9572792
9573024
9573165
9573990
9574667
9574892
9574898
9575778
9575883
9576033
9576458
9576956
9577090
9577295
9577669
9578476
9578594
9578809
9580563
9582416
9582697
9583761
9584089
9585652
9586358
9586989
9587265
9587980
9591356
9591414
9594878
9595816
9596146
9599267
9600796
9602242
9602370
9603100
9606539
9606711
9608146
9608607
9609568
9609851
9611210
9611357
9613035
9613767
9615843
9617250
9619891
9620330
9620967
9621517
9622297
9622359
9623314
9624527
9625171
9625189
9625403
9626008
9626230
9626619
9628617
9628619
9629086
9631771
9632702
9632877
9639068
9639857
9642225
9644379
9647225
9647812
9650263
9651669
9652961
9653004
9653750
9655185
9655256
9655413
9655784
9655870
9656594
9657258
9660269
9660929
9667833
9668915
9670488
9671940
9672800
9673991
9675487
9677646
9678870
9679290
9679864
9680968
9681721
9681990
9682234
9682643
9682701
9682707
9687634
9689609
9690760
9691907
9692157
9693851
9696476
9696544
9697468
9699355
9700011
9702768
9702814
9703274
9703881
9703991
9704134
9704184
9705755
9705892
9707306
9709100
9709170
9710291
9710437
9711585
9711651
9711783
9711939
9712089
9712262
9714425
9714819
9715517
9716378
9716478
9717317
9717873
9718214
9718263
9718321
9718501
9718621
9720971
9722292
9722468
9724342
9727754
9728204
9729698
9730221
9730414
9731318
9732057
9733318
9733609
9734321
9734903
9735128
9735616
9735713
9736191
9736449
9736721
9736952
9737313
9737522
9738105
9738900
9740074
9740106
9741795
9742062
9742067
9742430
9742682
9742708
9744004
9745425
9746690
9747439
9748035
9748666
9749321
9750431
9751034
9751711
9752439
9752945
9754234
9756975
9756985
9757123
9757275
9757497
9757687
9758973
9759472
9760731
9763802
9765600
9766011
9766749
9767382
9767481
9768970
9769269
9769546
9770926
9772013
9772649
9772810
9774621
9775324
9779724
9779870
9781083
9782120
9782617
9782756
9783082
9785995
9786898
9788002
9788593
9790063
9790105
9790268
9791475
9792246
9792565
9793936
9796187
9797738
9798221
9799064
9799885
9802080
9802458
9802646
9803040
9803059
9803906
9804140
9805039
9805191
9808572
9808806
9809401
9809660
9811846
9812067
9812868
9813193
9815891
9818523
9818622
9819228
9819394
9820315
9820968
9821897
9822377
9823009
9823181
9823205
9824342
9826598
9826795
9827636
9828094
9828190
9829567
9832097
9834848
9834932
9835845
9836650
9839430
9839831
9842604
9843590
9847289
9848603
9849062
9849872
9849928
9852063
9852460
9854589
9854630
9855269
9858118
9858706
9860627
9861340
9862167
9862855
9863906
9864461
9865181
9866392
9866402
9868066
9868153
9869242
9869597
9871535
9874331
9874553
9875049
9875682
9877675
9877847
9878800
9878830
9879672
9881023
9881121
9881210
9881220
9883852
9884751
9886801
9888732
9889542
9890117
9890518
9891796
9891828
9893116
9893911
9894028
9894771
9896724
9897141
9897348
9898132
9898986
9899371
9900636
9900774
9901600
9901631
9904984
9905954
9914890
9915638
9915679
9916515
9917099
9917370
9921440
9922307
9923220
9924951
9925000
9925360
9925886
9926490
9928711
9929112
9929200
9931638
9933313
9935062
9936301
9936473
9937379
9937892
9937988
9938170
9938402
9938436
9941461
9941691
9941750
9941820
9941902
9942010
9942199
9944777
9945020
9945536
9946757
9948157
9948352
9948688
9953665
9953776
9955398
9955746
9955846
9958256
9958790
9959437
9961737
9962932
9965206
9966528
9969462
9971084
9971393
9973676
9974168
9974701
9975233
9978530
9978916
9981275
9982374
9983541
9987247
9987270
9988131
9988301
9988894
9990338
9990687
9991536
9991721
9992000
9992202
9994339
9994808
9995492
9997727
9997745
9998734
9999061
