7647
16315
23684
32953
33244
38415
44536
65112
69295
77479
82201
88868
96352
102960
103990
110314
141933
155102
159664
164750
176703
180091
182139
190834
215814
217736
248986
254462
257852
263324
266638
288118
315919
325619
337913
341834
352363
356006
378118
392786
393630
397117
398861
416133
420025
423707
458298
486265
495415
500577
508344
509113
518370
519399
527481
529184
538213
542300
542581
552992
564514
569158
569467
651671
670115
680147
696482
697658
707037
712494
721367
746628
786628
787078
792129
811329
821889
823023
833421
854068
865490
891928
908885
915996
945158
955600
985802
988067
992117
998293
1010813
1054461
1055716
1063753
1075430
1079385
1086130
1103445
1107587
1120820
1130127
1141347
1141788
1154125
1155634
1157746
1162673
1163271
1172045
1190182
1202131
1202817
1213409
1217339
1220012
1220186
1249590
1253876
1260779
1283221
1297534
1298000
1312281
1313962
1317013
1317639
1317787
1322477
1327029
1327987
1334309
1355868
1360386
1374003
1374620
1386031
1388075
1397347
1422458
1423547
1435519
1438519
1441968
1443521
1450166
1450516
1456413
1474617
1496662
1497494
1513465
1514692
1535664
1536332
1546511
1550830
1551078
1562997
1567220
1581139
1644934
1647867
1677500
1682550
1698372
1724332
1735818
1739753
1755504
1757609
1798762
1815562
1821390
1830581
1830695
1838903
1864744
1865420
1869328
1871545
1873165
1876156
1876303
1879261
1899082
1899373
1899525
1904855
1906578
1912090
1945911
1951421
1951714
1953315
1956811
1978667
1978833
1983318
1994087
1995633
2000136
2004282
2005716
2015860
2029785
2031901
2059152
2061038
2066352
2066418
2100635
2105754
2106116
2132756
2167262
2215565
2235687
2251023
2255857
2261109
2263014
2264503
2271194
2290043
2300758
2320158
2331008
2336150
2340196
2343585
2349598
2385232
2407996
2419829
2422069
2423571
2442379
2447393
2453001
2463192
2469719
2478414
2485949
2495737
2522469
2523285
2533595
2541405
2549673
2570469
2576944
2591190
2603568
2624487
2630114
2630727
2633977
2655208
2660984
2662041
2683479
2685927
2694467
2700982
2710558
2717039
2722940
2724219
2745477
2749198
2752410
2758386
2781210
2787864
2828953
2836378
2850281
2869975
2872519
2882771
2893642
2895683
2900596
2915828
2917018
2917121
2919733
2955334
2965809
2997649
3027895
3033100
3041522
3047359
3059186
3062517
3075107
3089624
3090565
3093204
3100676
3104659
3108339
3108530
3110420
3130347
3134368
3138807
3143181
3158059
3172809
3174573
3190017
3199051
3201335
3209106
3218355
3219300
3229698
3242983
3245218
3245571
3248195
3249260
3276538
3276933
3279044
3281597
3283343
3288918
3298177
3299783
3300771
3357153
3376160
3384902
3385970
3402164
3403791
3413801
3416366
3425074
3426989
3437055
3456021
3460601
3476810
3479813
3480848
3486461
3500719
3510612
3516738
3519691
3526472
3536464
3550960
3557351
3563498
3572188
3576717
3581011
3607647
3613468
3619526
3628400
3641407
3646274
3675669
3693123
3704546
3711576
3727201
3733658
3752816
3752876
3755057
3769233
3772847
3789075
3791771
3807671
3844122
3859147
3874291
3874307
3875968
3882117
3891801
3909883
3910379
3916326
3919125
3938019
3942628
3953734
3960063
3969658
3978928
3980482
3987224
4002789
4016762
4016800
4028230
4031044
4048117
4093799
4095256
4098875
4100267
4107084
4127075
4134779
4147558
4151040
4161562
4162887
4177965
4189191
4210432
4213023
4228216
4247288
4254489
4267468
4275847
4279956
4290014
4292386
4324084
4344749
4349763
4354769
4362239
4367657
4377638
4378500
4381289
4393251
4394207
4428491
4432324
4445161
4460932
4479294
4481016
4488279
4495009
4534880
4541484
4541774
4553791
4554750
4554889
4556071
4556427
4565228
4574458
4586435
4588538
4599608
4600596
4603207
4609860
4639527
4650274
4674975
4692153
4695954
4697041
4719623
4731509
4744305
4757460
4771509
4795201
4799800
4806152
4815007
4825123
4826695
4832030
4837918
4838973
4843841
4845438
4850678
4858138
4870801
4874351
4876387
4877826
4884743
4887614
4892289
4894877
4899404
4907909
4913664
4915493
4919934
4940979
4952293
4964893
4974386
4997945
5000610
5011643
5038439
5048783
5051359
5070834
5074045
5077023
5080872
5088286
5102900
5103530
5111239
5116499
5123867
5127758
5145956
5177655
5186194
5216378
5216779
5217461
5219449
5224266
5232002
5236913
5239508
5266723
5269132
5275560
5278618
5279035
5280109
5287006
5289663
5293004
5302294
5307415
5337685
5358020
5359708
5359875
5367571
5380008
5384249
5385288
5385823
5387750
5391918
5393635
5396150
5400595
5401549
5403433
5411400
5431017
5442331
5442575
5461962
5465004
5466728
5475552
5502577
5516397
5545760
5557575
5584174
5592147
5606177
5606636
5606714
5647036
5647727
5666269
5666721
5667937
5672258
5679839
5687477
5704711
5705544
5707507
5745638
5749020
5778829
5785363
5803089
5807543
5811625
5813952
5838926
5840338
5849909
5880711
5884227
5886356
5896716
5914165
5927175
5936198
5938617
5941096
5946810
5981003
5998837
6004973
6009073
6015963
6019369
6022600
6034476
6042102
6069638
6069973
6083964
6130794
6141159
6149320
6154782
6156158
6160179
6161268
6175042
6176143
6179336
6213525
6218694
6220410
6246445
6255744
6272237
6279603
6295314
6300398
6306439
6313221
6332759
6350519
6355881
6355932
6364763
6369627
6370785
6377058
6406607
6406970
6456426
6462115
6467219
6478368
6491569
6495803
6501487
6533907
6541735
6552790
6560389
6592290
6606955
6611800
6629559
6636082
6636241
6651484
6666866
6673186
6701208
6709646
6723972
6729726
6741854
6743397
6753001
6753779
6762212
6765025
6771165
6778518
6780823
6792618
6797316
6811460
6832832
6836483
6836575
6845169
6865033
6868538
6889934
6895685
6901507
6912064
6919285
6925273
6934482
6964542
6992393
7011407
7012023
7014364
7020896
7021834
7046947
7062833
7063710
7064558
7064777
7073926
7095105
7100644
7107336
7117770
7122144
7157450
7199578
7200948
7202477
7202507
7218514
7228924
7229634
7242687
7269089
7271690
7276909
7282917
7291093
7302104
7305842
7306334
7314034
7334839
7336260
7346398
7348100
7361527
7361539
7362040
7369571
7386381
7410817
7414589
7426536
7431318
7434046
7435547
7448916
7450691
7451582
7456272
7459036
7464626
7483226
7512382
7540556
7546834
7557792
7568846
7579400
7580111
7584424
7594028
7597261
7618920
7629405
7646005
7670578
7671313
7671942
7672181
7691960
7698349
7721530
7724800
7727781
7746288
7748475
7766405
7773879
7794263
7794322
7794699
7817066
7817570
7822333
7829248
7862885
7870497
7877196
7879107
7894853
7898241
7904585
7912472
7920558
7930748
7945619
7951191
7952067
7954393
7954992
7961918
7973433
7988940
8002015
8015202
8018405
8033459
8041635
8052316
8052984
8072098
8087435
8132349
8147943
8157167
8161704
8162422
8199661
8216965
8220079
8220125
8232322
8250014
8250913
8272297
8274552
8276501
8287563
8290877
8295692
8305150
8306491
8314874
8319636
8322952
8325476
8336842
8338030
8342320
8350440
8356648
8367840
8371064
8398927
8424780
8440074
8443444
8445412
8461773
8464568
8469798
8507082
8526441
8554152
8559231
8592206
8592503
8592622
8596977
8598967
8603638
8610491
8614118
8632739
8632788
8659363
8670289
8691288
8697055
8705840
8712212
8716559
8718985
8733320
8733531
8760667
8769505
8776016
8783522
8809729
8819679
8822505
8840078
8843937
8857138
8863210
8869929
8874727
8880085
8897802
8912406
8924328
8925539
8928553
8931044
8935540
8938297
8939561
8941867
8960630
8971209
8980518
8980824
8993322
8995212
9001886
9016531
9028933
9046253
9052807
9053378
9073989
9078267
9087880
9088990
9102025
9119467
9128126
9136562
9157972
9160450
9165059
9171601
9176322
9182962
9207474
9222578
9226579
9246114
9254635
9274554
9277429
9281101
9289883
9294893
9295537
9300133
9315680
9329159
9330238
9334858
9338814
9351559
9359056
9362055
9380049
9390507
9410881
9421021
9428763
9433451
9447589
9454143
9462394
9466141
9489203
9490751
9493759
9503303
9516446
9522830
9528877
9529751
9533184
9549674
9566026
9577351
9584194
9613612
9616926
9636845
9681288
9681816
9687024
9697914
9706164
9712295
9746990
9748429
9748801
9756330
9763538
9766958
9815698
9829117
9829805
9867547
9877449
9880545
9942424
9947253
9967662
