10616
16881
17181
17849
32714
34021
39240
46328
46582
49900
83417
93618
102538
105420
130051
131742
144540
154526
157332
160184
160239
160273
169531
174608
176398
181789
186574
210002
234674
239662
244422
247503
265107
265754
284107
288216
288995
291814
295222
305628
334233
345374
355951
356730
360327
365388
374175
374255
378593
395027
408808
412479
448398
475813
480418
486489
501839
510274
520311
523538
529938
540589
545609
590519
602042
603547
610703
620698
630910
631008
651013
654551
655800
663737
668190
690981
691093
705415
717322
722570
724052
730893
736535
737931
744709
755286
760679
770510
786571
793797
797742
840138
860899
877222
882400
905339
905781
926328
932629
934078
940496
940779
943041
948914
954745
977890
984786
1003297
1007261
1010929
1026099
1045233
1047111
1064612
1090072
1098666
1110875
1114445
1139571
1155765
1172856
1188403
1188792
1198895
1199101
1201889
1209494
1212298
1222816
1254972
1269785
1319142
1335174
1339450
1342564
1348064
1352294
1355105
1360494
1362671
1378619
1380210
1411689
1423447
1451500
1457048
1461555
1466716
1473428
1496956
1511298
1513062
1531004
1535828
1559751
1566494
1576952
1578398
1583835
1589635
1599048
1605895
1607077
1614763
1625096
1627290
1637089
1648475
1651622
1669102
1672804
1686870
1690262
1693715
1700009
1720606
1721810
1738704
1751219
1755942
1762968
1768904
1776906
1782856
1786580
1787265
1792302
1810881
1811923
1817072
1818216
1833737
1845834
1849404
1864779
1881169
1882613
1885188
1899908
1904626
1911245
1917742
1926075
1945680
1959190
1962608
1968803
1969438
1985683
1986781
1988524
2013952
2015762
2029117
2049138
2056180
2061104
2064935
2076099
2086018
2088423
2096346
2104121
2107450
2127795
2146680
2161615
2165816
2167603
2178313
2194414
2195105
2198332
2202919
2208048
2223454
2231518
2232705
2244196
2245843
2254613
2256975
2259918
2261641
2270544
2281402
2291471
2292644
2293116
2298420
2313689
2315718
2321694
2350974
2356320
2366252
2374277
2394702
2400745
2412415
2415732
2418927
2427804
2429847
2430551
2431900
2431910
2442064
2452845
2464580
2476766
2478540
2493956
2520188
2527951
2531415
2551579
2552949
2566513
2568203
2582323
2584508
2588825
2613240
2616227
2622948
2631447
2645403
2645714
2653793
2655245
2655811
2656062
2659767
2661754
2674825
2675154
2690291
2698542
2720638
2742076
2743968
2746599
2753344
2759737
2761388
2774856
2785840
2788972
2795854
2823557
2825927
2868147
2873249
2876508
2894854
2905332
2925187
2939235
2944493
2945160
2958379
2972895
2973995
2981484
2983171
2993436
3000079
3025973
3027922
3048259
3071025
3079441
3079575
3083199
3087850
3126059
3138705
3150649
3156848
3161773
3162233
3180371
3182164
3187243
3238113
3251787
3253428
3262009
3277595
3278201
3299854
3322779
3339041
3340609
3346493
3354351
3355603
3361518
3366996
3369040
3375538
3394155
3397757
3412714
3419883
3425995
3429094
3430916
3431761
3439079
3439155
3440495
3441039
3446838
3452694
3453729
3454996
3468026
3491088
3493184
3509772
3524463
3528895
3554211
3559562
3567472
3581434
3590873
3603407
3603642
3606865
3615498
3616237
3650644
3653475
3655663
3673993
3675524
3678382
3682255
3690128
3700667
3718571
3726531
3736446
3741026
3743692
3748014
3755105
3757878
3774669
3776262
3792168
3824024
3829784
3844038
3844258
3850739
3851755
3856294
3859347
3889845
3892452
3897780
3906417
3914079
3920526
3922789
3943633
3951401
3953958
3966460
3967403
3988548
3990802
3998240
4002779
4012906
4032459
4034945
4040098
4043168
4047175
4057417
4063097
4073365
4084705
4102755
4116520
4124595
4142894
4164570
4171665
4177572
4233392
4263549
4269259
4270282
4271961
4286511
4312843
4385152
4389772
4397566
4399954
4403442
4426149
4428079
4434427
4435828
4439472
4454783
4455692
4456823
4466868
4479450
4488165
4502207
4511296
4520996
4523133
4529317
4531628
4533277
4535230
4570256
4572005
4573431
4573918
4577994
4580488
4586198
4594764
4607203
4640039
4642187
4643468
4644646
4672410
4673855
4694113
4726753
4731291
4734661
4740460
4756594
4791996
4792965
4804079
4814830
4820358
4834349
4846156
4854854
4886185
4888073
4899548
4953723
4983141
4988159
4989215
4990856
4990979
4991722
5012951
5040340
5077822
5080342
5099363
5114705
5124902
5166576
5189529
5196228
5214388
5221096
5224881
5226905
5253553
5268328
5290755
5292352
5306824
5318897
5326406
5328817
5354485
5360714
5380390
5389178
5403486
5409739
5423314
5426253
5429477
5432872
5439435
5439538
5463009
5467777
5489259
5490180
5490332
5500385
5502461
5509765
5536514
5539713
5562771
5572282
5607298
5612000
5614037
5628275
5628445
5632170
5642595
5657615
5665343
5685311
5693175
5707572
5713853
5713978
5715429
5723757
5734675
5737990
5744428
5754355
5760900
5763564
5768409
5781322
5792615
5793113
5803532
5808060
5830036
5832524
5841258
5855156
5857652
5859185
5869396
5870799
5878186
5887059
5888532
5896737
5899049
5916671
5918856
5939284
5943047
5967155
5970476
5988442
5995660
5999322
6005058
6048601
6053167
6053508
6068436
6093305
6106027
6132836
6141222
6156772
6168922
6170738
6173122
6178850
6184083
6184867
6189686
6197560
6198930
6210721
6231113
6235961
6236502
6258830
6269914
6284540
6298260
6332693
6341525
6343696
6346538
6349001
6349324
6350036
6356687
6368581
6388187
6421965
6424086
6424828
6432296
6434210
6435718
6448994
6461254
6473549
6475032
6492959
6499003
6503579
6510196
6526705
6534374
6536198
6552502
6556607
6572590
6583927
6597297
6610931
6616374
6618777
6628556
6640379
6658037
6660902
6720929
6732759
6733663
6740207
6768339
6776519
6799594
6802448
6811238
6833724
6848288
6851861
6852696
6861253
6879718
6892296
6904869
6906016
6928881
6938002
6941382
6949183
6958130
6985350
6991244
7001374
7004134
7004180
7035977
7036740
7047244
7057061
7070346
7076271
7080899
7081947
7085403
7089665
7096279
7122696
7134283
7142000
7156341
7158349
7158823
7158899
7164831
7167391
7174781
7179021
7181741
7185619
7189226
7193557
7216062
7227232
7228037
7234551
7240955
7253694
7255365
7268816
7284135
7290181
7290436
7292411
7295181
7316921
7324358
7327761
7329384
7365309
7371976
7382839
7388962
7401126
7427637
7431421
7460057
7461114
7461124
7480864
7501185
7510217
7530264
7543173
7550757
7553150
7567235
7577111
7585882
7588919
7589714
7624533
7624632
7626137
7637032
7652298
7661316
7679572
7683716
7702918
7707228
7708876
7713005
7716274
7716276
7717726
7720075
7722236
7732259
7734482
7759143
7765097
7777372
7782537
7791289
7797416
7801399
7802738
7804252
7824825
7826559
7836206
7847029
7849965
7851279
7853156
7854866
7857670
7934057
7942468
7952303
7971570
7982546
7993660
7996244
8002130
8014820
8025775
8030861
8053484
8071685
8087485
8114534
8116104
8120682
8128486
8136345
8137423
8142961
8150095
8151312
8160104
8182492
8184491
8197661
8200429
8209603
8223495
8223612
8236757
8238072
8260505
8261239
8287129
8290438
8292007
8310421
8325350
8334188
8348611
8362639
8372608
8380914
8388687
8389634
8398028
8425453
8455792
8474802
8479178
8498281
8504507
8507833
8512642
8542469
8543973
8560814
8568413
8594570
8614040
8622910
8666058
8674470
8708599
8718572
8734094
8766203
8770737
8803337
8820610
8823273
8828876
8841344
8842080
8843560
8859328
8872943
8911933
8923875
8924299
8947068
8948117
8948333
8962572
8967484
8967878
8976183
8991264
9001243
9009332
9014130
9028560
9039764
9063348
9063547
9068593
9073897
9077394
9084121
9086999
9096394
9100477
9103128
9105399
9106818
9114142
9124460
9127956
9155510
9168913
9174891
9183229
9189903
9199451
9209974
9216563
9218918
9219330
9224262
9242202
9242596
9253577
9269350
9271705
9283365
9291807
9296201
9302483
9313111
9346637
9360816
9375951
9383998
9414608
9417665
9438959
9463354
9479051
9488410
9502211
9504347
9517462
9517942
9520316
9541066
9544258
9548167
9581609
9586334
9599075
9609816
9617195
9637045
9644829
9657659
9671042
9673243
9676018
9679169
9680474
9684247
9698362
9700195
9707894
9728413
9762671
9763662
9769989
9789747
9793415
9819418
9825667
9857326
9869061
9879023
9884139
9891601
9929560
9929563
9933783
9998905
