697
1597
1696
3640
4792
5992
7517
9388
9416
9820
11669
12060
13041
13701
13853
13984
14073
14238
14570
14869
16629
18051
20899
25118
27157
28004
29981
30750
31063
33615
33873
34634
35939
36040
36495
36849
37097
38544
38823
38912
40617
41040
41750
42976
43474
44002
46499
46788
46975
48455
48901
51313
51479
56305
56744
58758
59588
60210
60595
61063
61759
62426
62700
62941
64559
65113
65440
68455
68880
69332
70125
70158
70300
71949
75064
76041
81126
81225
81739
82358
82618
82867
83228
83468
83745
84603
85783
86066
86600
87213
89011
89491
89801
90343
92117
92544
94015
97070
97747
98000
98134
98646
102672
104122
105927
110120
112154
112971
113182
114655
115880
116963
118472
118718
119348
120611
121301
122642
123991
124188
125368
129332
130361
130861
131931
133678
133819
135602
136325
137364
137519
137553
140767
141060
142743
142863
146343
146691
146905
147419
147874
149047
149182
149385
149982
151232
151963
152325
152895
153096
153381
153470
155778
159421
159833
160666
162727
163690
163742
163745
165111
166064
166169
166429
167325
168070
168288
168811
169000
170426
170603
171610
171955
172026
174082
174604
175013
175233
176544
177005
177074
177190
177444
177644
177857
178966
179331
179597
180288
180843
185290
185429
185716
186005
186963
188376
188399
189326
190909
191035
191669
193214
193744
193842
194467
194507
195435
196023
197189
201323
201425
201662
203204
204109
207763
208963
209448
210301
210709
211185
211618
213394
215472
215616
216219
217389
220928
221831
221852
223075
224233
224686
224689
225759
226799
227265
227359
227723
227883
228009
229183
231158
231374
233427
235696
235934
235990
236086
236449
236607
237459
238104
239199
241078
242303
242362
243699
246059
248206
248938
252314
253275
253690
253992
255156
255249
256665
257314
258616
260137
261394
261611
262551
263306
264631
267991
268437
269074
269739
270124
270457
271942
272297
273204
274771
278026
278441
279270
280996
283075
283398
284729
284959
287142
287191
287230
287259
287968
288214
288281
288929
289847
292433
292832
293338
293987
294678
294961
295177
295275
295382
296253
296924
297775
298419
301695
303524
304263
306185
306273
310731
311339
312402
312681
313189
313479
313510
314411
314457
315771
315964
316434
316774
317253
319043
320060
320248
322293
322456
328123
328237
329112
329570
330072
331705
332334
332526
333140
334259
338317
338389
339676
340429
341183
341778
342827
343841
344000
344048
344706
345458
346502
347152
347376
351673
352460
353617
353672
357015
357890
359157
359947
359955
360197
361442
361898
362738
362789
362854
362890
363206
363491
365007
365735
366180
368289
368301
368593
368729
368827
369058
369554
369803
370071
371678
372008
372228
372778
372795
373741
374991
375547
375812
375911
376048
377450
377465
378005
378675
380078
380328
380773
381329
381558
381884
387480
387609
388058
389807
390492
391699
393896
395117
395201
396009
397434
399940
400645
400941
403645
404138
405513
405561
406546
407261
407626
408093
409992
410515
411502
414945
415735
416053
417224
418611
419298
420043
420891
421709
424651
426030
426295
426645
427335
431192
431499
433576
434423
435327
437967
439316
440480
440795
441825
442440
443192
445284
446242
446322
447179
447397
448982
454865
455805
457096
457619
458174
459253
460813
461794
463246
463886
467040
472618
474316
475075
478065
484334
484792
485491
488876
490114
490821
492500
493094
494644
497556
504098
504358
505820
505849
506786
508767
510356
510998
511202
511558
512515
512737
514563
516552
517149
517464
517986
518516
518754
519274
520468
521246
522746
522949
523212
524478
525092
525575
526091
526378
526447
526628
529240
529690
530647
531731
533159
533861
534870
535260
537910
540094
540507
540850
545131
546973
547691
547809
548957
549302
550124
551087
552225
552773
552856
553316
553368
553536
553824
554527
554819
554887
554893
555800
556023
558319
559375
561170
561634
564015
564048
564131
565386
566525
567239
567809
568090
568553
569448
569507
570391
572427
574201
574779
575024
576289
576345
577198
578392
578693
578794
579236
580482
584918
586763
586941
587772
588603
596086
596992
599032
600656
601309
601524
601811
602224
602464
602949
604011
604144
604334
605302
607196
608148
609613
609683
610392
610699
610765
611478
611728
612247
613742
614494
614633
617337
618269
618348
618877
621337
621548
625185
627154
628060
629411
629999
630047
630914
631563
634448
635056
635702
636541
638988
639650
640227
640857
641368
641842
644466
645181
646515
649929
651644
652077
652921
653064
653125
653275
654910
656615
656810
659083
659238
659686
660550
661900
662856
664826
665248
665476
666033
667514
667561
670405
671488
671547
671853
673214
674174
674396
675857
676145
676889
678702
679712
680126
681384
681913
682689
683904
684466
685140
686450
687725
688554
688844
694050
695031
695411
695951
696518
696825
697152
697238
699695
700528
700752
700950
700957
701816
704828
705227
706816
710000
710882
711183
711492
712316
712559
713414
716002
718303
719873
719926
721306
722411
722877
724459
724524
724638
725478
725607
727020
727520
729092
731467
732847
735600
737048
737201
737383
738461
738550
739071
739393
739900
742820
743492
744789
747108
750152
750976
751081
751462
752094
752361
753008
755422
755922
757645
758027
758872
760783
761658
761936
763011
764105
764228
764855
764938
767287
768113
770677
771041
774639
775736
776308
776322
777137
777589
778199
778985
781871
782394
782910
783766
784269
785773
787174
787285
788722
789113
790087
790157
792165
792226
792909
794196
796473
798861
799842
799856
800415
800694
801711
802452
802774
803353
804355
805309
805509
805589
807541
807919
808017
809139
812459
812813
813169
813440
816380
819001
819382
819879
820963
821186
821407
821577
823293
824009
825379
825699
825965
825997
828601
829794
831797
832399
832586
833157
834497
836090
836358
839581
840153
840362
843240
843931
844939
845965
846437
846654
847256
847367
848230
850453
850651
852349
852455
852595
853404
853976
856160
858946
859195
860189
860279
861147
864929
866745
868756
868983
869628
870085
873038
873090
873465
874668
875204
875469
875579
875942
876534
879440
879791
880090
880220
881765
882048
882652
882911
883603
884655
885384
886388
887437
889194
890699
890755
892184
892681
893286
894200
894902
897072
898163
900258
900518
902072
902088
902218
902372
903179
904137
905292
905820
906548
906614
906693
907875
910486
912810
913367
913595
913930
914144
915654
916250
917104
917616
919327
922170
922635
922646
924091
926101
928109
928153
929166
929911
931404
931558
931889
932663
933451
934368
934946
936363
938020
944333
944468
945769
945971
946966
947882
950413
951411
951704
952806
954335
955411
955441
957016
958031
958915
959181
959566
961971
962480
963013
965393
965888
966021
967760
967886
968170
968422
969870
970785
971349
971752
972724
973168
977277
978720
979158
981321
981942
982704
983174
984117
984845
985073
985202
985504
985832
986786
986788
988012
989477
989824
989917
990949
994660
994806
995838
999185
1000785
1000812
1001377
1003303
1006783
1007288
1008430
1011260
1012282
1012774
1014812
1015932
1017525
1019121
1019176
1020540
1020582
1021000
1021196
1021539
1021821
1022313
1022372
1022396
1022656
1022688
1023812
1024760
1025972
1026596
1026749
1027005
1027753
1027977
1029135
1029165
1029463
1029476
1030170
1033459
1033736
1034423
1035488
1036800
1037564
1039991
1041118
1050216
1050461
1051456
1052415
1053622
1054123
1057958
1058396
1058986
1060650
1060875
1061700
1063333
1064167
1064257
1064345
1067189
1067465
1072792
1075815
1077053
1078115
1078647
1079524
1079646
1079717
1080161
1081979
1082581
1082889
1083618
1083908
1085824
1086815
1087518
1090674
1090705
1092849
1093178
1095059
1095832
1096011
1097189
1098480
1098723
1100498
1101996
1103562
1104506
1104578
1107444
1109990
1110626
1111361
1111684
1113510
1114058
1115699
1116881
1117090
1117523
1117580
1118771
1119674
1120213
1121615
1123732
1125096
1126403
1127313
1127443
1127941
1130046
1131372
1133061
1134132
1135964
1136629
1139737
1140238
1140462
1142611
1142810
1144993
1145573
1146840
1146971
1147196
1149339
1149343
1149605
1152907
1153728
1154010
1156453
1156809
1159953
1160985
1161873
1163382
1163833
1164708
1165132
1166207
1167362
1167530
1167749
1169716
1174578
1174962
1174997
1175440
1175642
1175771
1176060
1178297
1179324
1179664
1179676
1180649
1181120
1182065
1184195
1184357
1186736
1187723
1188318
1189026
1190733
1190768
1191566
1191794
1191826
1192734
1193551
1193768
1195560
1195624
1196541
1196875
1197040
1198031
1200158
1200613
1200804
1201163
1203923
1206411
1206890
1209204
1210250
1210631
1210826
1213444
1215035
1215195
1218094
1218596
1219070
1219835
1219959
1220158
1222924
1223304
1223645
1224340
1225177
1230096
1230622
1231408
1233933
1234641
1236257
1237609
1241170
1242871
1243625
1243660
1244365
1244397
1246488
1247521
1247617
1251026
1253749
1254884
1256657
1257263
1258721
1260471
1261665
1261887
1262079
1263661
1267716
1267840
1269672
1269765
1275017
1275264
1276752
1279521
1280039
1281499
1285006
1286281
1288141
1288154
1288625
1294882
1295629
1296005
1297567
1298023
1303932
1304976
1305160
1305191
1306017
1308963
1311487
1313412
1313952
1314708
1320094
1321183
1321647
1321835
1323393
1323924
1324012
1324272
1325241
1329056
1329553
1332515
1332582
1333561
1333765
1334194
1335357
1337695
1340101
1341178
1341873
1342279
1342454
1345218
1345380
1346421
1348097
1348489
1349265
1349382
1350198
1350646
1350935
1351186
1351759
1352439
1352746
1353673
1354862
1355942
1356444
1358060
1358373
1359165
1360297
1361103
1361194
1361281
1361846
1362982
1365021
1365527
1368292
1370070
1371496
1371756
1372483
1372490
1375628
1376290
1377399
1381571
1381590
1382015
1383637
1383792
1386352
1387954
1388629
1389402
1390861
1390981
1391379
1391814
1393230
1393663
1395065
1396243
1396471
1396595
1397421
1397569
1398088
1398371
1398711
1399860
1400955
1401823
1402486
1402488
1404526
1405702
1406383
1407017
1407499
1409575
1411165
1411327
1412200
1413180
1413426
1413532
1415563
1416810
1419056
1419144
1419958
1421275
1422083
1423762
1426864
1426981
1427259
1427659
1427750
1428593
1429964
1430549
1433939
1434195
1434418
1434465
1435969
1436435
1436596
1437484
1437953
1439224
1440995
1441778
1443410
1451962
1452354
1452636
1456435
1456483
1458205
1458289
1462192
1463820
1464448
1464934
1465233
1466348
1468006
1469887
1469954
1470244
1470954
1472585
1472699
1473216
1474437
1475314
1476575
1479278
1480895
1481780
1481890
1482039
1483362
1483552
1486315
1487065
1488414
1490075
1492740
1493594
1494599
1495671
1497169
1498739
1500200
1500320
1502397
1502924
1504201
1504205
1504562
1504902
1505033
1505038
1506279
1506647
1507441
1507727
1510955
1510986
1512347
1512406
1512716
1514574
1515048
1516545
1517691
1518239
1519671
1520051
1520126
1520852
1521974
1522301
1524980
1526198
1527231
1527964
1528282
1528537
1528832
1529149
1530479
1530734
1531898
1532315
1534252
1534817
1534842
1540929
1542279
1543478
1543662
1544032
1545739
1550268
1551903
1553434
1554800
1555742
1555891
1557475
1557888
1557909
1559028
1560446
1562122
1562150
1564023
1564119
1564380
1567091
1568834
1569195
1570787
1571016
1571040
1571095
1572272
1572739
1573065
1573295
1574015
1578685
1578843
1578987
1579068
1579806
1580135
1580156
1581193
1582334
1582991
1583836
1583889
1585769
1585932
1586641
1589749
1590937
1591268
1591966
1592444
1593924
1594721
1594838
1596625
1597553
1597560
1597631
1597961
1599887
1600618
1601516
1601594
1601924
1601965
1602368
1603084
1603764
1604865
1604963
1605699
1608164
1609562
1611749
1611918
1614013
1614190
1614370
1616465
1618894
1620111
1620243
1620920
1622655
1624290
1625341
1625452
1625574
1626847
1627352
1627465
1628466
1628698
1629094
1629322
1629452
1629498
1630256
1631142
1632099
1632924
1638844
1639227
1640398
1642701
1643212
1643565
1643656
1644576
1647701
1647777
1652963
1654987
1656142
1656506
1657272
1657421
1657805
1659851
1660257
1662299
1665324
1666585
1666819
1668293
1668613
1669798
1670210
1670556
1671048
1671992
1672441
1673213
1673376
1674302
1674334
1676073
1676181
1676732
1677221
1678553
1678627
1679100
1679152
1685434
1686019
1687548
1687762
1687776
1688251
1689795
1690070
1690284
1690874
1691771
1692126
1693480
1694334
1696510
1696596
1696880
1697105
1698292
1701922
1702314
1702836
1702866
1703013
1703469
1703555
1703910
1704726
1704927
1705237
1706450
1706469
1707568
1708157
1709405
1709638
1710041
1710926
1711449
1711476
1711512
1711916
1714217
1714891
1715549
1715577
1718302
1719625
1720948
1721170
1722561
1724251
1724251
1724313
1725327
1726712
1727017
1727988
1728693
1729920
1730809
1731389
1732658
1732793
1734097
1734644
1734708
1735064
1737576
1738110
1739705
1740344
1742504
1744680
1744869
1747161
1749740
1749997
1750633
1750994
1751742
1752761
1752826
1753275
1753860
1753925
1754293
1754466
1755326
1757744
1758404
1762231
1762282
1763119
1764154
1764845
1764953
1765396
1765715
1767417
1768569
1768882
1769265
1771282
1771317
1771446
1771621
1772307
1777166
1778601
1779684
1782158
1782636
1785357
1785410
1786383
1787570
1787835
1788605
1789433
1790455
1791884
1793316
1793963
1794285
1795045
1795078
1795952
1796149
1797319
1797960
1798545
1800794
1801588
1801973
1804098
1804493
1807475
1807827
1808364
1808577
1809031
1814284
1814806
1814871
1814894
1815231
1816505
1816858
1816875
1819194
1819388
1822034
1822129
1822856
1822880
1823059
1826094
1826559
1826589
1826955
1827214
1827909
1828230
1829532
1831455
1832285
1834833
1836880
1837316
1839386
1839386
1840233
1840819
1841076
1842359
1842532
1843454
1843745
1844517
1844811
1845025
1845212
1845310
1846640
1847353
1848774
1851065
1851090
1852666
1852847
1853731
1854031
1854706
1854910
1856368
1856737
1857020
1857589
1858208
1860111
1861198
1861225
1863584
1863705
1864426
1865498
1865569
1866341
1866683
1867767
1868469
1869029
1870814
1872786
1872817
1874680
1876810
1876894
1878840
1878891
1879164
1880184
1883365
1887068
1887802
1889063
1889223
1890165
1890816
1891768
1892158
1892639
1894024
1894443
1895349
1895979
1896046
1896176
1898265
1898467
1898921
1901342
1902539
1902754
1904409
1904451
1905668
1906639
1907750
1909753
1910289
1910543
1910963
1912016
1914931
1915620
1916346
1918760
1919526
1925441
1927087
1927246
1928504
1928694
1928772
1928931
1929930
1931591
1932963
1933201
1933653
1933907
1934575
1934777
1940372
1940580
1940749
1940913
1941359
1941624
1943784
1943965
1944328
1946514
1946781
1947111
1947365
1947414
1948302
1948380
1948513
1949352
1952423
1952861
1954115
1955075
1956180
1956451
1957721
1960279
1961501
1968662
1969113
1969451
1969987
1970833
1973261
1973755
1973806
1975099
1975979
1976531
1977857
1977872
1979165
1979424
1979855
1981057
1981690
1981715
1981891
1982041
1983612
1984798
1984821
1985029
1985060
1985079
1985820
1987350
1987696
1989449
1990365
1991084
1991774
1992317
1992624
1992765
1993724
1994299
1994559
1995490
1996581
1997666
1998803
1999187
2001266
2001277
2001463
2002217
2004439
2005098
2006075
2006808
2006856
2007200
2007703
2010305
2011912
2012317
2012398
2012456
2013850
2014200
2015532
2016411
2018942
2019468
2020174
2020743
2023476
2024400
2024743
2025099
2026632
2026836
2030972
2031254
2032060
2033186
2033375
2034098
2034584
2035603
2035702
2036029
2036625
2038516
2039746
2039890
2040573
2041149
2042513
2042581
2042983
2044675
2046222
2048274
2050037
2051241
2052960
2053055
2053808
2054816
2055538
2056008
2057860
2058607
2059505
2060481
2060811
2061678
2062838
2063686
2064476
2064663
2065613
2069836
2070671
2071706
2072532
2073150
2073241
2073655
2073803
2076711
2077514
2077746
2078401
2078988
2080439
2080519
2080831
2081295
2082070
2082144
2083605
2083929
2085587
2086696
2086748
2086757
2087261
2088802
2089216
2091679
2092627
2093824
2094721
2096606
2098292
2098449
2099416
2099603
2101535
2102045
2105268
2105596
2106268
2106481
2108239
2108583
2110978
2111113
2111988
2113992
2114796
2116786
2116953
2116969
2118874
2119032
2122519
2122811
2122909
2123085
2123137
2126105
2126466
2129368
2130680
2132075
2132193
2134091
2135995
2136005
2136671
2138922
2139749
2142544
2142646
2146307
2146804
2147981
2148126
2148974
2151545
2152233
2152585
2154562
2154788
2159364
2160123
2160357
2161436
2162761
2162914
2166879
2167847
2170354
2170587
2172957
2177265
2177535
2179216
2180490
2180512
2182631
2184930
2186570
2187006
2188282
2188461
2189470
2190244
2191336
2191767
2192101
2193966
2194078
2194622
2194664
2194942
2195970
2196972
2200350
2200683
2201046
2203603
2204351
2205076
2207209
2209888
2210024
2212608
2213570
2215893
2218393
2221530
2223059
2228901
2229719
2230334
2231488
2231696
2232694
2232724
2234206
2234553
2234701
2235402
2236731
2237975
2238303
2238415
2239805
2241060
2242487
2243149
2243685
2246977
2247351
2247750
2248918
2251787
2253900
2254965
2255055
2256446
2261295
2263286
2266967
2267169
2268322
2268728
2269185
2272919
2273835
2274044
2275857
2276802
2277055
2279694
2280077
2280865
2286966
2289093
2289117
2291029
2291313
2291385
2291902
2292137
2293857
2293912
2294135
2298421
2298913
2299525
2300093
2301197
2302158
2302791
2303320
2303667
2304430
2304492
2305158
2305974
2306275
2308243
2308444
2308751
2310025
2313309
2315226
2316969
2317312
2317393
2318611
2319187
2322961
2325221
2326294
2327377
2328045
2328336
2329165
2329830
2330334
2331373
2331658
2332372
2333563
2334525
2335207
2335251
2336696
2337173
2337263
2337367
2337829
2338367
2338604
2339306
2341955
2342823
2343990
2345924
2346670
2348120
2348253
2348806
2349259
2349541
2350244
2351236
2351719
2351791
2352159
2352172
2352631
2353563
2353877
2354985
2357478
2358235
2358712
2361005
2361275
2362310
2362407
2362587
2365483
2366206
2366847
2367491
2369430
2369859
2371095
2371242
2371937
2372826
2373909
2378479
2380067
2381491
2382932
2383420
2383721
2383929
2384124
2384454
2388735
2389132
2389594
2391382
2391407
2392439
2393469
2393738
2393975
2394205
2394662
2395321
2395483
2403641
2404122
2405672
2406329
2407824
2408487
2409809
2410137
2410706
2410791
2411556
2412054
2413102
2414450
2414632
2414959
2415673
2416443
2416734
2418045
2419342
2423600
2425631
2426074
2426759
2427965
2429839
2430018
2430920
2433544
2434052
2434895
2436355
2436972
2437422
2438385
2442260
2442417
2443318
2446819
2447854
2448297
2450279
2450296
2451109
2451720
2453917
2454328
2456617
2457500
2458129
2458615
2458781
2458855
2459583
2461518
2462780
2462844
2464079
2465937
2466779
2468566
2469412
2469660
2469976
2470319
2470397
2472127
2472669
2473225
2473948
2474166
2474679
2475146
2475603
2477577
2478016
2478023
2478112
2480190
2482397
2484041
2484351
2486077
2486789
2486890
2486965
2488100
2488960
2491699
2492318
2492975
2493295
2494892
2495691
2498576
2498958
2499526
2500758
2502031
2502543
2503194
2503288
2503848
2504108
2504726
2505562
2506507
2507970
2508679
2508733
2509037
2509040
2509653
2509839
2510998
2512894
2513777
2514143
2515104
2515257
2515703
2516550
2518409
2518559
2520926
2521486
2522241
2522634
2523349
2523798
2527460
2528123
2528490
2528490
2528983
2530605
2533360
2533858
2534338
2534981
2535351
2536149
2537315
2537551
2538751
2539689
2543719
2544054
2547375
2547713
2548282
2548516
2548780
2549614
2550488
2551777
2553569
2555925
2555988
2556553
2557143
2558919
2560308
2560803
2561802
2563016
2563128
2563465
2563663
2563832
2565006
2567473
2568210
2571139
2571484
2573247
2573454
2573848
2576316
2579287
2581001
2584494
2586088
2587520
2589359
2589379
2590683
2591244
2591644
2591806
2593610
2595641
2596763
2597372
2598483
2598841
2600410
2603026
2604382
2605240
2605722
2608686
2609758
2609933
2611628
2612106
2613407
2614114
2614850
2615886
2615964
2616130
2619462
2619985
2620052
2620532
2621379
2621907
2622183
2623498
2624145
2625490
2626082
2626349
2627614
2631429
2632319
2632395
2633077
2633428
2634244
2634674
2635454
2636549
2638169
2639748
2639887
2640016
2640617
2640706
2642879
2645323
2646238
2646413
2647341
2647550
2648063
2648103
2648352
2648790
2649337
2650359
2651113
2651760
2652144
2652268
2653539
2655279
2655344
2656293
2657343
2657411
2659054
2660468
2661585
2663399
2663865
2665936
2666290
2666553
2666886
2667755
2667801
2669768
2670691
2672112
2673598
2674100
2674573
2675013
2675154
2675546
2676199
2678234
2678775
2678784
2680388
2680760
2682106
2682205
2682379
2685137
2685597
2688022
2688413
2689501
2690092
2690420
2691866
2693333
2693419
2694065
2694764
2694836
2694974
2695562
2696743
2697462
2698756
2698877
2701042
2701163
2701986
2704470
2706309
2707292
2707366
2708906
2712262
2713508
2714483
2715536
2716756
2719809
2719818
2721163
2721276
2721902
2722397
2723338
2724811
2725608
2726272
2726437
2726480
2726644
2726997
2728100
2728190
2729583
2733110
2734151
2734164
2735368
2735919
2736284
2736500
2736510
2737415
2737833
2738687
2738806
2740310
2743983
2745700
2746399
2747369
2748481
2748830
2750727
2751043
2751261
2757796
2760398
2760482
2761921
2762766
2764729
2765286
2765447
2766666
2767252
2767716
2768219
2770424
2773638
2774374
2774531
2774900
2774928
2777104
2778767
2779801
2784138
2784361
2784772
2787340
2788433
2789794
2790123
2790739
2792691
2793716
2794488
2794491
2795774
2796175
2796567
2799220
2800260
2800752
2801364
2802920
2804256
2805075
2805352
2805573
2808698
2809344
2810588
2810747
2811459
2813822
2815378
2815472
2816445
2817372
2818005
2818772
2818872
2819079
2819328
2820067
2820610
2820977
2822048
2822276
2824118
2826197
2827524
2828252
2829625
2830067
2832298
2833082
2834275
2834564
2835567
2838656
2839243
2840307
2841788
2842014
2842041
2842527
2843952
2845722
2846045
2846065
2847332
2847784
2848457
2848641
2849886
2851024
2853886
2854323
2855076
2855242
2855834
2856934
2857418
2857817
2857961
2858815
2858845
2862028
2862204
2863410
2864241
2864388
2865226
2867380
2867524
2867848
2868629
2868703
2869088
2869119
2869140
2870027
2870360
2871931
2872304
2872448
2872745
2874533
2875185
2875636
2877276
2878302
2880042
2881425
2881660
2882068
2882494
2884702
2885878
2887781
2887906
2889021
2889100
2890183
2891111
2891360
2891370
2891985
2893221
2894378
2895092
2895519
2895575
2896389
2896587
2897262
2897319
2897833
2898445
2898771
2899968
2901664
2901753
2901956
2903182
2903833
2905968
2907941
2914729
2916457
2916911
2917177
2918538
2919485
2924440
2924904
2925481
2929060
2930688
2934251
2934301
2934708
2934734
2936260
2939791
2942011
2943364
2943884
2947995
2951353
2952003
2952018
2953468
2953758
2955531
2956619
2956927
2957710
2958020
2959318
2959607
2961447
2962504
2962805
2964583
2965140
2967491
2970883
2971172
2971243
2972264
2974055
2974960
2976061
2977091
2979247
2980274
2980913
2981275
2982631
2983443
2983788
2984961
2985110
2985136
2986291
2986637
2986854
2988089
2988683
2988765
2988818
2989597
2989675
2990387
2990432
2992031
2992127
2994348
2994426
2994747
2997022
2997165
2997969
2998318
2998880
2999252
2999786
3002896
3003661
3004541
3004556
3005655
3007597
3012132
3012794
3014146
3014249
3014286
3014291
3016404
3016530
3016701
3017376
3017436
3018197
3019997
3020311
3021635
3021727
3022434
3023884
3024365
3025070
3025244
3025825
3026317
3026499
3027857
3029396
3030347
3030834
3032380
3034930
3035797
3037005
3040928
3041104
3043752
3044805
3045486
3045516
3046306
3046637
3047483
3048245
3048892
3049085
3049961
3050533
3051016
3051173
3051925
3052126
3052162
3053080
3053924
3055719
3056267
3056500
3056614
3057605
3063067
3063942
3065341
3066496
3070492
3071623
3074159
3074898
3076414
3077218
3079265
3079898
3081742
3084607
3085816
3086752
3086928
3087087
3090323
3094036
3095350
3095862
3096906
3098657
3098797
3100801
3101043
3101618
3101987
3102654
3103675
3105748
3106143
3106564
3107392
3107760
3108254
3108759
3109225
3110463
3111956
3112192
3112861
3113740
3113860
3114355
3115568
3118013
3119410
3120371
3121410
3121976
3122188
3123208
3124980
3125971
3127860
3130098
3130627
3132112
3134632
3134817
3135123
3136722
3138630
3139490
3142855
3147984
3148719
3148942
3149309
3150429
3150597
3151591
3151940
3154192
3154887
3156192
3156920
3158335
3158603
3158686
3158754
3159263
3160802
3160893
3161230
3162082
3163044
3163880
3164886
3166354
3167949
3167960
3170587
3170733
3171152
3171594
3171726
3172185
3173860
3173962
3175708
3175730
3176970
3178316
3178398
3179337
3181573
3184657
3184688
3186507
3187023
3187936
3188957
3189900
3190903
3191063
3191174
3191833
3192878
3194643
3194659
3194733
3195599
3196640
3198077
3199079
3200137
3201665
3201905
3203741
3204743
3206321
3207494
3207761
3208016
3208429
3210277
3210439
3212638
3212800
3214677
3214775
3218318
3218703
3219310
3219310
3219926
3220060
3220207
3220470
3220886
3222182
3222216
3224555
3225374
3225796
3226010
3226262
3226393
3227748
3227829
3228154
3228939
3229821
3229873
3230997
3231565
3232319
3232942
3233698
3233928
3234263
3235005
3235898
3236013
3236504
3236961
3237234
3237592
3238254
3243011
3244810
3245405
3246260
3247509
3251485
3252852
3254151
3254638
3255220
3255345
3258547
3259770
3260519
3260570
3260883
3261104
3261534
3262139
3262920
3263235
3264423
3265455
3265599
3265672
3265855
3267162
3267725
3268496
3268661
3271575
3272972
3274030
3275099
3276635
3277482
3278385
3280042
3281101
3282565
3283825
3285028
3287092
3287719
3288018
3288539
3290034
3290042
3292043
3292730
3293362
3294399
3295440
3295713
3296142
3298492
3300856
3301744
3302046
3304267
3305262
3306697
3308415
3309626
3309826
3310668
3311803
3312094
3312951
3315228
3316384
3317147
3318296
3319333
3321032
3322430
3322612
3323773
3324345
3324907
3325123
3326546
3326754
3328657
3332181
3333758
3333774
3335672
3339205
3339591
3339765
3339881
3342009
3342206
3344950
3345267
3348912
3352610
3354541
3355028
3358180
3358507
3359249
3359875
3359992
3360184
3360338
3360992
3362637
3363061
3363375
3365496
3365640
3366857
3367067
3367368
3367730
3368444
3369262
3371811
3372221
3373068
3373325
3373458
3375688
3376577
3378589
3378659
3378899
3380709
3381414
3381586
3381721
3382389
3382796
3382939
3384836
3385763
3385826
3386158
3386873
3388030
3391066
3393838
3394295
3398917
3399573
3401193
3402065
3402311
3403163
3404456
3404699
3404788
3405147
3405390
3405488
3406640
3407289
3409163
3410472
3413961
3414078
3414326
3414740
3415104
3415323
3415668
3416712
3417190
3417410
3417857
3419483
3419849
3420413
3420577
3422922
3423297
3425146
3426290
3429699
3429900
3430129
3430727
3430947
3431797
3431917
3432286
3433976
3435392
3435646
3436165
3436549
3438557
3439962
3442252
3442456
3443277
3443848
3444462
3444864
3446614
3452315
3453220
3453254
3454009
3454303
3455673
3456186
3457096
3457922
3459328
3461168
3461715
3461746
3466390
3466966
3468382
3469842
3471182
3471369
3472579
3472648
3473013
3473141
3475442
3481217
3481998
3483278
3484981
3488710
3488973
3490525
3491832
3494591
3499038
3500281
3502009
3504526
3505819
3506297
3506834
3511253
3512917
3513192
3513793
3515064
3515823
3517456
3519581
3519770
3521081
3522045
3522444
3523006
3526377
3528248
3529789
3530957
3531063
3531845
3532699
3532743
3535123
3535440
3536349
3536609
3537765
3538428
3538654
3538941
3539223
3539237
3540030
3542712
3544732
3545355
3545869
3546661
3547998
3548433
3551710
3551886
3553127
3554052
3554605
3554934
3555544
3556067
3557470
3557526
3564226
3565185
3565551
3566146
3571067
3572375
3574891
3575041
3575120
3575128
3575939
3577511
3578688
3582172
3582975
3583116
3585470
3586919
3587018
3587094
3590553
3590640
3592770
3592936
3593641
3594039
3596187
3596420
3598132
3598798
3599151
3600028
3602123
3602125
3602551
3603723
3603936
3604983
3605102
3606265
3607241
3608481
3608977
3611513
3612164
3614199
3614776
3615313
3615743
3616038
3617158
3617237
3618235
3618388
3618423
3618932
3619978
3624403
3624503
3624552
3625015
3629485
3630617
3631477
3631509
3632045
3632327
3634098
3634226
3635641
3636615
3636637
3640552
3641103
3642908
3643089
3644319
3644571
3645182
3645287
3646044
3646887
3647502
3648423
3650179
3650902
3651188
3652187
3653618
3655411
3655937
3656107
3658051
3658294
3659919
3660329
3660783
3661504
3662673
3663316
3665212
3665470
3666907
3667902
3668138
3668568
3670050
3670652
3670696
3671391
3671451
3671605
3672971
3673809
3674297
3675767
3677644
3678094
3678245
3679087
3682159
3682264
3684091
3687689
3689940
3690627
3691143
3691701
3694523
3694795
3695126
3696491
3696630
3697922
3698590
3699020
3700396
3701651
3705575
3706066
3706390
3706536
3707962
3708902
3710081
3710275
3710277
3710964
3713692
3713703
3714308
3714582
3714822
3716108
3719060
3719907
3720364
3721040
3721248
3721402
3722160
3725287
3726591
3727503
3728776
3728847
3730093
3730676
3732287
3736994
3737902
3740560
3742019
3742456
3744537
3745766
3746301
3746686
3746823
3747563
3747585
3747831
3749116
3749231
3749607
3750245
3754559
3756030
3756811
3757362
3757915
3758294
3759173
3759534
3759887
3760291
3761970
3762581
3763144
3763272
3763447
3763751
3763766
3764868
3765116
3768227
3768890
3771252
3772242
3773321
3774684
3777394
3777572
3777606
3778780
3783499
3783985
3784501
3784524
3786043
3787574
3787872
3788419
3791652
3798102
3798787
3799673
3800669
3801957
3802501
3803292
3804272
3804475
3805746
3805794
3810324
3811087
3812355
3813065
3813639
3814227
3814500
3815232
3817043
3817268
3817388
3817751
3818751
3819740
3820490
3820790
3821589
3823001
3823444
3823514
3824264
3824554
3824838
3825480
3828040
3830650
3831760
3832790
3832975
3835420
3836767
3836908
3839543
3840860
3840912
3843314
3843517
3845885
3846002
3846530
3849225
3850378
3853516
3854939
3855748
3858296
3859033
3859104
3859303
3859890
3860334
3860871
3861640
3861840
3862599
3862703
3865742
3866473
3867847
3868069
3869988
3870543
3870671
3872133
3872852
3873303
3875148
3875465
3876374
3877282
3877856
3879195
3879394
3879493
3880580
3881029
3881239
3881895
3882577
3883100
3884868
3885854
3886932
3887362
3890679
3891464
3892101
3892151
3892987
3893069
3896148
3896168
3897824
3898033
3899253
3901188
3902490
3902530
3902899
3903100
3903499
3904015
3904266
3904786
3904961
3905891
3906106
3906172
3906467
3906471
3907169
3907841
3907880
3908204
3908567
3909011
3909749
3909847
3911639
3912066
3913762
3915580
3916568
3917946
3920467
3921254
3922045
3924468
3924626
3926923
3929506
3932147
3933857
3934495
3934839
3935711
3939527
3941439
3941793
3941814
3941873
3942010
3942323
3944274
3945125
3945880
3947730
3948524
3948540
3949607
3950218
3950239
3950993
3951177
3951740
3952871
3954246
3954616
3954882
3956217
3956929
3958914
3959061
3959196
3959298
3961288
3961885
3963192
3963525
3964511
3964517
3966776
3967501
3968702
3968996
3969156
3971206
3971803
3974317
3975311
3975889
3975915
3976009
3978049
3979518
3979549
3980364
3982826
3984309
3984827
3986678
3987787
3993379
3997502
4000155
4000254
4000704
4002880
4003123
4003142
4005160
4005270
4005668
4006054
4006202
4009106
4010688
4011575
4013373
4014034
4014360
4015447
4016162
4017040
4017351
4018165
4018339
4020611
4022501
4023345
4024840
4025861
4026569
4027092
4027187
4027282
4028335
4028506
4028790
4029005
4029049
4029334
4029971
4031240
4031680
4033632
4033929
4035884
4036490
4037067
4037075
4037253
4041974
4043107
4043438
4043547
4043689
4045870
4049161
4051149
4051744
4051906
4054194
4054575
4054652
4057012
4058961
4059004
4059088
4060059
4060130
4063434
4064349
4065156
4065289
4066385
4067117
4067612
4071909
4072609
4073841
4074187
4076539
4078697
4080420
4080445
4080616
4080769
4081434
4082114
4082232
4083218
4083517
4086446
4086742
4088698
4088706
4089793
4089943
4090050
4090147
4091523
4091795
4092884
4094120
4094630
4095445
4095656
4095665
4096031
4096617
4098892
4099905
4100881
4102427
4102495
4104088
4104490
4104783
4104844
4105221
4105494
4106149
4106404
4106782
4107687
4108036
4110466
4111537
4112133
4112335
4112700
4113765
4114556
4115572
4116868
4118197
4118294
4118856
4120244
4121959
4122909
4123223
4123257
4125086
4125219
4125294
4126611
4127163
4127810
4128750
4131646
4131819
4133080
4134043
4134940
4135012
4135727
4136563
4136759
4137350
4137846
4141689
4142435
4143447
4143676
4146486
4146604
4146969
4148537
4148836
4149133
4149738
4150207
4151020
4152195
4152498
4153055
4155440
4157738
4158057
4159079
4162996
4163161
4164555
4164557
4165425
4166351
4167370
4168609
4169230
4170530
4171843
4172882
4173820
4176420
4177988
4181180
4181849
4182163
4183266
4183332
4183910
4183930
4184720
4184957
4186463
4187142
4187263
4187634
4190688
4191512
4192380
4193012
4193605
4193954
4195253
4195434
4196941
4197304
4197577
4198385
4198479
4199072
4199593
4202314
4203619
4203758
4205973
4206651
4207126
4207476
4208243
4208251
4209012
4209351
4209836
4212027
4212436
4213640
4214001
4214067
4214802
4216274
4217424
4219480
4219838
4220468
4220721
4221491
4221778
4222994
4226054
4226171
4228458
4229272
4230071
4230563
4231297
4232847
4233134
4234242
4235092
4235498
4235877
4236010
4236223
4236864
4237660
4238345
4241685
4242009
4243038
4243663
4244768
4245138
4245283
4245742
4246617
4246688
4246960
4248585
4248820
4251054
4251113
4253629
4254126
4256533
4256566
4258301
4258690
4258802
4259042
4259328
4261985
4263098
4263676
4263698
4266117
4266447
4268179
4268213
4268291
4268397
4268555
4268727
4270055
4272845
4273663
4273692
4274328
4275195
4275521
4276514
4276909
4277837
4278320
4278838
4279155
4279999
4281424
4281649
4282169
4283022
4283101
4283408
4283891
4285300
4286316
4287201
4287405
4288673
4289199
4289611
4290933
4291267
4291437
4291864
4292274
4295748
4298117
4298200
4298364
4301376
4302981
4303040
4303813
4304079
4305485
4306998
4307270
4307573
4308688
4309174
4309429
4310873
4311081
4311967
4313205
4313604
4314185
4315507
4316141
4316644
4317616
4320959
4321769
4322565
4322856
4323339
4323780
4324053
4324414
4324948
4325089
4326660
4328940
4329141
4329303
4331087
4332316
4332767
4333607
4337135
4337790
4337919
4338538
4339257
4341374
4341854
4342694
4342877
4344101
4346406
4349084
4350899
4352483
4352754
4354604
4355649
4356659
4358352
4360527
4360628
4360693
4360762
4362710
4362833
4363816
4365426
4365512
4366261
4366299
4366539
4368249
4369062
4369115
4369503
4371379
4371623
4372038
4374646
4374845
4375195
4375690
4376649
4377772
4379555
4381974
4382661
4383254
4384787
4385326
4385763
4387034
4390343
4392023
4394349
4396067
4396618
4398040
4399003
4399317
4399506
4399819
4400182
4400463
4401658
4402211
4404558
4407039
4407885
4409047
4409603
4410344
4410791
4410863
4411465
4412025
4413709
4413791
4414864
4415755
4415822
4416462
4416896
4417126
4417852
4419051
4420124
4421593
4423799
4423850
4425068
4427098
4427215
4432108
4434598
4436440
4437061
4437458
4438761
4439293
4440215
4440388
4440640
4441561
4441613
4441913
4446025
4449118
4449260
4449421
4449727
4449951
4450190
4450806
4450891
4451788
4452895
4453157
4454494
4454717
4455015
4455204
4455211
4456575
4456724
4458276
4458734
4458880
4460105
4460898
4461828
4462176
4465700
4466305
4466832
4467091
4468001
4468087
4468389
4468632
4469006
4469794
4470161
4471466
4471777
4472366
4472745
4473408
4473960
4473999
4476293
4476350
4476584
4477737
4478967
4479136
4479164
4479968
4480874
4480937
4481483
4481953
4486791
4487531
4489020
4489054
4492517
4494295
4494521
4495801
4496049
4498097
4498098
4498682
4498697
4499251
4499849
4500498
4501856
4503994
4506681
4507390
4508577
4509278
4510187
4510747
4512264
4512406
4512535
4514468
4515785
4516885
4517723
4519132
4522346
4522514
4523197
4523658
4525964
4528009
4528613
4528618
4531556
4533359
4534978
4536467
4536912
4537025
4537649
4538634
4538636
4539233
4539620
4540958
4541879
4541978
4542265
4542945
4543548
4545444
4545510
4546924
4548684
4548732
4549406
4549539
4550968
4551072
4553387
4555245
4555705
4556852
4557512
4558018
4560683
4561839
4564381
4565567
4565953
4567556
4567814
4568490
4568569
4568747
4570773
4572073
4574224
4575543
4575726
4576833
4576954
4577317
4577484
4578741
4578999
4580553
4581753
4584379
4584487
4584497
4584900
4587277
4587730
4587789
4588962
4589279
4590293
4590711
4591798
4592909
4593676
4594437
4594560
4594915
4595270
4595714
4596463
4596749
4599577
4600882
4601476
4602560
4603045
4603276
4607553
4608930
4609554
4609749
4609996
4610293
4610745
4611394
4611571
4613439
4617051
4618448
4619890
4619961
4621491
4621556
4622209
4626315
4626861
4626874
4628249
4628819
4629943
4631484
4632332
4632408
4632914
4634375
4635687
4637605
4637621
4638014
4638141
4638858
4640375
4641321
4642130
4642808
4643217
4643578
4646162
4646625
4646679
4651095
4651366
4652474
4654007
4655012
4657836
4658558
4659588
4659685
4660256
4660730
4661193
4663983
4664354
4664777
4666863
4667462
4667765
4668883
4669263
4669360
4669619
4669682
4670456
4671966
4672300
4672343
4675022
4679106
4679505
4679555
4680580
4680692
4681139
4681626
4682423
4683489
4683733
4685139
4685558
4687136
4687626
4688638
4690746
4691585
4694063
4694102
4694183
4695547
4695684
4696363
4697481
4698893
4698937
4699752
4700350
4701457
4701898
4703797
4705039
4705335
4706797
4707157
4708561
4710647
4711472
4711957
4712165
4712863
4713688
4716537
4716763
4717833
4717864
4719355
4719702
4719790
4719967
4720618
4724432
4724557
4724889
4724913
4725096
4726381
4727906
4729121
4729361
4729907
4731870
4733286
4734141
4736074
4737732
4739234
4740566
4742645
4743319
4745395
4746009
4746833
4748400
4748466
4748726
4750503
4750587
4752013
4753369
4753562
4754486
4754738
4755462
4757137
4757225
4759943
4760303
4763598
4764517
4764548
4765753
4766659
4767308
4768332
4768791
4771712
4772134
4772615
4773847
4774045
4777220
4779598
4780249
4780406
4782606
4783807
4784534
4789435
4790586
4791024
4793710
4794539
4794637
4798271
4798989
4801300
4803615
4804147
4804849
4806372
4806415
4807463
4807483
4809025
4809441
4809925
4811256
4813747
4814805
4814857
4814991
4816168
4817345
4817735
4818960
4820430
4821328
4822174
4822845
4824246
4825752
4827546
4827855
4829330
4829440
4829544
4832504
4832760
4834675
4835768
4836350
4837147
4837360
4837760
4840525
4841541
4841568
4842275
4843243
4844471
4845740
4846977
4847193
4849582
4851933
4853803
4857098
4857333
4859687
4860095
4861431
4861520
4862204
4864352
4865353
4865457
4865536
4867362
4868089
4868963
4871899
4876280
4876286
4876739
4877139
4878161
4879756
4882135
4882589
4883155
4883976
4884783
4885266
4886503
4887197
4888386
4889818
4890486
4891338
4891717
4893762
4894470
4895139
4895194
4896996
4897011
4902381
4902864
4902931
4903553
4904952
4905185
4905266
4906156
4906401
4909099
4910986
4911120
4912312
4914921
4916025
4917336
4917337
4917927
4918097
4918246
4918743
4920831
4921155
4923326
4924847
4925249
4925754
4926064
4926793
4930047
4930720
4931023
4933384
4933648
4933654
4934253
4935108
4935734
4935740
4936604
4936719
4936935
4937653
4939430
4942282
4943060
4945425
4946036
4947010
4947691
4947863
4948778
4948787
4949153
4949242
4951624
4952550
4955038
4955948
4956612
4959077
4960013
4960175
4961796
4961833
4962286
4963995
4964391
4964966
4965341
4965475
4965787
4966259
4968735
4969212
4971165
4972019
4973633
4974710
4974793
4974957
4976773
4977516
4977857
4978892
4980871
4981467
4985165
4985708
4986998
4987025
4989666
4990632
4991991
4995851
5001684
5001973
5002902
5002983
5003727
5003837
5004611
5005685
5006386
5006537
5007908
5010637
5010643
5011507
5011848
5011972
5013459
5016051
5017452
5017981
5020911
5022127
5022180
5022931
5024691
5027062
5030326
5031673
5031843
5031990
5032026
5033512
5034013
5035099
5036030
5036278
5036524
5036923
5039377
5039888
5040785
5040811
5044236
5044473
5045882
5046329
5046868
5048138
5048278
5051622
5052264
5055290
5059112
5061833
5062993
5064653
5067339
5067394
5068015
5070122
5072013
5072970
5073201
5075339
5076815
5078497
5078582
5078894
5079702
5079864
5080017
5081235
5081259
5081612
5081895
5082047
5085091
5085403
5085474
5085791
5086698
5087170
5088227
5089048
5089609
5090271
5091079
5091855
5092616
5092964
5093115
5093185
5094384
5094551
5094929
5094971
5095430
5096252
5096342
5096720
5098653
5099686
5101244
5102436
5102456
5102660
5102911
5103026
5103128
5106103
5106135
5108384
5108840
5110568
5111378
5112475
5113119
5114124
5114948
5117023
5117083
5117935
5121723
5123205
5123214
5125301
5127270
5127356
5127561
5127679
5128173
5130747
5131017
5131919
5132781
5133406
5134641
5135504
5136862
5136886
5138465
5138474
5138661
5143326
5144920
5146205
5146441
5146588
5147395
5149759
5150116
5150770
5153174
5153909
5154609
5155656
5162379
5162538
5162553
5162598
5163277
5163361
5163543
5164097
5167330
5168788
5168867
5169769
5170648
5171613
5172884
5173750
5176509
5178689
5180267
5180290
5180559
5181875
5181893
5181955
5183611
5185405
5185868
5185918
5186014
5186156
5188446
5188447
5189780
5190000
5190757
5191624
5192296
5192887
5194678
5196332
5197124
5197407
5197409
5198479
5199798
5200076
5201458
5201702
5201985
5203816
5204529
5205437
5208696
5208799
5209044
5209137
5214491
5216089
5216760
5218895
5219288
5219732
5221865
5221990
5222502
5222612
5222624
5223728
5225009
5225166
5225322
5225609
5226618
5228101
5228162
5229415
5230545
5232092
5234027
5237273
5237574
5239195
5240721
5240779
5240896
5244141
5244681
5244874
5246124
5247756
5250529
5251484
5251603
5253610
5255072
5255846
5256228
5256656
5256807
5256984
5257842
5258152
5261556
5263978
5264043
5267725
5268108
5272520
5272912
5272971
5274253
5274764
5275119
5275135
5275353
5275572
5276258
5277255
5277412
5279243
5279470
5279773
5282021
5282974
5284323
5291006
5291247
5291365
5291416
5293610
5295056
5295240
5299964
5300902
5301161
5302135
5302653
5304242
5304748
5305547
5305580
5305716
5306177
5306736
5306796
5307668
5308590
5309713
5309902
5310361
5310661
5311627
5313127
5314877
5315470
5315933
5319475
5321131
5323293
5324042
5324269
5330674
5331583
5331863
5332293
5334246
5334392
5334937
5335388
5335524
5337044
5337542
5337571
5337575
5338947
5339002
5339175
5340702
5341727
5341745
5342592
5342650
5346357
5347793
5348319
5348546
5350488
5350605
5354634
5355682
5356404
5357851
5358684
5359211
5361256
5361875
5362287
5362803
5363583
5364450
5364827
5365236
5365929
5369266
5369483
5372994
5374772
5374938
5377761
5378246
5378256
5378613
5380825
5381140
5382337
5382836
5383698
5383808
5384468
5384875
5386145
5387069
5388458
5390391
5390434
5390750
5391430
5391903
5392785
5392936
5393937
5395682
5395980
5396971
5398278
5398439
5398501
5399852
5400788
5402237
5403280
5404433
5405130
5406504
5406675
5406888
5408751
5409690
5410079
5410639
5410942
5410986
5410988
5411703
5412242
5412479
5412511
5413073
5413406
5414988
5415096
5418277
5419877
5420339
5421550
5422668
5422826
5426503
5427068
5428122
5429480
5429918
5430184
5430821
5431166
5431733
5432611
5433929
5435905
5436456
5441074
5441263
5442444
5442736
5442892
5444592
5447003
5448629
5449159
5453107
5453287
5453637
5454002
5454163
5454937
5454962
5457123
5457519
5457945
5459011
5463359
5464216
5468742
5468869
5469676
5470272
5470413
5471506
5472030
5472182
5472855
5473854
5476454
5480647
5480839
5483400
5485810
5486357
5488533
5488600
5489031
5489254
5490048
5490051
5490260
5491078
5491985
5492840
5493598
5496297
5497473
5499810
5500075
5500624
5501174
5501372
5503002
5503803
5504108
5504992
5506002
5507411
5511265
5511312
5511526
5514321
5515988
5516094
5516849
5517315
5519470
5520828
5522182
5522231
5522466
5522564
5522907
5523554
5523622
5523737
5524382
5524485
5525777
5526457
5527529
5528445
5531002
5533276
5533469
5534758
5535850
5536408
5537052
5538257
5539562
5539630
5539826
5540199
5542179
5542531
5543359
5544085
5544093
5544598
5547123
5548421
5549170
5551194
5551298
5552685
5553614
5554361
5554490
5554631
5555111
5558839
5559833
5560630
5561141
5562042
5563483
5563638
5566030
5566276
5566402
5566993
5567727
5568527
5568821
5569041
5570693
5571118
5571488
5572026
5572091
5572980
5574968
5574982
5576013
5576063
5576555
5579420
5580693
5580790
5583576
5587324
5589259
5591236
5593317
5595101
5595801
5596844
5598521
5598908
5599170
5599284
5600410
5603070
5603181
5603469
5604083
5604523
5605958
5606534
5606766
5607083
5607229
5608689
5608799
5609958
5609969
5610115
5610296
5611466
5612365
5613905
5613972
5615227
5617063
5618977
5619022
5619648
5619758
5621362
5622191
5622648
5623468
5624167
5625138
5626330
5626790
5627072
5627149
5630509
5632503
5632711
5632745
5633239
5633734
5634398
5634802
5639882
5641299
5641402
5642894
5644366
5644723
5645314
5645316
5645776
5646370
5649463
5650104
5651001
5653433
5655058
5655957
5656014
5656546
5657443
5658075
5659005
5659189
5659240
5661182
5661266
5662214
5664368
5664678
5665193
5666930
5667315
5669961
5671901
5673575
5675271
5675983
5678541
5681198
5682331
5682910
5683863
5684291
5684526
5685237
5685486
5686447
5688109
5689822
5691676
5692249
5693114
5693170
5693426
5695120
5695636
5696018
5697387
5700477
5700496
5701337
5701587
5701719
5702543
5702549
5702564
5702734
5706306
5706940
5709123
5709352
5710042
5710254
5710296
5712139
5712172
5712840
5713812
5714132
5715748
5715815
5715981
5716796
5717062
5717326
5718436
5720182
5720509
5720953
5722750
5725163
5725319
5727353
5727852
5728416
5729175
5730862
5731607
5731701
5732423
5732756
5734050
5734459
5736023
5737390
5737903
5737938
5741782
5742451
5743897
5745840
5746379
5747108
5748255
5748416
5748898
5749015
5749782
5751576
5751810
5752353
5752856
5755147
5755456
5755814
5755878
5757690
5759118
5759694
5760359
5760842
5761634
5762212
5764251
5764336
5767982
5768750
5768880
5768914
5772395
5772403
5774364
5775167
5775905
5779908
5780938
5782108
5785894
5786496
5786681
5786724
5789932
5800002
5800109
5800744
5800948
5801479
5801999
5802784
5803842
5805449
5805505
5809099
5809383
5811037
5811814
5812751
5816517
5818104
5818124
5819109
5824104
5827564
5828408
5828921
5828976
5830971
5834341
5835469
5835571
5837114
5838330
5838330
5839318
5840577
5841148
5841547
5841992
5842820
5842893
5843916
5844016
5845316
5845641
5846599
5847992
5848862
5850171
5850692
5850863
5851030
5852334
5853854
5854791
5854802
5855305
5855401
5858037
5858245
5859028
5859491
5859963
5860397
5860481
5861271
5864040
5864742
5865017
5865707
5866017
5867220
5867726
5869217
5869576
5870251
5872111
5872115
5872884
5873002
5874745
5876096
5877030
5877634
5880191
5880238
5880611
5880822
5881102
5882312
5883996
5885618
5885718
5887472
5891610
5891852
5893297
5893900
5895257
5895292
5896047
5897218
5903684
5904549
5906162
5907780
5908322
5909410
5909649
5910249
5910658
5912015
5912069
5912322
5914191
5915135
5916444
5916618
5918028
5918146
5918979
5920718
5921112
5923480
5923720
5925453
5926369
5927948
5928617
5928881
5929468
5930269
5931164
5931257
5932148
5932845
5933155
5933244
5934298
5934933
5935458
5936020
5936172
5938412
5939016
5940730
5941273
5942755
5944549
5944944
5945364
5945519
5946983
5947671
5948622
5949299
5949549
5949720
5950686
5957753
5958445
5958479
5959453
5961095
5962651
5965532
5967086
5967438
5968290
5968318
5970031
5970845
5972769
5973630
5974438
5974503
5974896
5975301
5977300
5977365
5979326
5979635
5981362
5981958
5983055
5983660
5984095
5984141
5986936
5987146
5989627
5992567
5993615
5994323
5995105
5996112
5998382
5998773
6000288
6001326
6002304
6002528
6004329
6004380
6004806
6005266
6005338
6005960
6006131
6008905
6009519
6010073
6010127
6011094
6012228
6012538
6015500
6016935
6017507
6020134
6021186
6021697
6022442
6022715
6022951
6023299
6026996
6027343
6027834
6027960
6028035
6028789
6028890
6029868
6030206
6030562
6031224
6031418
6031985
6032858
6032921
6033422
6033754
6034416
6034450
6034749
6037287
6038083
6038764
6038812
6038867
6040013
6040278
6041091
6042234
6044853
6045175
6047443
6049415
6051621
6051733
6052557
6054025
6054373
6054873
6055004
6056567
6056693
6059887
6061275
6063440
6063892
6065055
6066150
6069631
6070732
6071247
6072787
6073285
6074272
6075822
6077526
6077870
6078400
6078789
6079474
6081190
6082626
6085574
6086837
6088898
6089246
6090817
6092533
6096497
6096786
6097182
6098474
6099415
6099492
6099786
6101297
6102446
6103317
6104315
6106122
6107438
6107523
6107595
6109611
6111117
6113631
6113741
6114721
6116223
6118272
6118697
6119668
6120756
6122739
6123712
6124201
6124406
6126014
6126987
6128369
6130061
6130693
6131232
6132623
6133440
6134457
6135970
6136026
6136811
6138142
6138776
6139581
6139863
6140365
6140717
6140917
6141510
6141611
6148769
6148853
6149050
6149761
6150795
6151633
6152386
6153377
6153968
6153988
6154555
6155249
6157115
6157619
6157987
6160793
6161351
6161356
6163379
6164000
6164067
6165172
6165209
6165538
6166867
6167906
6168652
6169967
6172146
6173146
6176574
6177034
6178487
6179903
6181465
6181558
6182484
6184110
6184137
6188400
6189609
6190420
6192559
6195057
6197023
6198313
6198768
6199196
6199739
6201598
6201609
6202052
6203483
6203602
6207870
6207878
6209355
6210889
6211650
6212365
6213625
6213831
6214476
6216363
6220129
6221187
6221643
6222009
6224579
6225089
6225281
6226970
6227033
6227091
6227361
6228085
6229710
6230631
6234496
6234957
6235038
6236069
6236261
6237612
6238136
6241810
6248514
6249615
6249802
6250257
6252260
6252740
6255970
6256031
6257291
6258610
6259060
6259214
6261310
6262292
6264384
6264714
6265481
6265626
6266001
6268584
6270421
6274526
6274739
6275154
6279019
6280861
6283137
6283315
6283562
6284933
6286976
6288471
6288592
6290374
6291713
6292821
6292952
6293773
6294437
6295451
6295757
6296830
6297012
6300307
6302942
6307259
6309075
6309765
6309995
6312169
6312712
6313293
6314165
6316855
6317715
6319085
6319936
6320942
6321298
6322796
6324140
6325320
6326085
6327150
6328120
6329505
6330566
6330711
6334867
6335449
6335802
6336006
6336974
6338216
6338692
6339546
6340396
6341845
6342932
6344105
6344189
6344246
6344384
6345047
6345465
6346909
6349832
6350646
6354003
6357643
6357979
6358161
6358731
6359576
6359586
6360506
6360623
6361022
6361023
6361954
6362766
6362898
6362956
6363439
6363841
6366069
6366460
6366576
6368632
6373290
6374717
6375108
6384562
6384841
6385033
6387421
6389547
6390454
6391754
6391919
6392881
6393263
6393346
6393789
6394129
6394973
6395826
6396716
6396845
6396916
6397905
6398185
6399159
6399413
6400305
6401019
6402149
6402482
6402782
6405664
6405755
6405780
6406106
6406215
6406660
6408868
6409688
6410399
6411641
6414595
6416590
6416646
6417195
6421485
6423550
6424055
6425204
6430304
6431402
6431548
6433598
6433842
6435911
6436704
6440196
6440275
6440433
6440960
6441192
6442175
6442695
6443431
6445565
6445661
6445756
6447025
6447645
6448273
6450071
6450239
6450385
6451351
6458312
6459261
6460552
6462522
6462986
6463268
6463676
6465418
6466613
6467277
6467828
6468127
6469148
6469584
6469845
6470063
6470421
6470719
6470978
6471078
6471381
6475399
6475446
6475768
6478893
6479701
6481575
6481740
6482290
6484856
6484991
6486250
6488708
6489434
6490098
6491582
6492450
6493253
6493353
6494057
6495471
6496053
6497269
6497658
6498071
6498936
6499165
6500616
6500912
6501466
6501604
6503685
6504268
6505558
6507774
6508757
6513073
6513458
6513803
6513853
6514691
6514830
6515150
6515514
6516003
6517050
6517758
6518713
6520599
6520721
6521265
6522489
6523475
6525150
6525544
6526467
6527108
6527149
6527875
6529510
6530607
6533309
6536738
6537534
6538514
6539132
6539155
6541024
6541510
6541832
6542174
6542318
6542364
6543457
6544489
6544895
6545353
6546224
6547782
6547955
6547990
6548110
6548177
6549992
6550030
6550974
6553575
6553609
6555019
6556122
6557932
6558693
6558856
6560068
6561881
6565385
6565428
6565682
6566727
6567291
6567561
6568223
6568673
6569690
6570859
6571056
6571534
6572563
6573648
6574066
6577436
6577468
6578348
6579412
6579801
6580014
6580736
6580921
6582071
6582341
6582578
6582692
6586588
6587710
6590024
6590197
6593636
6595800
6598583
6600001
6602563
6602643
6604057
6605985
6606737
6607727
6608262
6608952
6609984
6610000
6614535
6615763
6617319
6618203
6618944
6619426
6621901
6623587
6624415
6625666
6628649
6628679
6628906
6628975
6629138
6630636
6631110
6631446
6632551
6632659
6632762
6633512
6634975
6635740
6637662
6638297
6638455
6638767
6639919
6640154
6641500
6642024
6642887
6643699
6644455
6646053
6646651
6646914
6649520
6652019
6652447
6653388
6653938
6654226
6654283
6654349
6657802
6657873
6658756
6659257
6660054
6660168
6660680
6661655
6661809
6662994
6663639
6664731
6665137
6665496
6665553
6667085
6667385
6669269
6669358
6669612
6669651
6669690
6670252
6671356
6673185
6675253
6675868
6675872
6675907
6676280
6677748
6678672
6680302
6681693
6682669
6684023
6688342
6688644
6689473
6690078
6690232
6690773
6692581
6692644
6693278
6694387
6694494
6694918
6695938
6697940
6697945
6698503
6700540
6701232
6701815
6704061
6706508
6706704
6707855
6708552
6709273
6711520
6712842
6713978
6714912
6715041
6715437
6716173
6717180
6718319
6718396
6720820
6720846
6721789
6721858
6723077
6723291
6723455
6723960
6724160
6725473
6725658
6727091
6727378
6728384
6728569
6728662
6729610
6729715
6730137
6731344
6731808
6732987
6733583
6734190
6735156
6735562
6735655
6735816
6739418
6739992
6741142
6741847
6741998
6742820
6742880
6743075
6744320
6745824
6746356
6747363
6748101
6748672
6750278
6750652
6751805
6751987
6752964
6753564
6754212
6755995
6756953
6760167
6761800
6765124
6767118
6767362
6767669
6768952
6771086
6772972
6773088
6774166
6774758
6775408
6776625
6777841
6778312
6778583
6778703
6779623
6780319
6782214
6782631
6783035
6785169
6785332
6786078
6786147
6786709
6786798
6788123
6788245
6788514
6789423
6789429
6790361
6790601
6791381
6791704
6792116
6793019
6794167
6794368
6794855
6795723
6796391
6796942
6796962
6797131
6798053
6800379
6801040
6801554
6802402
6805516
6807878
6808048
6810109
6811108
6811383
6811518
6812602
6812918
6813772
6814955
6815539
6817229
6819902
6819938
6820513
6820553
6821561
6822563
6824642
6825268
6825529
6829299
6830052
6830448
6830499
6830998
6831656
6832063
6832388
6833933
6834521
6834826
6835163
6836878
6837580
6838154
6838463
6841652
6842184
6842482
6842591
6842677
6844569
6845010
6845071
6845177
6845815
6849053
6849885
6850332
6850832
6852903
6853090
6853597
6855857
6856717
6856870
6857004
6858643
6858834
6858883
6858949
6859637
6860069
6861603
6862646
6863906
6864643
6865716
6866554
6867688
6868211
6868936
6869173
6869255
6870727
6871125
6873080
6873715
6873960
6874164
6874195
6876529
6876814
6876818
6877573
6879581
6879701
6881461
6882936
6883970
6883989
6884414
6885129
6885261
6885855
6887087
6887187
6888270
6888326
6888982
6892181
6892442
6893169
6893787
6894104
6896566
6897615
6898203
6900274
6900898
6901781
6903879
6904231
6904538
6905015
6906996
6908566
6908710
6908839
6910165
6910603
6913277
6915769
6916271
6916942
6917169
6917953
6918004
6918150
6918461
6920688
6921658
6921815
6923401
6923770
6925632
6928087
6928303
6929510
6929802
6929969
6929996
6930308
6930396
6930737
6930867
6931376
6931994
6932971
6934567
6934585
6935295
6936747
6936866
6937569
6937617
6937884
6939957
6941634
6942728
6943635
6944467
6944677
6945269
6946711
6947161
6949315
6950954
6951380
6951453
6951784
6951786
6952229
6955688
6957020
6957440
6958245
6958915
6959195
6962110
6962503
6962529
6963092
6963160
6963184
6963514
6963812
6964546
6965174
6965306
6967027
6967186
6967439
6968135
6968334
6968583
6968645
6969542
6970699
6971353
6973203
6973710
6976092
6977608
6978231
6978479
6980169
6982143
6984136
6985913
6989248
6989611
6992211
6993361
6996740
6997036
6998891
7000995
7002746
7003246
7005386
7005525
7005670
7006488
7007193
7009087
7009317
7009349
7010365
7012794
7013360
7013388
7015426
7015604
7015890
7018239
7019647
7020583
7021269
7022791
7024159
7024398
7024557
7025915
7027059
7028214
7028444
7029084
7029138
7029425
7030107
7032102
7032463
7032996
7033898
7034333
7035702
7036085
7038044
7040475
7040532
7040587
7041178
7042112
7043618
7043869
7044844
7045073
7045496
7047564
7048014
7048221
7049107
7049360
7050207
7051318
7051378
7051806
7055977
7056415
7057719
7057851
7058233
7058686
7058858
7058968
7059196
7060813
7061000
7062212
7062422
7062514
7063165
7063480
7063873
7064590
7064996
7065031
7065120
7065811
7065983
7069194
7069999
7071590
7071905
7072956
7075402
7077335
7077825
7080014
7080043
7080096
7080601
7080667
7080835
7082163
7083285
7083315
7086204
7089224
7089552
7089570
7090346
7091281
7091756
7094004
7095230
7095914
7096097
7096754
7096783
7097991
7098135
7099051
7100376
7101722
7102320
7103507
7104334
7105198
7107949
7110579
7111243
7112093
7114973
7114976
7118452
7118591
7118905
7120500
7122304
7123115
7123537
7125300
7127534
7128288
7128880
7130273
7130878
7130932
7132654
7134606
7136321
7136777
7136919
7137285
7137654
7137892
7138052
7139381
7140451
7141530
7142128
7142395
7142652
7143356
7144581
7145547
7147836
7148275
7148366
7150821
7153231
7153409
7153646
7154685
7156510
7157286
7158773
7160612
7160960
7161356
7161742
7162020
7162247
7163259
7163765
7164085
7164091
7165432
7165476
7165584
7168485
7169935
7170299
7172183
7172414
7172516
7173188
7173922
7174086
7174746
7174945
7175414
7176210
7176450
7176547
7178104
7180703
7181065
7181171
7181174
7182295
7183161
7185297
7186456
7189971
7190763
7191281
7192341
7194505
7194746
7194887
7196690
7199531
7199801
7200126
7200210
7201134
7204369
7204964
7206201
7206663
7207557
7207616
7207862
7207864
7208879
7208935
7210427
7210517
7211272
7211720
7212054
7214426
7214504
7216245
7216655
7217924
7218771
7220754
7221281
7221365
7224217
7224538
7224578
7224711
7225670
7227394
7229751
7230145
7231798
7233094
7233252
7234579
7236085
7236115
7237887
7238200
7238375
7239315
7240032
7240168
7243562
7243723
7244508
7245605
7247161
7247819
7247919
7248659
7249691
7250309
7250523
7251099
7251626
7251723
7251830
7252068
7255304
7255502
7255816
7257904
7258062
7258072
7258842
7259077
7261700
7261746
7262484
7263662
7267291
7268218
7268722
7268988
7269291
7270283
7270438
7270470
7271765
7273157
7273688
7273804
7274350
7276662
7276787
7277126
7278823
7279182
7281329
7281672
7281783
7283070
7284153
7284483
7284622
7286468
7290081
7291169
7291348
7293090
7294980
7296473
7299178
7299229
7300045
7300983
7301570
7301868
7302978
7306359
7306958
7307030
7307472
7308219
7312072
7313248
7313444
7313639
7314734
7316156
7319860
7321398
7321817
7321878
7322550
7322787
7323180
7325504
7325591
7327816
7328077
7329573
7330465
7331701
7333749
7334416
7334873
7335364
7336756
7338009
7338736
7339582
7339899
7342916
7343810
7345042
7345251
7346579
7346951
7348601
7348721
7349286
7350647
7350796
7350911
7351513
7352663
7352882
7353796
7355597
7356081
7356820
7357144
7357385
7358272
7359729
7360501
7361729
7362304
7362366
7368772
7369204
7369505
7370183
7370835
7371201
7371392
7372340
7373518
7374348
7374634
7374875
7375737
7377542
7378149
7378374
7379506
7379558
7383182
7383286
7384432
7385798
7387036
7387535
7388138
7389053
7389068
7390924
7391233
7391661
7392573
7393261
7396780
7399791
7400127
7401903
7404043
7404469
7405774
7405846
7409074
7412949
7413569
7414527
7415667
7415968
7417466
7419490
7419821
7420089
7420123
7421369
7422183
7424467
7425208
7425404
7425550
7425611
7425831
7427320
7427820
7428023
7430683
7430950
7431181
7434710
7434916
7438220
7438540
7440330
7440487
7440811
7443189
7443449
7443535
7444351
7447148
7449497
7449864
7450331
7450508
7451745
7452232
7452798
7454351
7454412
7460961
7461612
7461833
7461849
7462353
7462485
7462888
7463747
7467469
7468471
7468648
7470289
7471217
7472094
7474253
7474987
7475374
7477080
7477984
7478894
7481030
7481231
7481707
7482858
7485049
7485629
7486172
7487027
7487351
7488110
7489021
7489238
7490232
7490406
7490413
7491305
7491978
7492809
7493234
7493342
7494556
7494614
7498832
7499070
7499455
7499764
7499986
7500369
7500650
7500811
7502478
7502491
7503261
7503507
7503863
7503955
7504415
7505855
7506631
7511898
7512858
7513337
7515421
7516091
7516669
7516935
7518023
7519202
7519329
7519893
7522189
7523303
7523549
7524445
7526924
7527367
7528141
7528335
7530489
7531287
7531629
7532448
7532473
7532874
7533088
7533345
7537385
7537416
7538363
7538927
7539053
7539585
7539926
7541283
7541742
7542675
7542898
7542958
7543766
7543873
7544505
7546176
7546394
7547458
7549063
7550461
7551347
7551860
7552397
7552882
7553245
7553373
7553781
7554030
7554851
7555922
7556214
7556669
7557007
7557715
7558238
7559257
7560979
7561124
7561501
7562563
7563247
7564195
7564614
7565331
7565719
7566238
7566905
7570165
7570951
7571758
7575943
7576682
7577173
7579395
7579411
7579644
7580141
7580164
7581134
7582705
7582792
7585201
7585301
7585956
7586531
7587220
7587740
7590330
7590917
7591235
7591431
7591602
7591918
7592652
7593162
7593446
7594301
7595366
7597240
7598696
7599994
7602329
7602703
7602828
7603626
7603714
7604385
7607236
7607291
7608320
7608986
7609264
7609477
7610956
7612691
7614558
7615367
7615763
7615869
7616126
7617629
7617759
7619063
7619180
7621655
7621767
7621799
7622128
7622474
7625709
7626050
7626305
7627994
7628618
7629414
7629680
7631895
7631977
7632613
7633847
7635077
7635410
7635756
7636994
7639749
7641527
7641672
7643471
7644291
7644498
7644686
7644989
7645130
7645359
7645498
7645757
7647700
7647796
7649196
7649724
7650846
7652642
7653527
7654236
7654900
7656130
7656890
7657097
7657671
7658247
7661136
7661259
7662619
7663348
7663446
7665312
7665463
7665557
7666993
7668099
7668310
7669170
7670015
7670196
7670516
7670992
7671415
7671634
7672026
7672027
7673479
7674204
7675923
7676749
7677618
7681838
7682793
7684070
7685570
7688274
7688371
7689141
7691036
7691475
7693027
7693168
7694872
7696596
7699616
7703345
7703755
7703902
7704882
7705751
7707449
7708438
7708853
7710335
7711219
7712183
7713237
7714151
7714210
7716225
7716226
7716446
7717376
7718159
7719084
7721634
7721660
7721879
7723194
7723998
7724472
7724910
7725007
7725095
7726234
7726984
7728090
7728453
7729614
7730452
7730593
7731429
7732415
7733593
7735239
7736091
7739582
7743404
7743461
7743784
7744945
7745584
7745756
7746977
7747183
7747749
7748095
7748262
7750221
7751879
7752041
7752900
7754681
7757446
7757850
7758441
7759089
7759422
7759821
7761841
7762038
7763248
7766017
7766337
7766539
7766877
7768115
7768229
7769243
7770068
7770296
7770549
7770603
7771414
7771636
7771637
7773101
7773362
7774041
7774662
7774685
7774763
7775977
7777282
7777790
7777923
7780782
7781307
7782888
7786474
7787237
7787667
7788083
7788337
7789458
7792393
7792508
7792749
7792926
7793839
7795057
7797360
7797944
7799738
7800243
7801959
7802151
7803580
7805852
7806623
7806733
7807170
7807711
7807806
7808510
7809979
7810362
7814297
7815519
7816064
7817179
7818180
7818537
7818959
7821809
7821831
7822056
7823216
7823604
7824288
7827000
7827162
7828706
7828761
7830191
7830740
7830984
7832126
7832177
7833051
7833236
7835716
7836318
7837607
7837825
7838185
7838430
7839277
7840547
7840713
7841641
7842193
7842689
7843414
7844733
7845478
7845986
7846929
7847491
7847970
7850279
7850349
7852097
7852298
7853090
7853299
7853615
7854573
7855501
7855569
7855842
7855896
7857240
7857335
7857380
7858864
7861039
7862948
7863754
7864049
7864769
7865416
7867338
7868916
7869393
7869618
7871836
7875306
7880679
7882495
7884029
7885412
7887825
7888001
7888313
7890114
7891122
7892608
7894489
7895261
7897286
7897324
7898012
7899285
7900987
7902888
7904872
7905032
7905229
7905409
7905477
7906171
7906654
7908172
7909170
7910238
7914289
7916048
7916066
7916300
7919089
7919361
7920748
7922573
7923820
7924111
7925505
7925511
7926025
7927316
7928268
7929310
7929884
7930424
7930441
7931237
7931730
7931823
7933227
7934942
7935217
7935505
7939872
7947477
7948072
7948525
7949300
7949705
7950592
7950652
7951656
7951657
7952445
7953356
7953725
7954832
7958060
7958077
7959055
7959182
7959619
7960947
7962416
7962865
7962987
7963420
7965627
7966299
7966939
7967025
7968762
7969401
7969930
7971967
7972483
7973232
7973521
7974358
7977235
7979330
7980241
7980658
7980717
7982960
7983973
7985458
7987255
7987772
7989355
7989415
7989421
7991134
7995291
7996171
7996386
7997541
7997610
7998217
7999439
8001284
8002826
8002967
8003136
8004765
8006073
8006190
8008066
8008600
8010705
8013256
8013546
8013879
8014406
8014869
8015114
8015754
8015966
8016858
8017413
8017873
8017873
8021781
8024849
8028104
8029014
8029637
8029967
8031501
8031578
8033893
8033980
8034257
8035111
8038039
8038809
8039077
8040814
8041244
8042479
8042851
8043442
8044890
8045306
8046278
8047236
8047495
8048207
8048683
8049154
8051705
8052144
8052890
8053288
8056464
8056945
8057304
8058326
8058625
8062794
8063681
8064484
8066049
8066872
8067204
8067511
8068304
8068844
8069216
8070669
8070900
8071327
8071903
8072209
8072367
8073049
8073535
8073769
8074018
8074409
8074513
8075759
8078875
8079688
8079698
8080475
8080768
8086758
8086918
8088713
8089669
8089718
8090311
8090440
8090814
8092507
8092817
8095173
8095809
8098131
8099818
8101646
8101698
8103295
8103612
8105442
8105629
8106443
8108386
8108468
8109381
8113601
8113612
8113809
8114419
8114902
8116908
8118737
8119235
8119271
8120907
8121921
8122393
8122540
8123265
8123346
8123626
8123947
8123963
8124388
8124980
8125324
8126859
8127228
8129507
8131583
8131887
8132485
8132508
8133015
8133054
8134971
8135544
8135615
8136750
8137151
8137968
8138845
8141055
8141414
8143212
8143393
8143514
8147771
8148783
8149010
8150103
8151368
8151710
8151789
8152589
8154905
8158892
8158945
8159050
8159643
8159645
8160641
8160926
8161442
8162036
8162499
8167552
8168059
8168758
8169921
8170825
8172766
8173051
8176748
8177356
8178349
8178847
8179174
8179876
8180036
8181335
8181372
8182311
8184082
8186743
8188367
8189383
8191327
8192404
8192524
8194290
8195129
8196831
8197703
8199364
8201470
8201989
8204000
8205736
8206982
8207743
8208564
8210095
8210269
8214008
8215929
8216993
8218368
8219354
8219435
8219501
8219732
8220593
8221411
8222760
8223571
8223698
8224561
8225058
8225892
8226298
8227108
8228459
8228527
8228874
8228953
8231470
8232137
8232855
8233023
8234176
8234530
8235885
8236952
8237283
8238240
8238848
8239266
8239948
8239958
8240874
8241789
8242775
8244592
8245151
8245218
8245474
8245996
8247220
8248387
8248431
8249476
8250323
8251827
8252373
8254056
8254105
8254238
8254587
8255647
8255984
8256996
8259328
8259851
8259969
8260046
8260698
8262127
8264771
8264868
8265975
8266351
8266550
8268166
8268507
8268691
8270094
8270508
8271065
8271296
8271304
8271709
8271760
8273389
8273908
8277026
8277826
8279974
8284247
8284306
8285714
8285777
8286464
8287988
8288205
8290349
8290387
8292657
8293776
8294448
8295108
8296475
8297144
8298869
8299149
8299373
8300927
8301156
8302918
8303331
8305699
8307048
8308309
8308336
8308659
8310168
8310664
8311374
8312424
8313105
8313720
8314224
8314700
8315347
8317885
8318748
8320773
8323110
8323210
8324863
8326583
8327424
8328029
8328422
8329578
8329956
8330958
8333075
8335596
8337825
8338401
8339839
8341192
8341872
8343122
8343499
8345867
8346590
8347650
8350272
8350514
8350754
8350956
8352809
8353567
8354286
8354615
8355460
8356040
8356813
8357280
8357860
8359133
8359762
8360266
8360675
8361073
8361093
8364532
8365506
8366082
8366683
8367922
8368086
8368289
8368680
8368770
8370384
8370987
8371519
8372428
8374548
8375890
8376017
8377759
8381994
8384027
8385609
8386132
8386527
8386622
8387854
8388867
8390595
8390747
8391097
8391356
8392142
8392462
8392658
8392880
8393324
8395386
8396284
8396856
8396930
8397212
8398803
8398813
8399827
8400706
8402462
8403453
8403562
8408089
8408670
8409543
8411063
8411754
8412852
8413564
8415131
8418129
8418432
8419168
8419489
8420331
8422351
8422894
8423420
8424298
8425306
8425868
8426675
8426871
8429384
8429701
8430723
8432012
8432109
8432801
8434446
8436840
8441008
8441800
8443457
8443477
8445012
8449601
8452406
8453006
8453233
8454360
8456264
8456376
8457460
8457781
8457841
8457880
8461317
8462242
8463919
8464217
8465740
8467829
8469489
8470105
8471308
8471367
8471570
8471587
8472453
8474206
8474699
8475303
8475578
8476240
8477104
8477527
8480282
8480843
8481754
8481883
8483739
8484148
8484522
8485268
8486588
8488377
8488515
8489303
8490438
8490928
8491704
8491947
8496122
8502238
8504957
8505012
8506111
8507405
8511022
8513452
8515956
8516790
8522057
8522254
8525766
8528267
8528383
8529059
8529260
8529513
8531054
8531246
8531715
8532184
8532525
8532545
8532831
8535068
8536792
8537372
8537413
8541686
8542447
8543295
8543365
8544291
8544455
8545897
8546025
8546301
8547129
8547275
8548623
8550351
8551156
8552170
8552451
8552601
8552835
8552943
8556747
8558637
8558655
8558763
8560326
8560396
8561778
8562785
8563905
8564800
8565044
8565223
8565457
8566480
8566556
8566937
8568114
8568443
8568656
8568975
8569010
8569740
8569747
8570341
8571314
8572342
8572721
8572756
8573162
8573362
8573782
8574763
8574788
8575852
8578281
8578821
8578938
8581022
8581050
8581309
8581442
8581559
8585024
8587216
8590334
8591902
8592560
8593246
8593405
8594004
8594516
8595701
8595951
8596272
8598630
8599374
8599963
8600803
8603240
8605505
8608893
8610289
8611317
8611522
8611845
8614661
8615217
8615261
8616358
8616712
8618590
8619142
8623613
8625279
8627017
8629184
8629475
8629631
8630963
8631761
8632803
8635256
8635402
8635526
8635871
8636415
8636694
8637062
8638398
8639498
8642177
8645949
8651033
8651739
8653153
8654729
8655310
8656690
8657954
8658383
8659386
8662851
8663691
8664194
8665597
8666597
8667446
8667773
8670786
8671058
8671482
8672948
8674342
8675593
8675865
8682279
8683721
8684506
8684661
8684859
8686745
8686977
8688728
8689368
8689620
8691182
8691802
8692651
8693564
8694298
8694505
8695139
8695284
8696136
8697326
8697606
8697773
8697912
8700462
8700638
8701671
8701756
8704052
8704073
8706545
8707310
8707442
8707741
8709852
8710053
8710693
8711425
8711467
8712640
8713406
8714131
8714346
8714947
8715134
8715951
8717401
8717611
8718109
8718260
8718962
8721011
8721086
8722455
8722791
8723072
8723703
8724522
8724782
8725352
8728658
8728854
8730930
8731539
8733439
8733926
8733963
8735578
8736960
8737335
8737941
8738847
8740456
8745156
8745929
8747042
8748786
8750205
8753400
8753647
8753708
8754491
8754493
8755332
8756825
8757769
8758046
8758583
8759417
8759474
8760527
8760547
8760558
8761260
8761549
8761737
8766022
8767434
8767847
8768452
8771421
8771593
8772753
8773575
8773732
8774607
8774914
8776406
8777713
8777739
8779904
8781013
8781608
8782296
8783059
8783870
8784153
8784978
8785114
8787415
8787682
8787827
8787845
8787925
8788331
8789241
8789608
8790787
8791388
8792722
8793870
8794424
8795396
8795783
8795845
8798184
8799179
8799319
8799754
8799960
8801107
8801735
8803038
8804783
8804846
8805365
8805599
8806985
8808946
8809280
8809421
8810444
8811661
8812156
8813295
8813556
8814263
8814495
8814929
8816333
8817877
8818477
8818805
8819367
8820832
8821894
8822071
8823650
8824058
8825601
8825652
8826339
8828291
8829875
8830085
8830175
8830647
8830681
8830716
8831074
8831271
8831373
8831610
8833115
8833926
8834493
8834676
8836145
8836694
8837527
8838121
8839046
8841232
8842820
8843387
8844355
8845078
8845385
8847362
8847749
8849266
8849276
8849838
8850014
8851429
8851834
8852167
8854110
8855240
8855617
8856552
8858723
8859567
8860158
8860733
8862047
8862302
8863120
8863965
8867547
8868907
8868968
8870777
8872156
8872363
8873092
8873257
8876049
8876233
8877852
8879296
8880628
8881158
8882286
8882756
8883634
8883872
8886476
8888816
8894452
8896299
8896767
8896965
8900348
8902754
8903421
8904261
8905801
8906394
8906542
8907471
8909820
8910684
8911108
8911511
8911792
8911964
8912736
8912956
8913008
8915471
8915548
8919213
8921035
8925465
8926750
8926862
8927906
8927923
8928148
8928160
8928690
8929111
8929137
8931400
8931850
8932380
8934965
8937628
8937745
8937932
8938960
8939293
8939659
8941921
8943304
8946678
8947875
8948038
8949792
8950318
8951645
8952442
8952763
8954196
8954437
8954521
8957682
8960594
8961525
8961907
8961929
8963096
8964051
8964191
8965007
8965998
8966138
8969024
8969119
8969945
8970411
8970730
8971417
8972187
8972312
8974540
8976197
8976749
8976887
8978020
8978090
8979713
8981454
8982388
8984345
8984609
8985062
8985105
8985506
8985589
8986237
8987129
8987605
8988238
8988468
8989069
8989785
8990267
8993282
8995497
8996712
8998726
8998749
8999038
9000525
9001107
9001639
9002827
9003032
9003492
9003587
9003910
9004622
9005324
9005641
9006658
9008678
9009846
9010190
9011704
9012243
9014351
9015584
9015733
9017771
9017829
9018752
9019215
9019584
9020330
9020339
9020594
9021812
9025577
9029938
9030461
9031691
9031881
9032716
9035683
9036499
9038824
9041546
9042933
9044529
9045663
9047397
9048358
9049166
9049751
9050822
9051097
9051483
9052510
9053032
9054125
9056523
9057915
9057934
9058363
9059385
9060423
9060458
9061785
9063264
9063637
9065720
9068348
9068411
9070097
9071164
9071318
9071621
9075510
9075833
9076007
9076192
9078609
9078967
9079193
9080489
9080865
9081473
9081577
9081891
9084837
9084930
9085067
9085415
9085542
9086012
9086459
9089394
9090114
9090174
9092918
9093204
9093574
9094156
9094415
9094881
9095269
9098733
9100236
9100564
9101012
9101107
9101331
9102297
9102431
9106845
9107295
9108015
9108638
9111208
9111476
9111592
9114080
9114587
9117128
9119650
9120210
9120375
9120598
9121769
9125162
9125301
9130127
9130282
9130556
9131813
9132176
9134025
9134351
9134647
9137082
9140573
9141278
9141760
9142203
9143026
9143604
9145160
9145680
9146696
9146961
9147199
9147739
9149156
9149181
9149961
9150121
9150920
9152266
9152727
9153368
9153847
9154458
9154741
9154765
9155729
9155914
9156365
9156544
9156879
9157794
9158059
9159909
9160530
9161927
9163253
9163521
9163765
9164505
9165560
9166873
9169992
9171315
9172052
9173173
9175361
9175639
9175726
9175890
9176550
9177132
9177864
9179513
9180469
9181405
9184729
9184868
9188483
9188546
9190459
9191051
9192810
9193747
9193931
9194467
9194484
9195276
9196012
9196947
9197043
9200047
9201014
9204213
9208108
9209433
9210889
9210893
9212023
9216066
9217128
9217741
9218217
9220088
9222720
9224331
9225166
9225557
9226563
9227030
9227875
9230130
9230288
9231156
9232201
9232258
9233191
9233886
9234759
9235820
9236375
9237816
9237907
9242033
9242917
9244446
9245860
9248382
9248944
9249174
9251091
9252446
9255289
9257952
9257994
9259484
9260920
9261812
9262250
9262256
9262376
9262875
9265465
9265823
9266244
9269089
9269299
9270053
9270463
9271843
9271967
9272905
9275135
9275435
9276147
9276574
9277635
9277693
9279174
9279333
9281164
9281408
9281712
9282368
9284160
9286767
9288898
9291707
9291975
9292055
9293133
9293193
9293390
9294301
9294925
9295572
9296059
9296264
9296603
9297930
9298227
9300290
9303685
9304189
9305218
9306167
9307035
9307397
9307960
9308427
9312125
9312730
9313117
9313637
9314880
9317827
9319220
9319421
9319568
9320896
9321823
9323083
9323211
9324812
9324980
9326561
9328449
9330796
9331470
9331744
9335168
9335224
9336649
9336816
9339581
9339610
9340059
9341108
9346387
9346872
9347245
9348741
9348798
9349014
9352465
9352525
9352586
9353077
9353959
9355805
9355969
9356356
9357237
9358725
9358854
9358874
9359551
9360632
9361944
9362093
9362462
9365648
9366819
9368467
9368921
9369138
9371054
9375803
9376028
9380444
9381454
9381938
9382155
9383433
9386881
9387362
9388979
9389814
9389824
9390021
9390070
9390219
9390357
9392098
9392338
9392663
9393508
9394374
9394939
9395185
9396117
9396300
9396637
9399153
9399154
9400383
9403616
9403937
9406341
9406964
9407130
9407549
9407597
9408252
9409429
9409626
9409637
9412568
9414303
9414931
9417212
9418568
9419390
9420096
9421532
9422456
9422857
9422936
9424276
9424640
9425074
9429817
9429822
9431450
9432973
9433043
9433450
9433607
9435557
9437379
9438248
9438952
9440283
9440733
9440828
9441720
9443189
9444446
9447034
9447210
9448172
9450270
9450289
9450789
9451066
9451274
9451636
9452068
9452525
9452664
9453345
9456489
9456720
9457001
9458972
9460199
9462460
9463561
9464164
9464883
9465236
9465311
9466914
9467848
9468044
9468412
9472430
9472693
9474094
9475826
9476289
9477743
9478155
9479828
9481138
9481325
9482579
9483486
9484409
9484872
9487489
9487682
9489074
9490864
9490988
9494254
9494994
9495789
9497131
9498586
9498688
9498708
9501259
9502297
9503687
9504484
9504850
9505321
9505751
9505847
9506630
9507425
9509252
9512575
9512933
9513272
9514046
9514917
9515058
9515340
9516355
9516957
9517258
9517443
9520261
9521408
9524475
9524915
9526044
9528451
9528786
9529909
9530679
9531071
9531181
9534371
9534600
9536020
9536400
9538169
9538359
9539420
9540515
9541518
9541766
9542389
9542882
9544038
9545153
9545207
9548007
9548260
9548813
9548919
9549193
9549285
9549556
9551733
9553285
9553699
9553916
9556541
9556802
9558470
9559633
9560662
9560975
9563073
9563606
9565520
9566972
9567586
9567990
9568855
9570342
9571615
9575409
9575526
9575570
9576236
9577360
9577408
9577683
9580284
9581098
9581099
9583294
9583387
9583940
9585564
9585695
9586098
9587070
9589446
9589718
9591794
9593511
9594551
9594579
9595336
9595721
9595951
9597782
9601996
9602653
9603493
9604233
9604313
9605122
9609682
9610658
9612336
9612659
9612880
9613198
9613924
9614058
9614148
9619028
9619820
9620960
9621625
9625105
9625413
9625611
9625978
9626340
9627533
9629179
9629401
9631181
9632360
9632787
9632871
9635059
9635643
9636967
9638212
9638331
9639890
9641884
9643640
9643937
9645516
9647773
9648513
9648859
9654072
9655130
9656234
9657979
9658288
9659858
9660101
9660161
9661110
9661460
9665608
9666310
9666432
9668364
9670255
9671379
9672725
9673325
9677597
9677891
9678331
9678664
9679675
9679788
9680672
9680825
9682325
9684591
9686259
9687109
9688197
9689273
9690496
9690650
9690915
9690941
9691906
9692111
9692296
9692682
9692760
9693420
9695073
9696767
9697032
9697264
9697403
9697867
9698025
9698307
9699714
9701237
9701356
9701395
9701548
9701962
9706225
9706265
9706449
9706870
9708469
9708540
9708754
9709942
9711461
9713302
9715521
9715950
9717356
9717717
9717850
9718024
9719612
9720546
9722865
9724106
9724562
9725364
9725431
9726308
9727181
9730667
9732523
9734388
9737533
9739398
9739505
9740520
9741681
9742137
9745720
9746243
9746465
9748207
9749069
9749233
9750743
9751036
9751826
9754258
9755481
9755851
9755956
9756102
9758757
9758979
9759476
9761351
9761468
9763029
9767148
9767207
9767713
9768552
9769048
9770055
9770178
9771683
9771731
9772238
9772597
9774008
9777574
9778900
9779678
9779784
9780849
9781115
9781366
9783257
9784008
9785117
9789125
9789322
9790697
9791510
9793764
9794660
9794861
9794947
9795792
9796310
9796831
9797932
9798411
9798738
9798742
9802981
9803080
9805549
9807443
9808261
9810246
9811290
9811710
9812108
9813995
9814472
9814706
9815064
9816453
9817245
9818495
9819273
9819377
9821598
9821880
9822679
9823040
9823787
9824637
9827526
9829349
9830600
9831437
9833647
9834493
9836731
9836757
9837108
9838244
9839562
9841497
9842330
9843368
9843860
9846511
9847252
9847433
9847476
9848712
9849649
9850118
9851015
9853744
9853860
9854186
9855024
9855443
9855538
9856992
9857931
9858229
9860839
9861870
9862792
9866864
9867740
9868689
9868975
9870278
9870280
9870779
9871481
9872898
9873635
9874084
9879083
9879303
9879621
9882355
9882602
9882762
9884155
9884472
9886308
9887141
9887304
9887455
9887537
9888142
9888155
9888942
9889951
9890009
9890802
9893942
9894209
9894759
9899701
9901328
9902283
9902347
9905247
9905589
9905606
9906930
9908366
9908790
9908797
9910145
9910185
9913733
9914087
9915719
9915932
9916147
9917256
9919657
9919913
9921180
9922411
9922503
9922904
9923437
9924278
9925868
9926152
9926735
9928413
9929369
9931267
9934387
9935585
9936159
9936757
9936852
9937078
9937629
9939293
9939670
9940333
9940449
9940512
9940605
9941117
9941324
9943797
9944066
9945071
9946520
9946705
9946985
9947588
9947821
9948070
9948530
9949678
9951941
9952144
9952713
9953487
9955994
9957696
9959324
9959791
9959966
9961489
9961701
9961738
9962595
9962647
9964415
9965073
9968333
9969301
9975052
9976007
9976603
9976754
9977710
9982782
9983544
9984593
9984763
9985084
9985757
9986038
9987371
9988560
9990026
9991301
9991338
9992154
9992260
9993593
9995244
9995257
9997164
9998312
9998464
9998839
