22
560
923
1707
3293
5703
5933
6953
7489
7512
8238
8790
10331
10490
10566
11203
12608
12621
15112
16034
16583
17550
17695
17729
18722
20932
22229
23597
23787
25801
27634
28314
28583
30504
33235
33664
34326
36135
41541
42922
43023
43360
43478
45555
45814
47724
47986
48048
48262
48801
51109
51812
52882
54448
55147
55617
55742
55750
57387
57661
57701
57880
58263
59117
59825
60651
61138
61288
62252
64386
67799
68978
69653
70434
70543
71406
71646
71826
73344
74910
75380
78832
80106
81047
83434
83582
85430
85433
86417
87446
87971
88913
91695
92486
92759
93185
95574
97328
97593
100244
101511
103439
103558
104353
104996
105270
106114
106926
107746
107765
108694
108900
110124
110902
111723
112410
117297
118698
119909
120497
123779
123979
124008
124587
124651
126030
127773
128437
128652
128664
128721
131353
131747
133050
134559
134911
137695
138605
138645
138660
139462
139770
139938
143077
145367
145613
146837
146850
147056
147875
152550
153106
155117
158111
158365
159020
160015
160662
160708
160842
160850
162937
163943
168465
168944
169714
170711
170877
171490
171519
172585
174404
174838
174915
174916
177691
179111
180263
180514
181007
181305
182144
183291
185853
187232
187708
187754
189415
190073
191093
191165
192966
193950
195627
196620
196902
197078
197169
197408
197864
198606
198897
199415
200027
200310
200527
202317
203343
203567
204339
205132
206018
209402
209939
211346
211890
212050
213205
213661
213728
215434
215693
218535
219690
219798
221083
223775
224988
225897
226211
226391
226790
227782
229361
229364
232147
232993
233309
233560
233629
235587
237417
237846
240882
245959
246048
246095
246668
247071
247418
247823
248109
248758
249116
249347
249825
251298
251421
251976
252689
254368
255429
255866
256144
257313
258944
259269
260434
261263
261361
262387
263076
265072
265162
268628
268944
270155
270695
272594
272683
272965
275577
276008
276421
282524
282645
285900
286759
288587
292368
293948
295864
296177
297306
299130
299934
300021
300193
300740
300885
301221
304082
305765
307681
308297
310399
310874
314257
315183
315342
316319
316444
317611
317853
317994
318420
318965
319778
321245
321849
321885
322194
322545
324504
325076
326407
326627
326822
327818
330588
330629
331469
331536
331711
334117
334413
335087
335283
335464
337042
340935
341442
341527
341689
342190
342270
342824
343516
344227
348302
349934
350130
350796
350895
351068
354607
357580
358395
359466
360124
360502
361745
362813
364797
366579
366746
367496
368330
368832
369747
370276
371489
373209
374431
375749
378443
378849
381182
381796
382495
382614
382853
383973
384523
386391
386794
387898
391652
391881
392199
392718
393077
393100
393757
395003
395368
396069
396227
397227
398318
399921
400192
400375
401995
403057
403968
405478
405720
409556
411852
412353
412628
412946
413958
415689
418601
419262
420011
420581
422900
423068
424130
426792
428033
428735
428852
429281
429686
430595
430782
436011
437087
437665
437890
439355
439901
439971
443265
443327
443469
443502
444021
444511
444843
445192
445256
447248
448316
448405
449081
449347
449525
451669
451709
452704
452773
453294
453554
454231
455403
456084
456158
456645
458285
458304
458400
458490
458553
458801
459176
461081
461264
461297
463028
463949
464153
465206
466970
468725
468902
471458
471719
473258
473723
474041
475041
476370
476441
477329
478010
478270
480038
480107
480555
481192
482752
483452
484150
484164
485092
486554
488361
490113
490188
490936
491447
491944
492916
493512
493582
494325
495001
501682
503888
505053
505146
505768
507302
508461
508568
510073
511151
512160
512476
512842
513419
515051
515963
516215
516633
516855
517437
518544
521050
524894
525058
525624
526222
526972
530005
530088
531085
531908
533109
533295
533330
535397
538286
539117
540324
540547
542185
544583
545286
546084
546356
546607
550580
550703
551104
553059
553083
553641
554204
554341
554435
554640
555345
555358
555860
556821
557393
559906
560900
562635
563018
563683
566764
566836
567648
568586
568737
571740
571959
572305
575315
575403
575955
576197
578520
579379
579925
580549
580831
581174
582577
584661
585192
585325
585651
586120
587454
588714
589416
589730
590902
591387
591697
591822
592869
595002
595587
595635
595950
596368
596728
597571
599888
600054
602649
604040
604755
605685
606600
607573
607800
608073
610382
611302
611932
612324
613532
614465
616177
616261
616462
618666
618786
619073
621496
621724
622072
622753
623510
623510
625827
626574
628539
629795
631212
631218
633234
634477
635133
635364
636328
638713
640586
640892
644721
647328
647865
648195
648899
649378
650809
653017
657993
658761
659015
659506
659614
660529
661183
661586
662687
662786
663386
663857
664184
666232
668007
668059
668725
668895
670980
671853
671880
672430
672537
673165
673500
673534
673997
674578
675610
676800
677998
678215
678378
678996
679396
680018
680133
681097
682113
682228
683486
687430
687747
688386
690113
690875
691046
691215
691415
692085
692739
692782
693091
693797
694160
694234
694776
696317
696893
699448
701862
703035
703059
704206
706179
707630
710268
711611
713053
713187
713572
714061
714308
717684
719509
720225
720772
722133
723019
723685
724647
726498
726847
726892
727397
728821
730518
731911
732997
733376
733894
734402
736610
737234
737602
738169
739163
739604
739692
741368
742201
742383
743087
743472
743860
747753
748267
750141
750511
750753
751638
752400
752454
754271
754531
757893
758037
759044
759051
759363
761500
761516
761564
766337
767981
768871
769035
769751
770750
772500
774600
774755
775540
776934
777435
778097
780732
781558
781827
782376
782432
783138
784382
785833
785835
786438
786938
787064
789809
790376
792108
792989
793216
796209
797116
798119
798987
800453
800682
800805
801012
801547
802607
803442
803594
805649
807054
808307
809269
809835
809943
810056
810592
812601
812643
813672
815236
815485
816406
817336
817552
817649
819927
821545
822067
823133
823681
824147
824173
824182
824632
826329
827086
827089
827939
828642
828849
828967
829296
832495
833249
833287
834088
835969
837143
837420
837421
838859
839180
839253
840107
841052
841554
841816
847146
847178
847892
848810
850772
852886
852889
853622
854162
855810
856236
856419
857636
857976
858254
860512
861710
862721
864884
865899
866400
868488
869934
871125
872528
873542
874343
874344
875835
878516
879671
881252
881519
881967
883009
883602
884056
885624
885925
886191
887884
888621
888669
889081
889142
890426
890654
891258
894326
894346
894384
895337
896604
897271
897598
898821
899348
901229
901742
902751
903825
904060
904092
905642
906137
908417
908769
909950
911350
911452
913315
915325
916990
918224
918619
919176
919630
920203
920221
920826
921208
921227
922212
922406
922781
923685
924546
925240
926451
926604
926658
926819
926980
928179
928921
929743
931376
931776
932863
933870
933929
934558
934772
935858
935880
936114
936148
937138
938151
939886
940915
942363
943017
943257
943559
946566
946666
947944
949115
949195
951948
954796
955494
956607
957260
957345
958533
958879
961917
961938
962094
962651
963388
964166
966863
967306
967387
967572
967636
968010
969309
970459
972146
972492
973333
975326
975921
978484
978939
979428
981382
981592
982244
982292
982630
984761
985480
986402
987275
992012
992732
993693
993888
994704
994831
999848
1002417
1003521
1004225
1004277
1004389
1007328
1009131
1011875
1012060
1012213
1014149
1014354
1015130
1016069
1016404
1017750
1018304
1018624
1019297
1020319
1021430
1022101
1022871
1026001
1027157
1027339
1028321
1029064
1029555
1032092
1033285
1033599
1034903
1034932
1035609
1035844
1037027
1037396
1037863
1039765
1040312
1040557
1041333
1041814
1041824
1041918
1042329
1043434
1044883
1045224
1047963
1048286
1048872
1049989
1051135
1051973
1052716
1052837
1054604
1055388
1056783
1058822
1059157
1060280
1060858
1061692
1061758
1062384
1063058
1063898
1064098
1064446
1066249
1068162
1068694
1069009
1070105
1071716
1073044
1073336
1073506
1074715
1076635
1076675
1077935
1078311
1078489
1078860
1079776
1080364
1081016
1082003
1082111
1082536
1082653
1083808
1085088
1085167
1086491
1088155
1088912
1090180
1091096
1092464
1095264
1095387
1095969
1096543
1097252
1097975
1098340
1098361
1098709
1101108
1101905
1102363
1102829
1104615
1104748
1105955
1107508
1109893
1112315
1112537
1112752
1113607
1113985
1114973
1115958
1117548
1118917
1119739
1120233
1122056
1123135
1124146
1125501
1125642
1125709
1126413
1126452
1126725
1130981
1131862
1133600
1133871
1136417
1136503
1137095
1137797
1137973
1140101
1140586
1140629
1141936
1141947
1143095
1145720
1145925
1145947
1146161
1148691
1149505
1150256
1151668
1153321
1153700
1153703
1154065
1154190
1154499
1154895
1157130
1157277
1158000
1158066
1158261
1158984
1159869
1161424
1162992
1163454
1163473
1163936
1164017
1165651
1166885
1167159
1167517
1169601
1171780
1172980
1173121
1173383
1175117
1176364
1176407
1179115
1179416
1180246
1183126
1183200
1183845
1184218
1184860
1185555
1186037
1187448
1187533
1187562
1187988
1191350
1191806
1192392
1193384
1193433
1195627
1196221
1196867
1196936
1196985
1197843
1198271
1198543
1198851
1200288
1204156
1204892
1205706
1207723
1211212
1211218
1211714
1213492
1213674
1215360
1216656
1216835
1217068
1218390
1218516
1219427
1221134
1221381
1222002
1224186
1225053
1225464
1226039
1226818
1228352
1230429
1230441
1230559
1230784
1231371
1232226
1232820
1233532
1233864
1235100
1235208
1235444
1236791
1237349
1240206
1240536
1241379
1241404
1242015
1242152
1242553
1242955
1246186
1246271
1246414
1247209
1247726
1248266
1250392
1251169
1251214
1252603
1253105
1253784
1253976
1254710
1254960
1255783
1255982
1256196
1256817
1257395
1258547
1260227
1262045
1262726
1263385
1263624
1265004
1269565
1269624
1273127
1273325
1273463
1273997
1274092
1275977
1276961
1277208
1277332
1277965
1278095
1278151
1278421
1278885
1280910
1281426
1281983
1282749
1282757
1284162
1287211
1289634
1290122
1290832
1293020
1296102
1298004
1298084
1298866
1299273
1300787
1306257
1308990
1309704
1312169
1314793
1315679
1315895
1317316
1319725
1321045
1321111
1321997
1324373
1325129
1327697
1328146
1329756
1331037
1333666
1334864
1336178
1336839
1336925
1338830
1339532
1339832
1340548
1340695
1340950
1341518
1341876
1342075
1342648
1343787
1344954
1347538
1348660
1349550
1351114
1351172
1351455
1351926
1352271
1353073
1355909
1357460
1359158
1359334
1360689
1365603
1367932
1368333
1368984
1371364
1371752
1372597
1372781
1374830
1375249
1375485
1375583
1375893
1376262
1377955
1379490
1380202
1381846
1382014
1382232
1384060
1384201
1384996
1385183
1386124
1387080
1387144
1388698
1389856
1391661
1394824
1398171
1400199
1400305
1400548
1401272
1401607
1402338
1402718
1402734
1403678
1403836
1403967
1404759
1405716
1405793
1407823
1409211
1410693
1411025
1412831
1413560
1414361
1414743
1414817
1419793
1420320
1420729
1420781
1420820
1421348
1422031
1423322
1423392
1423512
1423789
1424175
1424877
1424932
1424970
1425229
1427247
1427957
1428544
1428787
1431311
1431777
1432927
1434198
1435671
1436524
1437040
1437279
1437359
1437868
1437987
1438375
1438675
1439785
1441107
1442588
1443742
1443843
1445587
1447887
1449211
1449702
1451363
1451472
1455923
1457414
1461383
1461561
1461920
1463419
1464485
1468796
1469017
1476976
1477073
1478181
1478310
1479446
1480656
1482656
1482959
1483586
1483772
1484743
1486494
1488225
1489239
1489649
1490371
1490957
1491464
1491864
1492231
1492494
1492807
1493007
1493838
1495194
1495388
1496667
1496712
1497318
1497849
1500743
1501637
1509171
1511516
1512154
1516068
1516563
1517039
1517296
1517465
1518389
1519501
1520494
1520850
1521239
1521474
1521551
1523758
1526123
1531291
1532230
1532939
1533351
1534153
1535487
1535537
1535603
1537252
1537960
1538007
1538024
1539510
1540285
1543525
1543607
1545068
1546009
1548262
1548737
1551052
1551324
1553885
1554366
1556326
1557117
1558514
1561455
1562995
1563379
1563557
1564880
1564930
1566110
1566684
1567122
1567334
1567618
1567674
1567761
1569932
1570032
1570135
1570359
1570590
1571144
1571175
1572453
1572679
1575000
1575500
1575663
1576190
1577486
1577553
1580263
1581827
1583593
1584602
1584606
1586462
1587581
1589135
1589633
1590506
1590746
1591674
1591680
1592271
1593449
1593692
1594928
1595951
1597740
1598635
1600106
1600934
1601545
1601555
1602497
1603165
1603671
1603691
1604032
1605100
1605231
1605781
1606418
1606595
1607492
1607773
1608086
1608257
1608956
1608956
1610085
1610834
1611365
1612291
1612881
1613548
1614098
1617542
1617603
1620354
1621348
1621377
1621638
1622966
1624240
1624803
1625321
1626158
1627223
1627615
1627666
1630032
1633027
1634183
1634988
1635065
1636063
1637183
1637686
1638244
1638267
1638347
1639826
1639873
1640413
1640430
1642723
1643133
1645408
1648256
1648633
1651313
1652318
1652824
1653537
1654225
1661306
1661337
1661348
1661978
1662154
1662318
1662820
1663590
1665478
1668090
1668394
1669671
1670022
1670038
1670611
1670822
1674250
1674608
1676047
1676281
1676303
1676455
1676649
1678304
1678846
1679211
1679448
1680634
1681658
1683838
1685877
1685974
1688040
1689054
1689239
1689304
1692276
1692975
1693667
1694696
1695358
1697269
1698047
1704408
1704436
1705669
1705827
1707369
1707450
1708171
1709146
1709202
1709512
1709756
1709796
1711352
1711397
1712289
1712584
1712651
1713469
1714385
1716402
1718777
1719614
1720100
1720596
1721181
1721442
1722054
1722772
1722784
1724275
1724866
1725830
1726590
1730605
1731130
1731979
1732916
1734515
1735564
1736134
1737841
1737993
1738883
1739301
1740045
1740193
1740335
1741008
1741059
1741109
1741386
1744582
1744923
1747129
1747264
1749661
1750118
1750170
1750549
1750642
1750696
1752259
1752432
1755761
1757150
1757994
1758320
1758834
1759034
1759998
1761579
1761847
1761913
1762508
1763644
1764244
1766908
1772166
1773578
1774914
1776240
1776614
1776993
1779697
1780083
1780964
1781622
1781798
1784932
1785265
1786982
1787217
1788136
1789072
1791390
1794787
1798185
1799326
1799435
1801620
1801866
1807103
1808549
1810703
1811031
1811554
1813434
1814741
1816483
1816774
1819168
1825301
1825756
1826804
1828490
1830685
1830712
1832121
1833300
1833723
1833777
1833804
1834102
1834158
1834643
1836185
1836255
1837327
1838704
1840526
1841738
1842668
1842988
1844735
1846086
1846465
1846868
1847946
1849209
1850810
1852275
1852294
1855535
1856307
1856426
1857432
1857465
1857467
1857531
1858151
1860615
1861478
1864027
1864269
1865123
1866424
1866462
1867621
1871492
1871823
1872471
1873390
1873478
1874117
1875288
1875851
1877888
1878819
1881782
1881967
1883506
1884181
1886408
1887489
1887698
1887782
1890119
1890148
1891362
1891391
1891511
1892925
1893252
1894198
1894491
1895354
1896325
1897227
1898066
1902249
1905644
1905934
1906045
1907423
1907498
1909031
1909607
1910356
1910770
1910975
1913158
1913880
1914281
1915443
1917332
1919401
1920851
1922217
1922490
1922656
1923105
1923917
1926368
1930963
1931620
1931974
1933103
1933401
1934883
1935673
1936825
1939107
1939286
1939654
1940749
1941432
1941465
1943588
1944324
1945448
1947512
1947705
1948226
1948761
1949177
1949687
1950152
1951576
1955550
1956941
1958213
1958658
1959666
1961861
1962958
1963070
1963294
1963353
1965564
1965610
1966081
1967413
1968272
1968465
1968652
1969288
1969507
1970044
1970596
1971864
1972460
1973586
1973804
1974170
1974194
1975220
1975619
1976169
1977740
1978051
1979912
1980654
1981519
1981903
1982231
1982553
1982583
1982839
1984943
1986884
1987815
1989085
1990241
1990500
1991480
1991559
1991636
1991924
1992123
1994327
1994684
1996091
1997378
1998092
1998537
1998576
1998964
2000081
2000499
2000656
2002644
2002815
2003602
2003708
2005202
2005218
2005295
2005352
2006363
2006871
2008417
2008440
2008878
2010145
2010746
2011687
2011931
2012518
2014415
2014485
2014686
2015776
2016243
2017979
2020523
2021450
2023697
2025064
2025076
2027803
2027902
2029834
2030234
2030479
2032528
2032756
2032818
2032829
2033290
2033844
2034621
2035768
2036477
2037063
2037160
2037917
2038665
2039690
2039989
2040355
2042119
2044374
2045114
2045766
2045781
2045842
2046246
2046327
2046356
2047195
2047266
2047364
2047541
2047949
2048238
2048520
2050018
2051090
2051230
2051505
2052052
2052419
2053613
2053886
2056849
2058274
2060648
2060844
2061741
2062047
2062469
2063168
2064284
2064527
2065146
2065657
2066174
2066684
2066756
2067137
2067760
2069493
2070246
2070532
2070614
2071572
2071896
2072754
2076767
2078048
2078194
2078206
2079698
2079862
2079954
2084428
2084542
2084568
2084606
2085058
2085240
2086159
2086317
2086923
2087418
2087949
2088094
2088258
2088365
2091581
2091736
2092486
2093970
2095418
2097320
2099069
2099938
2100402
2101335
2101643
2102037
2105133
2106901
2108899
2111680
2112525
2113364
2113443
2114306
2114886
2117044
2117120
2117330
2118163
2119485
2119680
2119941
2122869
2126003
2126015
2127870
2128036
2128879
2130386
2136714
2137222
2138281
2141003
2141048
2143597
2143667
2144949
2145693
2145907
2149440
2149817
2150359
2150635
2154300
2154830
2155076
2155583
2155909
2155924
2156035
2156143
2156545
2157659
2158412
2159587
2159651
2159826
2159950
2160246
2160600
2160921
2161049
2161428
2163359
2164671
2165080
2165582
2166711
2168889
2170233
2171191
2171703
2173120
2173979
2174302
2176725
2177503
2177736
2178792
2179013
2179683
2179740
2179938
2182175
2182191
2184628
2184715
2185053
2185768
2185862
2186094
2186318
2186742
2187966
2188942
2189383
2189553
2193437
2194042
2195280
2195692
2196849
2198630
2199041
2199968
2200253
2202229
2204525
2206025
2207611
2207692
2207851
2209218
2209255
2210746
2212544
2213000
2213126
2213342
2213400
2213712
2214564
2215323
2217117
2219019
2219326
2219860
2223341
2223527
2223531
2224174
2226260
2226879
2228767
2229482
2229576
2230126
2231820
2231838
2232211
2232413
2232651
2233323
2233739
2234307
2235387
2235837
2236155
2236749
2236931
2237133
2237211
2237829
2242594
2243269
2243534
2243674
2245008
2246495
2247349
2248392
2250526
2251127
2251252
2252866
2253795
2256606
2256712
2256940
2259227
2260738
2262662
2265397
2266243
2266821
2268176
2269400
2269519
2270807
2272034
2272869
2273868
2274196
2274335
2274891
2275434
2275631
2276314
2279677
2280579
2280775
2280852
2281555
2282407
2284007
2284426
2286133
2286448
2289182
2289727
2290030
2291199
2292524
2293905
2294260
2294978
2295522
2296157
2296377
2296648
2299050
2299651
2301672
2302352
2302730
2302735
2302735
2304150
2306729
2309386
2310498
2310603
2310704
2314054
2314652
2315365
2315994
2317638
2317993
2320578
2321016
2321793
2323636
2324885
2325537
2325681
2325774
2326654
2327131
2328737
2330825
2330834
2333359
2333573
2333797
2335678
2335853
2336254
2337719
2341825
2342419
2342933
2342963
2343605
2344112
2344407
2345323
2345816
2346394
2346662
2346827
2347417
2347680
2351276
2352794
2353317
2354767
2357507
2361190
2361625
2361690
2361947
2362046
2362385
2363611
2364087
2364177
2364524
2364909
2364953
2366667
2368186
2368309
2371537
2372039
2375238
2377248
2377602
2377996
2378379
2379237
2381258
2381581
2381598
2383873
2383999
2384038
2388413
2388441
2389276
2389552
2390345
2390962
2391049
2391765
2392352
2392576
2392981
2393162
2393204
2394240
2394266
2398634
2402887
2405314
2405875
2410324
2411888
2414982
2415004
2415222
2416163
2416508
2416787
2417154
2418825
2419320
2420956
2421748
2422449
2422963
2424408
2424654
2426299
2428200
2431549
2433419
2433843
2434088
2436789
2438660
2439709
2441706
2444646
2444978
2445141
2448002
2448148
2448247
2448323
2450390
2450592
2451310
2452942
2453162
2453226
2453729
2455762
2456616
2459717
2460062
2465107
2465528
2466398
2467389
2469646
2470403
2471038
2474036
2475052
2475835
2477132
2479251
2480265
2482847
2483345
2484166
2484717
2485048
2485589
2485975
2486138
2486224
2486275
2486649
2489021
2489703
2490395
2491707
2493334
2493691
2494245
2495694
2496908
2499053
2499195
2500578
2501541
2505848
2508095
2508104
2509586
2509994
2510753
2510815
2517115
2517299
2518384
2518461
2518878
2520600
2521956
2523786
2524917
2525077
2525635
2527025
2527282
2531299
2531314
2532003
2532018
2532885
2534209
2534362
2535538
2536832
2536869
2539075
2539664
2539708
2542254
2542307
2543687
2546234
2548318
2548726
2548885
2549294
2550810
2556706
2556813
2557182
2557332
2558526
2559041
2559155
2559471
2561366
2561717
2561986
2564439
2566603
2567139
2567162
2568008
2568169
2569436
2570572
2570907
2571232
2571296
2573332
2574530
2575139
2576403
2576674
2577233
2577268
2578991
2580822
2582043
2582213
2582686
2583911
2583980
2584304
2585018
2585247
2588452
2589175
2592272
2592592
2593335
2593858
2594122
2594184
2594198
2595739
2597142
2597521
2597742
2598368
2599543
2601175
2601844
2603822
2604679
2606531
2607011
2608240
2608307
2609275
2610129
2610631
2611977
2614126
2615319
2617969
2618173
2618445
2621957
2623691
2623763
2624556
2625520
2625638
2626479
2627898
2628057
2629022
2629912
2632126
2633356
2635244
2635826
2636524
2636833
2639275
2642239
2642652
2642969
2643952
2643988
2644789
2645505
2646625
2648177
2649137
2649242
2650488
2650914
2651136
2653486
2654888
2656744
2657802
2659224
2659499
2660456
2661224
2662221
2662339
2663991
2667016
2667236
2667632
2668223
2670727
2672982
2672990
2677075
2677200
2677449
2677790
2677975
2681391
2681709
2682146
2684786
2685168
2685270
2686207
2688733
2689383
2689919
2690676
2690772
2691201
2691211
2691775
2691859
2692046
2694077
2695273
2695397
2695609
2695680
2696591
2697093
2697434
2697813
2698033
2698146
2699314
2700833
2700957
2701451
2701628
2701649
2701801
2704488
2704635
2705271
2705750
2706388
2709240
2713050
2713656
2713954
2714821
2716444
2717228
2718859
2720653
2723129
2725491
2726165
2730070
2730219
2730241
2730652
2733232
2733594
2734865
2735806
2736214
2737524
2738895
2740046
2741553
2741899
2742470
2742679
2744880
2746210
2747005
2751235
2751332
2753932
2754530
2754698
2758542
2758736
2759599
2761446
2761567
2761794
2762193
2763237
2764079
2764434
2764876
2765098
2767014
2769225
2770082
2770861
2772038
2773697
2773858
2775284
2777853
2779154
2780514
2781221
2781224
2781813
2782787
2785018
2786236
2786248
2787062
2787333
2788172
2789061
2790900
2791072
2791974
2795883
2797769
2798584
2798593
2799147
2800729
2800858
2800922
2801308
2801991
2802220
2802489
2803306
2803920
2804365
2804820
2805005
2805181
2805222
2805379
2807106
2807246
2810146
2811996
2813534
2813737
2814634
2815076
2815100
2815166
2815826
2816847
2817956
2823457
2823961
2824935
2825939
2826792
2826886
2827073
2827184
2828297
2829238
2829385
2829742
2837468
2838589
2841132
2841205
2845101
2846033
2849544
2851198
2852788
2852842
2853765
2854969
2855591
2856636
2857126
2857464
2859701
2861200
2861540
2861843
2863569
2863783
2864105
2866787
2866907
2866926
2867231
2867507
2869206
2870539
2871629
2873051
2873820
2875668
2877716
2878540
2878727
2878976
2879155
2879752
2880973
2881518
2882048
2884108
2884271
2886370
2890029
2895340
2896169
2896897
2897153
2898212
2900097
2900542
2900950
2902622
2904025
2904202
2905113
2905759
2905860
2909308
2909721
2911095
2911249
2914827
2915251
2915343
2916269
2916593
2917272
2917757
2918093
2918554
2918840
2919199
2919817
2921891
2926483
2927417
2927517
2928112
2928122
2928278
2928815
2929491
2929495
2929784
2934548
2938085
2938851
2939687
2941681
2942068
2942720
2942779
2943226
2943392
2943394
2943938
2944221
2945308
2947736
2948638
2949558
2950396
2953122
2953296
2954824
2955287
2955734
2955744
2956553
2957800
2959456
2961287
2961856
2962011
2963139
2965169
2965311
2966275
2971212
2971585
2972485
2972926
2973213
2975122
2975280
2975733
2977031
2977982
2978023
2978038
2979413
2979600
2980156
2980695
2980851
2981464
2981890
2984171
2985002
2985787
2985968
2986770
2987481
2988133
2988903
2989174
2989321
2990344
2991319
2991945
2993719
2995006
2996133
2996507
2996698
2996732
2996795
2997437
2998112
2998344
2998433
2999554
3000059
3000576
3001350
3001425
3002015
3002062
3002261
3003853
3003975
3004752
3007554
3008803
3010006
3011629
3011688
3011862
3012142
3016307
3016325
3016469
3018464
3018977
3020003
3020472
3024225
3027019
3028674
3028894
3029344
3029590
3031240
3031457
3032012
3033062
3033696
3033963
3033995
3034567
3036449
3037205
3037322
3037358
3038993
3039752
3040003
3042955
3043355
3043590
3045485
3047834
3048289
3049893
3051380
3052071
3052207
3053288
3053688
3053823
3054185
3054291
3055201
3055418
3055513
3056010
3056209
3057037
3057986
3058807
3060116
3061419
3063597
3063733
3065253
3068534
3069789
3072128
3073519
3074856
3075946
3077160
3077412
3080524
3080780
3081480
3082231
3082262
3087987
3088286
3088647
3089654
3091775
3092012
3095374
3095511
3095610
3096118
3096500
3098635
3099617
3100012
3101510
3101802
3102295
3102577
3102723
3102768
3104455
3104826
3104849
3104959
3107743
3108599
3110578
3110801
3111003
3111070
3114548
3114573
3115193
3115741
3116394
3117113
3118736
3119105
3121284
3121673
3122454
3122959
3124824
3124911
3125134
3126072
3127437
3128498
3128521
3130673
3132374
3135419
3137971
3138906
3139357
3139443
3139816
3141265
3141591
3142810
3143221
3145545
3146300
3147316
3147373
3147617
3147749
3149998
3153360
3156076
3156123
3160121
3160279
3160879
3162559
3164526
3164710
3165495
3166773
3167506
3167619
3167919
3168183
3169356
3169415
3171242
3172633
3173175
3173547
3173592
3173883
3177872
3178490
3179016
3181003
3181532
3181651
3182948
3184225
3184288
3185115
3185329
3186077
3186440
3187211
3187834
3188190
3189609
3189848
3190454
3190556
3190687
3191517
3192687
3193705
3194623
3195633
3197736
3197883
3198355
3198651
3200458
3201230
3201419
3202068
3205351
3205419
3207983
3209025
3215245
3217325
3217722
3217907
3217937
3218661
3220137
3221039
3224073
3225560
3226174
3226318
3226564
3227742
3229532
3231373
3231483
3231590
3231642
3233714
3234648
3235299
3236410
3237088
3237805
3238085
3238482
3240023
3241034
3246245
3247630
3249774
3250730
3252135
3252468
3253171
3253766
3254716
3254813
3256173
3256971
3259866
3260704
3260943
3262063
3262788
3264148
3267230
3268718
3270569
3270883
3271434
3271605
3273462
3274154
3274176
3275342
3276567
3276670
3277019
3277106
3277974
3278079
3278742
3280600
3280806
3283827
3285103
3285638
3287273
3287404
3289708
3291681
3292083
3296361
3297700
3297953
3301346
3301764
3302798
3303335
3303341
3304440
3304806
3305031
3306158
3307063
3308634
3308819
3309558
3309792
3311176
3312408
3312736
3312946
3314512
3317136
3318855
3319736
3320777
3321441
3321638
3322160
3323702
3324050
3325543
3325548
3325822
3328364
3328404
3328697
3328846
3329017
3329157
3329199
3330012
3331491
3331534
3331556
3331665
3331810
3331931
3335720
3336238
3337211
3338632
3339849
3340053
3342421
3342485
3343820
3345010
3347249
3347286
3349119
3349613
3349921
3352277
3353270
3353362
3357210
3358509
3359402
3360041
3360287
3360856
3361245
3361938
3362063
3362146
3362820
3363050
3365080
3366535
3367025
3368159
3368625
3372390
3372982
3373011
3373141
3373494
3375304
3375400
3376185
3377208
3377582
3377627
3378663
3379277
3379752
3380863
3381295
3384419
3384547
3385254
3386840
3388326
3389620
3393094
3393671
3394478
3395773
3399947
3400344
3400394
3400737
3400871
3401643
3401765
3402072
3402141
3402222
3404058
3405517
3408441
3408848
3410015
3410052
3410360
3411722
3412892
3413266
3415399
3416167
3416469
3417728
3419538
3421569
3421686
3421776
3422676
3425232
3425709
3426700
3430034
3430630
3430685
3431149
3432485
3435315
3435804
3436315
3436627
3436669
3437080
3438980
3439105
3440353
3440426
3440500
3441043
3443074
3445811
3446657
3446760
3446761
3447994
3451191
3451292
3452560
3452585
3454682
3456930
3459856
3461054
3461131
3461726
3462078
3462444
3462473
3463502
3465028
3465034
3466022
3466462
3469377
3471697
3471864
3472221
3472360
3472704
3473514
3473665
3474582
3475265
3475502
3475679
3476469
3477325
3479076
3479684
3481334
3485891
3487247
3487925
3489009
3489318
3489378
3491938
3492092
3493327
3493364
3494970
3495157
3496329
3496787
3497218
3497710
3497919
3499664
3499729
3499832
3501608
3502828
3503352
3505064
3505487
3505855
3505880
3506465
3507312
3507720
3508267
3508855
3511656
3516145
3516836
3518822
3520102
3520432
3520955
3522656
3522684
3523423
3523597
3524350
3525819
3526042
3526268
3527007
3527076
3529359
3530909
3531296
3532106
3532633
3532691
3533608
3534096
3534205
3534654
3534793
3535105
3535205
3535231
3536943
3537357
3537582
3537827
3538442
3538479
3539565
3540269
3540766
3541164
3542434
3543173
3544722
3547491
3548042
3548556
3549530
3550327
3552151
3553413
3553963
3554121
3554782
3555814
3556028
3556029
3556294
3557051
3557751
3558372
3560162
3560900
3560928
3563346
3563637
3565443
3565588
3566436
3567697
3570088
3570627
3571503
3574423
3574522
3577008
3578014
3579527
3579655
3581119
3582554
3582747
3583287
3584079
3584341
3585211
3585339
3585362
3586056
3586155
3586923
3587436
3588490
3589011
3589229
3589630
3590583
3592286
3594693
3597095
3601109
3604559
3604585
3605094
3605487
3606136
3607539
3611011
3612020
3612315
3612959
3613290
3615502
3616380
3617323
3617902
3618182
3619808
3619814
3621628
3621825
3622277
3622755
3626819
3627061
3630851
3631919
3633112
3633426
3634866
3635144
3636329
3637023
3637100
3637555
3637918
3638706
3638735
3639899
3640838
3640937
3644501
3644688
3645384
3645696
3646976
3647963
3648276
3651692
3651892
3652190
3652215
3653469
3654004
3654509
3654587
3656306
3656513
3659563
3660819
3661871
3663119
3664190
3665899
3666967
3666976
3667615
3668613
3671113
3671178
3672521
3673649
3675265
3675669
3676247
3678109
3680440
3680551
3680643
3682709
3683667
3684342
3685465
3685858
3686190
3686445
3687214
3687939
3688919
3689484
3689825
3689964
3690471
3690765
3691241
3691902
3692001
3692084
3692187
3692685
3694972
3694994
3695878
3696230
3697222
3698207
3698370
3699344
3699363
3700227
3700411
3702357
3707962
3709432
3709607
3709999
3711205
3711940
3711981
3712191
3712837
3714731
3714968
3716233
3717043
3717295
3718162
3718835
3721289
3722919
3723684
3724138
3726216
3727539
3728252
3730885
3734248
3735827
3738559
3742122
3743250
3743949
3743952
3744451
3744487
3746804
3749235
3749543
3750191
3750937
3751069
3751566
3752204
3752507
3754622
3754840
3756649
3756691
3757214
3758233
3758246
3761952
3762205
3762365
3763653
3764458
3764671
3764767
3766199
3767317
3768504
3768886
3770253
3772086
3772858
3773683
3774586
3774882
3776015
3776878
3778001
3778609
3782178
3782208
3782911
3784127
3785133
3785409
3787038
3787466
3787506
3788201
3789222
3791319
3792193
3792848
3793090
3793199
3793598
3795360
3795827
3796371
3797479
3797577
3797750
3798407
3798791
3800387
3800724
3801971
3803662
3804128
3804713
3805082
3808504
3810416
3811107
3811214
3812101
3812598
3813882
3814425
3814548
3814720
3816683
3817355
3818391
3819323
3821135
3821527
3821666
3822849
3822950
3823131
3825905
3828243
3828372
3829369
3830756
3831452
3832500
3832600
3833225
3834647
3837591
3837759
3838162
3838165
3838927
3839050
3839133
3841593
3841837
3841966
3842834
3843768
3844189
3844851
3847301
3848699
3848772
3849030
3849428
3849851
3850359
3852703
3853623
3854113
3855375
3855864
3856464
3858111
3859302
3859358
3859607
3860052
3860075
3860934
3861868
3861980
3862259
3862380
3863113
3863789
3863904
3864019
3864898
3866085
3866119
3867016
3868307
3871091
3871833
3872525
3872777
3874067
3874431
3874658
3874678
3875242
3875729
3876008
3878760
3879265
3880115
3880344
3880788
3880825
3880964
3880998
3882768
3882822
3885075
3885478
3886189
3887241
3887993
3889982
3890887
3891347
3891579
3892152
3892881
3893260
3893268
3893529
3893847
3893944
3895043
3895236
3895431
3896865
3898640
3899562
3900691
3901712
3901725
3902231
3902486
3904445
3906032
3907224
3907381
3907389
3908999
3909050
3910385
3910396
3910588
3911594
3911877
3915792
3915809
3916346
3916650
3918969
3919504
3920108
3921361
3921513
3921576
3921974
3922540
3924929
3925814
3927150
3929245
3929341
3929368
3929831
3929856
3933312
3933680
3933800
3933845
3936460
3939319
3939589
3939986
3940173
3940395
3942214
3942407
3942811
3943937
3944537
3944641
3944732
3944990
3945656
3945866
3947825
3948928
3949516
3950077
3950785
3952084
3953384
3953412
3953613
3954331
3957306
3957367
3957388
3957828
3957994
3958710
3960634
3960878
3961009
3961345
3963752
3964761
3965418
3965960
3968182
3968998
3969281
3969612
3969647
3970137
3972033
3976170
3976509
3976925
3976959
3977220
3977278
3977944
3978942
3980181
3980262
3981340
3982104
3982306
3982482
3984607
3984629
3985411
3987208
3987566
3988801
3990158
3990274
3991950
3992777
3993660
3995755
3996331
3997275
3998590
3998789
3998988
3999099
3999255
4000148
4000169
4000930
4002223
4003989
4004136
4004372
4004394
4004723
4005836
4006667
4007084
4007627
4008865
4011468
4011501
4011537
4012416
4013194
4014998
4016793
4016820
4018783
4020755
4023024
4023495
4024027
4025044
4026686
4027440
4027536
4028225
4028581
4028702
4029015
4029515
4029991
4030040
4031758
4032021
4034681
4034892
4036717
4037239
4038243
4038388
4041456
4042145
4044174
4044368
4046507
4047152
4047239
4048529
4048687
4048705
4049068
4049958
4051222
4052246
4052550
4054420
4054450
4055090
4057237
4058493
4059385
4059807
4061710
4061901
4062346
4062431
4063168
4065706
4065915
4067678
4067823
4067942
4068183
4069482
4069988
4071201
4071592
4074459
4074542
4075598
4076075
4077153
4077653
4077934
4078959
4079327
4080116
4080214
4081071
4081594
4083125
4083522
4084329
4085517
4087455
4088865
4089040
4090179
4090443
4090478
4093346
4094287
4095403
4096988
4097509
4098823
4099888
4102325
4102412
4102461
4103565
4104057
4104958
4105489
4105644
4106118
4106437
4110475
4111100
4116638
4117868
4118182
4118188
4118433
4118497
4119783
4121342
4122771
4125690
4125827
4126437
4127261
4128124
4128369
4129559
4130526
4131474
4131989
4132891
4133320
4133474
4133830
4134052
4134762
4134974
4137369
4138222
4138459
4138750
4139526
4139540
4141451
4141491
4141841
4142165
4142748
4143551
4143809
4143924
4144409
4146905
4147688
4148212
4148415
4149414
4150560
4151714
4152530
4153222
4155945
4155946
4159499
4161876
4165184
4169596
4169655
4169704
4170431
4172364
4173988
4174214
4175132
4178248
4178973
4179105
4179756
4179804
4183038
4183901
4184972
4185832
4186278
4187293
4188743
4189384
4189970
4190156
4191018
4194063
4194606
4195961
4196948
4197167
4203409
4204079
4205497
4207436
4207871
4207967
4208162
4208189
4208258
4208855
4209995
4210461
4210653
4211775
4212308
4213814
4213949
4214503
4216391
4217001
4218542
4221047
4221304
4222072
4222176
4222224
4222231
4223599
4224470
4225655
4225866
4226504
4228080
4228257
4230012
4230886
4231355
4232541
4232618
4233130
4234962
4238316
4239330
4240143
4240256
4242527
4242907
4243131
4243954
4246682
4247669
4247771
4248660
4249339
4249463
4250096
4251170
4252247
4253279
4253436
4254124
4256213
4256873
4257862
4257960
4258403
4259078
4260331
4262356
4262994
4263577
4265070
4265718
4266352
4267133
4268549
4268648
4268709
4269548
4272841
4273554
4273849
4275124
4276222
4277110
4277632
4278065
4278365
4278642
4282000
4283101
4283318
4283362
4284196
4284540
4284934
4284980
4285585
4286455
4287285
4287566
4287586
4288320
4289578
4289729
4290360
4290527
4291430
4292210
4292487
4294591
4295011
4295100
4296125
4296152
4297228
4297428
4297442
4297963
4298299
4298394
4298638
4298673
4300343
4301662
4302564
4302728
4304220
4304900
4306525
4308355
4309493
4310820
4311140
4311354
4311587
4311608
4312573
4315718
4317400
4317832
4317981
4320726
4321147
4322277
4324364
4324399
4324721
4326288
4327466
4328374
4329117
4329778
4332037
4332572
4335999
4339071
4340918
4342603
4342776
4346848
4349483
4349612
4350253
4351250
4354722
4355333
4355787
4356146
4356278
4357384
4357605
4358828
4359802
4359822
4360015
4361133
4361548
4361974
4362093
4362990
4363142
4363940
4364243
4365947
4366029
4366096
4366155
4366386
4366969
4367465
4368435
4371464
4373736
4374297
4377820
4378311
4378730
4378894
4381054
4385814
4386022
4386377
4386868
4387741
4391099
4396081
4396300
4396716
4397266
4400939
4401019
4403182
4403792
4404318
4405127
4407313
4407561
4407972
4408397
4409617
4410344
4414457
4414503
4414995
4415476
4418881
4419051
4419659
4422131
4422361
4424475
4424658
4428562
4429192
4429232
4431192
4431662
4434450
4435748
4436311
4437056
4437527
4438278
4439235
4440163
4440789
4440880
4440962
4443269
4443426
4444980
4446306
4447333
4448011
4448475
4448614
4450045
4450798
4451219
4451977
4452402
4452932
4453376
4453470
4454452
4455388
4455561
4456588
4456658
4457632
4457776
4458606
4458667
4459387
4461201
4463063
4463643
4464119
4464387
4464507
4465549
4465646
4468711
4469805
4470627
4471080
4473374
4475275
4475656
4476658
4477754
4478846
4482050
4482687
4483070
4483396
4484210
4484461
4486597
4486599
4486764
4487005
4487285
4487612
4488514
4489601
4490642
4491474
4491624
4492962
4493975
4494003
4494084
4495187
4495294
4496441
4496476
4497146
4498043
4499611
4500185
4500283
4500387
4501016
4501143
4501152
4501765
4503369
4503965
4504034
4504235
4504450
4507144
4507229
4508306
4509713
4509930
4510920
4511094
4511966
4514281
4514586
4516536
4517088
4517256
4517641
4518519
4519336
4520629
4521173
4521205
4522499
4522638
4523595
4523933
4524187
4524848
4525151
4526491
4526811
4527216
4528776
4529050
4529498
4530817
4530918
4531197
4532011
4532088
4533611
4534535
4535620
4536840
4538289
4538872
4539979
4540517
4540982
4541590
4545834
4547813
4549061
4550623
4551778
4554874
4555138
4556017
4557746
4558090
4561844
4562770
4563282
4563945
4565978
4566943
4567632
4568313
4569822
4571336
4573519
4573639
4575283
4575667
4576129
4577210
4577332
4578384
4578740
4578880
4579399
4580544
4580761
4581682
4582339
4582742
4583189
4583226
4585411
4586962
4590345
4590950
4591080
4593079
4594449
4595580
4595650
4596007
4597448
4598599
4598860
4599710
4599776
4599845
4601327
4602663
4604057
4604138
4607164
4608120
4610529
4612170
4613388
4616730
4618311
4619638
4620005
4622623
4623114
4624206
4624252
4624726
4624931
4625158
4626622
4627191
4629482
4629714
4631195
4632694
4633061
4635993
4637340
4637457
4637783
4637867
4639805
4640251
4640624
4641011
4642146
4642427
4642553
4642710
4642736
4643365
4643435
4644433
4644721
4652131
4652511
4653598
4653651
4654422
4655274
4656413
4656851
4657034
4659265
4659311
4659420
4660299
4660925
4661269
4663555
4665277
4667048
4667364
4667365
4668095
4669567
4672791
4674291
4674878
4676905
4677203
4678022
4678998
4679762
4680747
4681535
4682488
4683383
4683921
4684822
4688364
4691383
4692671
4694180
4695816
4696979
4697247
4699530
4700123
4700473
4700713
4700717
4703107
4704047
4707898
4708877
4708938
4709210
4710886
4711885
4712757
4721173
4721991
4724937
4725696
4728516
4728837
4730305
4730352
4732237
4732938
4733181
4733676
4734386
4735638
4738965
4739800
4740006
4740908
4742018
4743481
4744600
4744852
4745097
4745222
4746683
4747363
4748381
4749361
4750724
4751417
4754039
4754278
4754945
4755167
4755528
4758521
4758682
4758807
4758927
4760168
4761809
4762232
4763412
4765429
4765941
4768816
4769875
4772259
4772965
4773078
4775457
4776628
4777274
4778151
4780917
4782221
4784664
4784767
4784881
4785919
4787082
4787324
4788020
4788510
4789803
4792286
4792359
4792667
4793356
4793559
4793744
4794045
4795130
4795444
4796315
4797561
4799386
4800785
4801236
4803976
4805093
4805231
4806871
4806946
4807635
4809040
4809077
4810803
4811234
4811734
4812360
4812479
4813385
4814114
4814244
4815223
4816963
4817438
4817744
4820184
4820579
4821472
4823467
4824928
4825373
4825389
4825891
4827684
4828373
4831308
4831456
4831531
4833368
4833512
4833600
4834313
4834981
4835183
4836996
4838163
4838271
4839179
4842603
4842930
4845536
4848799
4850646
4852089
4853944
4854220
4854902
4857140
4857625
4862255
4862412
4862475
4862584
4866249
4868770
4869666
4869894
4871081
4872376
4873249
4873564
4874399
4876545
4878614
4878835
4880119
4881590
4881719
4882044
4883858
4884501
4886448
4886558
4887149
4888449
4890589
4892695
4893672
4900001
4900188
4900283
4902617
4902725
4902746
4903194
4903203
4903455
4903832
4904208
4904907
4905115
4905229
4905779
4906784
4907407
4909613
4911712
4914456
4916513
4917452
4918933
4920078
4921104
4922565
4922725
4923506
4923838
4925879
4926813
4927420
4927877
4928902
4929299
4929524
4930385
4931252
4939056
4939450
4943047
4944624
4945453
4946352
4947019
4947029
4951434
4952019
4952530
4952547
4955204
4956465
4958222
4959962
4960864
4961779
4962608
4965484
4966669
4967825
4967901
4970443
4971120
4973239
4975633
4977065
4977344
4977575
4978798
4979482
4981275
4982895
4982902
4984154
4984657
4985087
4985982
4987061
4987654
4989655
4990313
4992318
4993088
4995945
4996989
4997258
4999474
5001366
5001877
5003433
5003919
5004641
5008688
5009147
5009440
5010208
5012996
5013671
5015081
5019721
5019842
5021269
5021352
5023886
5024299
5024997
5025140
5025350
5025748
5027338
5029104
5030932
5031114
5031756
5031779
5031921
5034812
5035936
5037654
5040117
5041657
5042474
5042743
5042945
5044753
5046174
5046678
5047953
5049477
5049558
5052942
5054598
5055553
5056432
5056805
5059184
5059498
5061226
5064140
5066632
5067151
5067415
5067700
5069100
5069257
5070070
5071706
5072308
5072718
5076703
5077179
5077721
5077788
5079585
5079775
5080141
5081223
5082011
5082532
5085098
5086317
5086836
5086889
5089083
5089083
5089439
5092634
5092848
5095014
5097188
5097649
5099621
5103327
5104370
5105458
5105562
5108109
5110264
5111360
5111744
5112154
5112312
5112586
5112982
5115575
5118229
5118678
5119626
5120968
5121798
5122401
5122423
5124745
5128232
5130071
5131479
5133957
5135048
5139533
5143910
5145056
5145711
5148548
5149909
5150439
5150544
5151214
5153834
5158155
5158403
5158840
5160554
5161366
5161491
5161600
5161698
5161769
5162875
5163187
5163415
5164430
5164790
5165505
5166473
5167361
5167639
5168211
5168362
5168730
5171315
5171390
5171711
5173030
5173513
5173671
5173791
5175895
5178312
5180137
5180524
5181491
5182385
5183541
5184063
5185663
5185919
5185983
5187299
5189725
5189852
5190068
5190213
5190888
5194370
5196265
5197283
5197746
5200941
5201466
5202043
5202153
5204972
5205418
5206081
5206187
5209058
5209123
5211414
5211674
5213719
5214578
5214652
5217306
5220354
5221188
5221789
5222409
5222989
5225694
5225798
5225816
5227568
5228071
5229561
5230834
5231124
5232715
5233975
5235288
5235804
5237360
5237705
5237717
5238042
5238579
5240650
5242485
5242893
5244198
5246428
5247084
5248277
5249859
5251468
5252611
5252997
5253188
5253484
5256755
5256828
5257464
5260355
5261596
5262169
5263470
5265130
5268631
5269662
5272965
5275167
5276677
5276844
5277465
5278845
5280383
5280846
5281050
5282382
5282924
5283747
5283926
5284050
5284408
5284666
5288133
5288446
5290265
5292487
5292930
5293833
5296874
5297762
5299405
5300449
5301357
5301480
5301859
5302138
5302702
5306012
5306892
5307210
5308418
5310950
5312488
5313385
5313799
5314591
5316398
5319562
5320290
5320437
5322440
5322627
5326720
5328515
5329474
5329530
5330252
5330788
5330991
5331583
5332073
5332197
5333649
5334332
5336634
5337033
5338928
5339096
5339650
5340334
5340553
5343333
5344150
5345102
5345556
5346541
5346911
5348822
5348938
5350216
5350825
5352408
5352479
5353247
5353694
5354439
5355411
5356274
5358065
5360745
5361150
5361802
5362502
5367449
5368806
5369467
5369964
5370253
5371015
5371942
5372326
5374001
5377225
5378768
5378840
5381561
5384902
5386035
5387426
5387553
5389077
5390670
5391654
5393076
5393426
5396691
5396903
5397065
5398135
5398995
5399804
5400424
5401886
5403633
5405023
5405230
5405589
5405654
5405661
5406917
5408779
5409114
5410468
5411034
5411182
5411655
5412682
5413336
5413391
5414441
5416584
5417638
5417911
5418629
5419029
5419271
5420574
5420760
5420817
5423330
5423441
5423941
5424951
5426527
5427221
5427730
5430328
5430555
5430919
5430980
5432385
5435319
5435721
5435728
5436834
5437140
5437885
5438813
5439552
5439624
5440616
5441726
5442689
5444028
5445243
5445591
5446444
5447243
5447473
5448275
5448293
5449768
5449954
5450667
5450896
5452744
5453106
5456872
5458175
5458234
5459024
5459557
5462953
5463321
5463364
5463390
5464670
5465335
5465904
5466209
5466971
5467462
5467758
5468526
5469695
5470526
5472554
5474121
5476447
5477327
5478588
5478740
5479243
5479385
5481682
5482612
5482940
5483680
5484846
5485781
5488135
5488152
5488409
5488670
5488782
5489797
5490278
5491310
5492464
5493527
5494309
5495060
5495678
5497451
5498462
5498767
5499670
5500894
5501393
5502633
5504512
5504683
5504920
5505207
5507843
5508435
5510711
5511504
5512872
5513623
5514607
5515613
5517332
5517619
5517933
5519054
5519526
5519921
5520161
5520316
5521467
5522075
5522287
5523677
5524452
5524611
5524741
5526609
5527309
5528676
5528880
5530546
5532188
5533242
5533276
5533362
5533461
5534145
5534672
5535190
5535328
5535912
5539296
5540404
5541593
5541845
5541956
5544789
5544960
5546284
5546595
5547153
5547295
5547586
5551171
5551553
5551823
5551887
5553939
5554125
5554267
5554673
5557101
5558498
5558910
5558979
5559821
5560037
5560075
5560445
5560796
5562114
5562788
5563522
5564070
5564584
5564647
5564861
5565282
5567178
5569099
5569161
5571322
5572754
5572767
5573046
5574429
5574883
5575643
5577012
5578369
5579608
5583913
5586253
5586643
5587158
5588337
5588607
5590031
5591937
5592020
5592182
5592630
5593843
5594861
5596114
5596495
5597119
5597425
5597973
5598331
5599167
5599314
5599358
5601247
5601972
5602374
5602515
5603491
5604240
5604648
5604667
5604908
5604930
5605072
5605073
5608744
5609355
5609611
5609832
5610573
5612225
5616469
5616849
5617404
5619128
5619132
5619303
5619762
5620466
5621822
5621987
5623945
5624568
5625065
5625329
5628186
5628423
5628772
5629446
5629532
5629640
5632343
5632438
5633006
5633811
5636123
5636183
5636928
5636935
5637586
5638104
5639308
5639419
5640606
5640962
5641054
5641611
5643060
5644615
5644966
5645507
5647022
5647121
5647914
5648337
5648996
5649931
5650203
5652545
5655607
5655936
5659714
5662138
5662462
5664015
5667393
5669078
5669378
5669640
5670769
5671529
5673032
5674528
5674534
5674897
5674944
5675543
5676140
5678260
5679787
5679921
5680000
5684142
5684285
5684647
5684968
5685732
5685877
5688643
5688644
5688667
5689864
5690064
5691468
5691788
5691788
5692634
5692801
5693304
5694690
5696710
5700307
5703314
5703762
5704453
5704639
5704775
5704927
5705082
5705333
5705740
5707056
5707233
5707917
5708179
5709562
5709617
5710608
5710650
5711328
5712588
5712853
5713569
5715357
5715460
5715591
5715850
5716039
5716831
5716914
5717134
5720214
5720252
5720311
5723401
5723491
5723581
5723830
5724802
5725397
5726863
5727036
5729239
5730458
5731135
5732149
5734017
5734891
5734949
5735334
5735512
5736222
5736735
5738358
5740516
5741554
5744163
5745799
5746486
5752882
5752926
5753318
5754051
5755253
5757042
5759621
5761473
5763136
5763366
5763496
5763918
5765038
5766726
5768352
5768888
5770805
5773452
5774088
5774173
5774643
5774712
5775801
5777151
5777857
5779319
5781998
5782344
5782843
5782930
5783722
5784376
5785160
5785316
5785757
5786623
5789245
5789371
5790313
5792557
5793198
5794430
5796815
5797881
5798128
5799173
5799405
5800396
5800473
5800657
5802522
5803227
5804787
5805298
5807753
5808189
5809911
5810495
5810595
5811711
5811933
5814247
5814249
5814629
5814900
5817235
5817629
5818849
5819743
5820332
5820428
5820612
5822592
5823800
5824423
5825522
5825540
5826471
5826822
5827412
5827680
5828915
5829546
5831412
5832028
5836326
5836814
5836939
5840367
5841505
5841998
5844646
5846487
5846874
5847238
5848144
5850658
5852830
5853840
5856095
5856526
5857562
5858714
5858762
5859025
5860475
5861070
5861465
5862076
5863503
5863841
5863876
5863994
5864372
5865059
5865323
5865907
5869950
5870764
5870995
5871487
5872449
5872457
5872977
5873669
5875775
5876253
5876942
5878417
5878969
5880673
5881380
5881666
5884204
5884747
5885788
5886518
5886810
5886929
5887108
5887929
5887949
5889433
5890306
5891032
5891035
5891672
5893033
5896271
5897554
5898161
5899027
5899455
5899704
5899781
5900319
5900402
5901593
5902513
5904538
5905483
5907220
5908351
5908458
5909991
5911221
5911293
5911310
5911818
5913654
5915052
5915984
5918417
5920684
5921136
5922676
5923115
5923163
5925529
5925809
5928955
5929489
5929972
5931491
5931755
5931797
5932411
5932601
5932855
5933142
5933241
5933901
5933911
5935635
5936592
5938941
5939202
5939380
5941910
5943686
5943833
5947860
5948501
5950045
5950474
5950626
5951180
5952181
5952484
5953718
5954267
5955684
5956256
5956327
5961186
5961303
5961554
5963737
5963893
5963976
5964947
5966113
5966628
5968417
5969614
5970289
5972941
5973544
5973909
5974033
5974213
5979233
5979459
5979507
5983898
5986502
5987243
5987623
5988553
5988564
5990647
5992463
5992699
5994060
5994131
5994194
5994820
5996707
5997984
5999163
5999354
6000266
6000428
6000798
6003057
6005140
6006292
6006790
6007000
6008486
6009248
6010341
6011909
6011989
6014384
6014734
6014789
6019527
6019637
6019697
6020983
6021634
6022693
6023025
6023552
6026306
6027744
6027889
6028981
6029972
6032513
6033535
6033877
6035227
6038263
6038431
6038582
6039042
6039658
6041710
6042408
6042624
6045252
6046727
6046917
6047102
6047390
6048693
6049997
6050796
6051127
6051871
6053543
6054858
6057987
6058019
6058087
6060489
6060984
6061265
6064112
6065545
6066637
6067262
6067801
6068993
6069271
6070179
6070233
6070546
6072664
6073052
6073646
6076041
6076051
6077274
6077642
6079566
6079734
6082108
6083436
6083977
6086584
6086816
6089404
6095081
6097195
6097291
6099038
6099151
6099279
6101426
6103326
6106024
6108101
6108423
6108972
6108995
6109401
6110012
6110141
6113651
6113800
6114757
6115172
6115941
6115989
6117281
6119730
6120255
6120956
6121150
6122303
6126279
6128194
6129514
6131597
6132672
6133887
6134940
6135320
6135923
6136027
6136068
6136467
6137043
6137877
6138306
6138793
6139756
6140557
6141654
6142440
6142565
6143304
6145284
6145930
6146625
6146943
6147214
6148770
6148844
6149956
6150526
6152071
6152938
6153640
6154243
6154808
6155108
6156169
6156433
6158812
6159006
6160999
6162931
6163461
6164178
6164194
6165132
6166373
6166962
6167179
6167731
6168079
6168503
6170870
6171587
6171595
6171835
6172831
6172995
6174590
6176536
6176739
6177805
6178216
6180181
6180881
6183159
6184097
6184152
6184430
6186322
6188301
6188812
6189070
6189535
6189905
6190625
6191236
6193162
6193317
6193448
6194630
6195327
6195334
6195673
6197875
6198324
6198956
6199079
6199253
6199941
6200478
6200616
6200802
6202796
6205157
6205347
6205600
6205652
6205740
6205744
6207628
6208669
6209538
6209651
6209808
6211612
6212283
6213709
6214644
6217544
6217641
6220779
6222027
6223185
6225802
6226871
6231870
6234165
6234611
6235163
6236054
6236140
6236433
6237420
6237554
6237829
6238628
6238748
6238913
6240107
6242369
6242649
6243509
6243822
6244165
6246165
6246981
6248138
6249481
6250144
6251437
6252669
6256042
6256903
6261289
6265131
6265898
6266224
6266940
6267528
6267755
6268001
6268149
6268704
6269357
6270592
6270619
6272983
6273805
6275510
6276721
6277234
6277407
6279264
6279929
6281283
6282749
6285364
6285959
6286283
6286967
6288042
6288388
6288522
6289182
6289793
6291314
6291671
6293399
6293950
6294456
6295388
6297073
6297112
6299221
6299778
6300774
6302019
6302418
6303986
6307684
6309693
6309896
6310550
6310638
6313691
6314943
6315434
6317196
6317960
6318100
6318907
6320468
6320554
6320604
6321112
6321877
6323825
6324031
6325067
6325605
6326046
6326708
6327759
6328883
6329580
6330041
6331806
6332430
6332576
6334233
6334451
6335225
6336640
6338136
6339420
6341490
6342200
6342244
6343416
6344310
6344501
6345347
6345577
6346379
6346401
6348555
6348810
6349210
6349974
6350265
6350976
6351161
6351912
6352795
6353780
6353974
6354840
6357277
6358880
6359117
6361908
6362388
6362707
6363079
6363868
6364101
6364255
6365316
6365722
6366051
6367401
6370757
6370900
6371402
6371990
6373340
6373744
6375722
6375879
6381089
6385092
6385856
6386040
6388124
6388537
6388964
6389984
6391496
6392982
6396685
6397774
6398207
6399088
6400976
6402116
6403274
6404061
6405827
6409572
6409622
6412453
6413285
6416058
6417962
6418203
6418916
6419212
6419553
6420473
6420902
6421358
6422364
6423154
6424659
6425566
6426196
6426701
6427194
6427568
6429313
6429885
6430035
6430084
6431604
6432855
6434719
6436813
6438612
6439262
6439613
6443026
6443132
6443249
6443548
6444817
6447111
6447133
6447261
6450763
6452211
6452478
6453913
6454022
6454266
6455802
6458166
6462924
6467724
6471192
6472324
6474761
6477595
6477779
6479616
6479786
6480272
6481362
6481910
6482885
6484454
6485848
6486192
6486252
6487376
6487775
6488184
6488561
6490650
6492334
6492516
6495436
6496576
6496661
6497735
6497949
6497988
6498893
6499919
6502243
6503387
6503825
6506860
6507321
6508727
6510378
6510485
6511598
6513033
6513197
6513454
6514846
6515965
6516190
6516928
6517770
6519456
6519783
6521859
6522433
6523650
6523736
6524991
6529208
6529293
6530470
6530963
6532939
6533369
6534551
6534843
6535977
6537244
6537255
6539154
6543364
6544889
6546161
6546749
6548112
6548428
6549269
6549353
6550772
6552924
6553553
6553962
6554179
6554810
6556396
6557711
6559010
6559625
6561182
6561310
6562613
6562944
6563809
6564029
6564073
6564554
6564838
6567529
6568029
6569093
6569633
6569879
6569901
6571007
6572410
6573552
6574109
6574259
6579195
6579317
6579899
6581139
6582226
6583958
6586803
6586966
6589145
6589798
6593349
6594676
6595795
6597670
6598884
6601444
6602040
6604054
6604238
6604689
6604764
6605178
6606036
6606653
6607554
6607993
6608777
6610309
6610859
6610998
6611347
6612491
6612792
6613217
6613648
6614171
6614574
6614759
6614908
6615266
6618609
6619030
6622187
6624386
6625015
6625962
6627003
6628338
6628992
6629608
6631613
6631616
6631742
6633021
6637865
6638687
6639931
6640076
6641443
6644154
6644362
6644382
6646006
6648258
6648828
6650066
6651209
6651293
6652019
6652332
6652929
6654495
6655039
6656062
6658906
6659104
6660920
6661614
6662398
6664750
6665103
6665474
6665489
6666087
6666230
6666810
6668025
6669206
6669806
6670220
6670950
6671959
6671995
6672751
6672980
6676118
6677033
6677363
6678742
6678763
6678770
6679460
6681834
6681869
6682027
6682181
6682571
6683017
6683166
6684832
6685266
6685860
6688906
6689392
6690418
6690517
6691113
6691396
6692038
6692071
6692180
6693313
6694911
6696179
6696329
6696741
6697042
6697502
6698326
6698591
6700914
6702185
6702990
6704858
6706229
6706987
6711713
6712505
6712906
6713801
6714791
6716713
6717501
6718425
6718561
6723315
6723569
6724740
6727278
6728747
6729256
6729593
6729685
6729749
6730875
6733143
6733546
6734699
6735183
6736288
6736594
6736724
6736889
6736997
6737074
6737260
6739905
6740096
6740943
6742641
6743276
6746734
6748685
6749316
6749802
6750266
6751990
6752239
6752900
6753092
6753988
6758086
6758156
6758683
6758862
6760891
6761791
6762851
6762993
6763730
6763942
6764060
6765458
6767313
6768524
6770457
6771371
6771673
6771679
6772599
6775401
6775586
6775780
6779570
6779806
6782133
6784411
6787042
6788232
6788611
6788635
6790541
6790726
6792959
6793472
6793982
6796065
6797824
6798203
6799453
6800723
6803376
6805948
6807702
6807715
6807959
6808371
6808991
6809579
6810751
6812058
6813167
6814786
6816711
6816964
6817075
6818027
6819197
6819481
6819984
6820999
6822715
6823412
6823592
6823615
6826298
6828005
6828054
6829572
6830469
6831635
6831693
6832433
6833445
6834537
6835269
6837254
6837570
6839182
6839707
6840917
6841709
6841760
6841789
6843188
6844795
6845639
6846972
6847933
6848496
6848515
6851454
6851621
6853079
6853716
6855194
6855899
6856093
6856188
6856296
6859197
6860279
6860499
6860740
6860944
6861317
6861659
6862544
6866307
6867034
6868769
6869910
6870032
6871279
6874382
6874746
6878564
6879240
6881225
6882757
6883941
6884267
6885644
6887092
6889936
6890947
6892981
6894002
6894648
6900794
6900909
6901170
6901990
6902563
6903765
6906153
6906791
6906810
6907223
6909394
6909978
6910416
6911487
6911857
6913617
6914668
6915332
6916102
6916334
6916461
6916965
6919632
6922412
6922415
6922447
6923327
6923506
6923750
6924703
6928369
6929873
6929959
6930017
6930569
6930953
6931715
6933538
6933989
6934065
6934792
6934926
6935931
6937895
6940676
6941163
6943101
6943609
6945565
6947882
6948695
6949505
6950656
6952495
6953537
6954939
6955691
6955941
6956345
6956412
6957097
6957127
6957602
6957813
6958878
6959053
6959100
6959502
6959513
6960877
6960887
6963066
6964111
6964240
6964624
6967924
6970017
6970393
6970556
6970705
6972121
6972187
6973117
6973239
6973829
6974072
6975339
6977702
6977905
6978878
6979045
6979066
6982026
6983567
6983615
6984381
6984403
6985217
6985664
6986144
6987870
6987911
6988046
6988138
6988568
6988627
6988723
6988770
6989366
6990881
6992497
6994638
6997505
6997697
6998815
7000057
7000341
7000862
7003040
7004425
7004890
7004905
7004914
7005773
7006735
7006980
7006987
7009430
7013293
7014403
7016074
7017786
7018078
7018182
7018325
7018451
7021419
7022305
7023366
7024231
7025128
7027065
7028609
7028747
7029347
7031395
7033248
7033589
7034172
7034683
7035266
7035625
7038605
7039758
7041144
7041880
7042587
7043720
7045243
7052919
7053037
7054640
7055459
7056074
7056929
7057111
7057145
7057458
7058578
7058886
7059206
7059640
7060325
7060474
7060648
7060905
7061808
7062141
7065568
7066370
7066562
7067494
7069218
7069936
7070960
7072046
7072782
7074209
7075171
7075595
7075691
7075765
7078737
7079076
7079265
7080353
7084163
7084431
7085414
7087685
7089712
7090206
7091306
7093115
7093549
7094063
7096880
7100386
7101212
7101215
7101445
7101491
7102172
7102727
7103578
7104985
7111930
7113106
7113144
7114249
7115269
7115337
7116077
7116569
7117025
7117119
7117463
7120102
7120622
7122056
7123719
7124051
7124948
7125083
7126220
7127487
7127963
7127979
7128263
7129037
7129538
7130637
7131500
7132757
7134701
7135901
7137533
7137610
7138687
7140264
7140292
7140589
7140644
7140973
7141050
7143867
7149630
7151000
7152577
7153592
7155706
7155851
7155899
7159437
7160005
7160663
7161466
7161755
7162087
7163362
7163463
7163476
7164869
7166288
7168136
7168470
7168595
7168969
7173042
7173687
7176597
7180604
7181187
7181459
7183568
7184173
7184703
7187504
7189066
7190300
7190359
7193178
7193861
7194488
7194818
7196666
7198695
7199496
7199923
7200014
7200026
7200066
7200478
7201265
7202105
7202314
7203160
7205350
7206586
7206831
7207412
7208493
7208792
7209685
7209854
7213716
7215714
7216554
7216823
7216932
7216939
7218510
7220790
7221023
7222505
7223224
7224644
7225517
7225872
7226533
7227301
7227471
7228503
7230653
7231424
7231711
7232099
7232252
7235545
7237309
7238535
7239387
7240901
7240965
7241292
7241356
7242940
7243116
7244188
7244254
7244397
7244888
7245739
7246528
7247693
7247985
7248651
7249108
7250824
7252839
7255354
7255373
7255828
7256573
7258635
7259487
7259905
7261289
7262613
7266160
7266923
7268147
7268470
7268625
7270227
7271613
7272038
7272187
7272922
7275656
7276475
7276933
7278077
7279329
7279668
7280071
7281270
7283945
7284098
7284138
7285042
7287407
7290267
7292384
7294139
7295180
7295193
7296077
7297751
7298216
7300180
7300363
7300474
7301937
7302503
7302672
7303090
7303487
7303799
7304051
7304125
7304153
7305496
7305638
7306520
7307261
7307452
7308168
7309296
7310232
7310382
7311551
7311935
7312135
7312907
7314908
7316771
7317001
7317221
7317813
7318198
7320451
7321608
7322524
7322978
7327565
7327657
7328751
7329139
7330302
7330545
7330646
7331723
7332621
7333065
7333097
7335114
7336609
7338182
7338656
7341344
7341726
7343909
7346029
7348803
7350165
7350316
7350970
7352145
7353354
7353435
7354469
7354552
7355048
7355161
7355596
7355934
7356072
7356533
7358084
7358409
7358880
7359790
7359983
7361889
7362187
7362945
7365959
7366898
7367075
7368396
7368504
7369149
7370048
7370519
7373442
7374553
7375024
7375702
7376059
7376550
7376688
7377105
7377163
7377734
7379058
7380732
7381155
7381158
7382511
7383625
7384737
7386203
7387561
7388096
7388609
7389666
7391655
7392090
7392157
7393791
7394707
7395607
7395962
7396997
7397584
7397589
7401660
7402036
7402640
7404691
7406577
7408405
7409011
7410446
7411292
7413038
7413195
7414687
7414870
7416611
7420483
7425744
7425880
7426845
7426923
7427596
7427807
7427969
7428315
7428476
7428927
7430605
7430800
7430862
7433472
7435507
7436715
7441899
7443541
7444213
7445394
7445687
7447344
7449640
7450203
7450509
7450519
7451969
7452299
7452444
7453014
7454068
7454117
7454790
7454963
7455018
7456415
7456569
7457433
7461830
7464469
7466486
7468707
7469715
7470357
7473222
7473364
7474133
7475150
7475532
7475650
7476406
7476742
7478184
7478519
7479254
7479555
7480612
7480712
7481018
7481566
7484176
7485343
7488074
7489600
7491045
7491609
7492344
7493120
7496722
7496933
7496949
7497145
7499248
7499475
7505548
7507438
7508665
7510553
7510929
7513806
7516673
7517075
7517331
7518533
7520542
7521819
7522798
7524849
7525087
7525221
7525528
7525947
7526733
7527830
7529199
7530935
7534557
7535232
7535782
7540317
7540365
7542593
7542622
7543282
7543964
7547334
7548245
7549412
7550823
7551180
7551215
7552347
7552897
7553019
7553719
7555745
7556745
7557009
7557280
7558017
7558678
7558896
7558923
7560045
7561779
7562029
7562283
7563436
7564317
7565962
7566164
7566403
7566896
7567346
7568375
7574099
7574938
7576268
7577462
7579009
7580258
7581826
7582737
7583316
7584412
7585112
7585864
7586020
7586577
7587734
7590679
7591041
7593395
7593998
7595831
7595908
7596388
7596927
7597059
7597221
7598320
7598561
7598799
7601359
7601761
7601822
7603683
7604270
7608768
7609259
7611190
7611548
7616501
7617359
7619044
7619097
7621993
7623703
7624537
7625224
7627110
7628154
7629031
7629888
7631199
7635184
7635490
7636337
7636663
7636835
7637095
7637106
7637148
7637148
7638154
7638272
7641348
7644863
7645577
7645922
7647133
7648753
7648770
7650466
7650666
7650674
7652123
7654088
7654486
7658672
7659094
7660895
7662194
7663671
7664240
7665317
7665828
7667932
7668507
7669385
7669597
7670292
7670528
7671138
7671573
7672348
7672922
7673183
7675226
7676072
7676203
7676817
7679834
7680410
7681882
7682304
7682514
7683908
7684402
7684627
7687114
7688715
7689159
7691736
7691908
7692064
7692736
7693799
7694371
7695109
7696045
7697651
7698216
7698404
7699719
7701322
7702865
7702960
7703236
7703416
7703835
7704779
7705937
7706508
7706517
7709857
7709859
7710355
7711627
7711867
7712526
7713314
7715060
7716098
7716615
7716973
7717129
7720145
7720397
7721914
7723069
7724397
7725319
7725574
7726653
7728074
7728879
7728970
7729287
7729800
7729801
7730395
7730742
7731170
7732229
7733133
7735018
7735607
7736064
7737411
7738519
7738535
7739713
7739827
7740820
7741864
7742308
7743179
7743686
7744816
7745911
7746570
7748269
7749139
7750124
7752114
7752337
7753292
7753839
7754022
7754752
7757078
7759173
7759731
7760004
7760495
7760894
7762627
7763087
7763426
7763753
7764807
7769994
7770704
7770833
7771630
7772135
7772941
7774102
7774833
7776845
7777299
7777476
7777597
7777673
7778417
7779526
7783319
7784622
7789308
7789929
7790823
7791039
7791196
7791281
7791849
7792363
7793496
7793633
7793688
7793846
7797046
7798574
7798912
7799485
7799737
7800396
7802104
7803179
7804706
7804866
7812746
7813978
7815255
7816803
7817835
7818373
7818768
7819251
7819779
7819783
7820640
7823459
7823623
7827453
7828719
7832580
7835222
7835234
7835588
7836241
7839036
7841858
7842621
7843551
7843881
7844427
7846161
7847281
7847340
7850536
7851243
7852877
7853892
7855404
7856676
7857136
7857567
7857960
7858125
7858474
7858777
7858905
7859085
7859258
7859997
7860225
7860258
7861203
7861466
7863389
7865668
7866008
7867996
7868291
7869219
7869532
7870275
7872195
7874390
7878849
7879628
7881193
7881710
7883012
7884639
7884904
7885986
7886359
7886847
7888466
7889757
7891516
7892179
7894397
7897027
7897214
7897820
7900721
7901098
7903350
7903753
7904511
7904711
7907898
7909127
7909149
7909821
7909971
7910770
7911464
7912568
7913682
7913766
7913895
7914292
7914713
7917723
7919608
7920234
7920516
7921578
7922410
7923249
7923731
7924003
7924670
7924798
7925960
7928838
7929685
7930943
7931019
7931162
7932142
7934293
7934972
7938294
7939338
7941205
7941578
7941960
7942603
7943591
7944815
7945393
7947302
7947381
7947418
7947865
7950292
7951613
7952298
7955565
7955864
7957167
7960609
7962239
7962250
7962891
7963111
7963533
7963833
7964288
7964988
7965751
7965904
7966627
7967244
7967367
7968892
7969765
7970375
7975499
7976237
7978447
7979236
7980388
7984167
7984322
7984560
7987012
7987209
7988151
7989481
7989628
7990303
7991869
7993465
7994161
7994527
7994796
7994976
7995584
7995930
7996235
7996890
7997255
7997498
8001664
8002167
8002854
8003299
8003951
8004692
8006421
8007434
8007556
8007850
8009702
8009883
8010175
8011471
8012730
8013962
8014206
8014692
8015466
8016008
8016219
8016929
8017165
8019712
8019801
8020547
8020742
8022515
8022758
8027190
8027645
8028027
8028196
8028632
8029861
8031064
8032078
8032514
8032798
8033065
8033571
8034141
8035332
8035436
8036809
8037855
8038109
8038635
8038989
8041793
8044090
8046823
8047743
8048319
8048350
8050758
8053476
8054692
8055628
8056441
8059570
8060696
8060730
8064925
8066316
8069060
8070497
8071650
8072581
8073379
8074034
8076846
8078383
8079230
8084350
8084612
8085826
8087904
8087953
8088124
8088165
8089897
8090961
8091705
8091921
8091987
8093211
8095819
8096762
8097424
8097431
8099544
8099677
8100569
8101279
8102276
8104172
8104973
8105002
8107547
8108119
8111603
8113916
8117101
8117657
8117808
8118644
8119285
8120788
8121577
8121917
8122926
8125872
8127672
8128114
8129222
8129642
8130050
8130468
8130960
8132122
8133569
8134753
8136641
8141320
8144052
8144402
8144919
8146680
8147330
8148723
8150866
8151143
8153184
8154312
8156460
8157481
8160269
8160968
8161067
8161992
8162171
8162662
8163012
8164927
8165035
8167663
8167778
8169331
8170628
8172051
8172950
8174331
8174805
8174955
8176145
8176228
8177075
8177721
8177758
8177937
8177997
8180601
8184523
8184748
8188682
8188818
8189559
8191047
8192052
8194755
8195435
8196776
8197040
8198789
8200618
8200714
8202605
8202831
8202917
8203035
8203865
8205970
8206316
8207427
8209065
8209939
8211792
8211874
8212901
8213277
8213382
8214324
8214479
8214644
8217283
8220139
8220697
8220783
8221258
8222791
8223633
8224347
8224902
8226447
8226855
8228923
8230910
8231499
8232278
8232873
8234223
8234687
8235745
8235909
8236015
8236977
8237008
8237371
8240017
8243718
8246463
8247520
8247840
8248811
8248929
8250947
8251262
8252791
8253256
8254177
8254456
8257780
8258195
8260519
8260881
8262027
8262504
8262565
8262674
8262750
8263012
8264634
8267682
8268319
8270258
8270633
8274763
8276456
8276882
8278540
8278690
8279149
8279197
8280105
8283208
8284802
8285361
8285977
8286191
8289341
8292049
8294598
8298249
8299040
8300491
8301371
8305050
8305359
8306784
8307277
8308962
8308965
8309459
8309550
8309880
8309900
8310054
8310983
8311248
8311437
8313348
8313441
8313636
8315883
8316197
8316307
8317325
8317340
8317964
8323502
8323952
8324147
8324186
8324712
8327610
8330575
8333275
8333718
8334422
8335031
8335882
8336001
8336412
8338110
8339273
8340592
8340625
8341010
8341111
8341886
8341967
8342307
8346004
8347107
8347640
8348489
8348645
8349276
8350860
8351756
8352495
8353330
8353528
8356323
8356414
8357349
8357467
8357702
8358054
8358301
8359747
8359967
8360311
8361155
8361351
8363271
8363535
8365006
8366054
8368016
8368599
8369554
8369819
8369959
8371143
8372378
8372706
8373228
8374385
8374447
8377657
8377913
8381154
8381525
8382256
8382313
8383174
8383615
8384100
8384520
8385342
8385491
8386600
8386685
8386949
8389125
8391764
8394151
8395610
8398156
8399961
8400951
8401415
8401481
8401826
8402323
8402498
8403288
8403407
8405810
8407668
8408397
8409192
8410278
8411094
8412014
8413053
8413288
8417415
8417524
8418317
8420388
8420644
8421041
8422356
8422694
8424175
8424250
8425548
8425683
8427841
8427977
8428484
8428953
8431070
8432060
8432666
8435252
8435875
8436195
8438091
8438888
8439078
8439392
8440946
8441406
8441750
8442147
8443850
8446729
8446974
8447220
8447239
8449012
8449503
8449642
8450979
8452561
8452871
8453081
8456174
8456831
8456835
8458417
8458459
8458634
8458653
8460511
8462726
8463279
8464096
8465445
8466862
8467176
8467364
8467897
8468171
8469899
8470026
8470246
8472559
8473467
8473819
8475480
8476675
8482135
8484137
8489115
8492064
8492338
8492988
8493250
8494938
8499121
8501634
8501737
8502057
8502318
8502997
8503004
8503174
8503445
8504098
8504735
8505864
8506081
8506978
8507027
8507745
8508377
8510117
8512606
8513664
8514828
8515636
8515677
8517163
8519654
8519784
8519794
8519915
8521522
8522671
8524386
8525511
8525533
8526421
8526566
8528126
8529648
8529773
8529928
8530282
8531679
8534095
8534404
8534988
8535114
8538097
8538997
8541962
8542159
8542478
8542490
8543499
8545438
8545886
8546238
8547655
8547917
8552797
8552871
8554564
8555057
8557641
8559696
8560422
8561412
8561975
8562785
8563415
8564767
8567146
8568258
8568364
8570147
8570274
8570319
8571726
8572031
8574910
8575360
8577000
8577260
8577375
8579017
8581149
8581627
8581942
8582483
8582562
8583699
8583956
8584523
8584634
8584735
8586310
8586353
8586734
8587484
8589564
8589768
8591036
8593063
8593171
8593898
8594331
8594541
8594622
8594731
8596033
8597354
8597509
8597625
8598329
8598584
8601152
8601155
8604302
8604959
8606155
8606549
8607752
8608474
8609356
8609757
8610908
8610983
8612482
8612582
8615579
8615713
8615832
8615970
8619028
8620034
8620441
8623363
8624823
8627539
8628007
8628331
8630108
8630255
8631368
8631674
8633361
8638549
8639487
8641763
8643272
8644123
8645874
8646527
8647047
8649113
8649496
8649909
8650120
8650560
8652955
8654820
8655668
8656945
8658083
8659817
8660559
8661004
8663324
8663490
8665842
8668393
8668533
8668651
8669857
8671441
8671647
8671755
8671795
8671990
8672543
8673324
8674763
8678059
8678552
8680843
8681246
8683333
8683608
8684376
8684755
8684925
8687261
8687659
8688447
8692873
8693339
8693369
8693588
8694308
8694741
8696193
8698200
8698528
8698606
8699399
8699584
8700225
8703350
8704596
8705449
8706220
8706974
8708563
8710032
8711803
8713971
8716220
8716256
8716580
8717398
8718013
8718305
8718395
8719535
8720434
8724347
8725746
8726859
8731869
8733603
8736244
8736392
8737255
8737267
8737300
8737623
8737780
8738358
8739392
8743585
8745800
8747967
8749758
8751725
8751811
8752256
8752672
8753887
8754349
8755043
8755772
8756209
8757063
8757206
8759648
8759673
8760269
8763430
8764158
8767821
8767931
8768541
8768926
8769701
8770968
8771261
8773297
8774206
8774615
8774809
8775510
8778745
8778824
8778930
8781708
8783017
8783637
8785801
8786010
8790623
8790894
8791288
8792505
8793195
8795433
8796438
8796776
8796837
8800067
8800421
8801708
8803694
8804207
8805959
8806975
8807485
8807593
8809767
8810944
8810988
8811394
8818581
8819491
8819780
8821578
8822688
8822786
8823034
8824256
8824325
8825232
8825731
8825989
8826052
8827006
8827838
8828290
8828910
8832650
8833959
8834187
8835590
8835714
8835841
8837827
8838087
8838261
8841257
8841908
8843191
8844162
8845358
8845733
8845802
8846299
8847197
8847588
8848330
8848570
8849280
8850034
8853821
8854026
8855107
8855110
8855160
8855953
8856546
8858298
8859312
8860211
8860870
8861636
8865197
8866550
8866676
8867560
8868246
8869589
8869725
8870459
8870547
8870679
8872344
8872677
8872967
8873581
8876291
8876797
8878248
8879467
8880059
8882391
8883261
8884385
8885297
8886016
8887487
8890676
8891657
8892554
8893645
8893940
8895969
8896244
8896657
8897093
8897742
8898271
8899323
8900163
8900251
8902010
8902685
8903221
8904234
8905231
8905545
8906192
8907996
8908881
8912192
8913328
8914875
8915014
8915096
8915426
8916016
8916271
8916497
8919920
8921642
8922172
8922210
8924113
8924149
8925005
8925373
8926726
8928382
8928468
8928610
8929422
8929484
8932443
8935629
8936942
8937603
8937690
8938671
8940101
8941342
8941407
8945350
8945736
8945963
8946707
8946887
8947406
8948075
8948591
8950459
8950558
8954664
8955947
8957519
8957677
8958628
8963250
8964575
8965002
8965019
8967544
8967812
8967917
8969946
8970217
8971073
8972046
8972901
8973051
8973729
8974652
8977070
8977425
8978820
8983364
8985657
8987674
8987812
8988270
8989942
8990871
8991687
8992691
8993167
8994421
8996162
8996349
8996890
8997143
8998263
8998671
9000128
9000848
9003129
9004546
9004772
9004935
9006239
9006250
9006600
9008165
9011603
9011670
9012215
9013250
9013543
9015617
9017724
9017892
9018073
9018224
9018801
9018806
9019612
9020984
9020986
9021826
9021996
9022117
9024035
9025843
9026673
9027737
9028216
9028694
9029120
9031055
9031675
9032649
9032779
9034772
9034843
9035674
9036614
9036814
9040639
9040917
9041022
9041755
9042948
9042958
9043224
9043422
9044516
9045778
9045835
9046300
9046433
9047462
9048758
9048870
9051280
9051382
9054136
9054157
9054810
9054965
9056620
9058274
9058515
9058564
9059023
9059197
9059281
9061626
9062255
9062583
9062885
9063017
9063448
9065372
9065456
9067510
9068354
9070247
9070267
9070393
9070886
9071111
9074474
9074525
9080839
9081976
9083643
9084203
9085275
9085663
9086455
9087777
9088156
9091122
9091941
9092360
9094295
9095181
9096560
9097394
9098315
9098808
9098946
9098992
9100061
9102914
9103991
9104948
9106902
9107018
9108133
9112126
9114153
9114165
9115554
9115577
9115918
9116938
9117493
9118292
9118674
9119856
9119876
9121791
9122918
9123243
9123870
9123995
9124839
9125277
9128623
9129389
9130497
9131299
9131611
9131642
9132073
9133665
9134231
9135134
9135229
9135622
9137547
9138069
9141205
9142868
9144531
9145656
9146720
9149748
9150040
9150670
9151371
9151623
9151990
9152079
9152571
9153224
9154320
9155453
9158868
9161371
9166604
9166856
9168070
9168558
9169026
9172209
9172504
9175050
9175417
9176732
9177457
9179265
9179926
9180543
9181625
9181856
9182240
9183882
9184345
9186105
9186478
9188585
9189124
9191531
9191587
9192182
9195359
9196171
9196703
9196934
9197244
9199812
9200556
9201331
9201962
9202567
9204172
9204653
9206558
9208092
9208108
9209095
9209427
9209724
9210330
9210711
9213034
9213839
9214135
9214430
9215173
9216772
9217232
9220735
9221009
9221239
9221989
9222256
9222433
9223316
9223850
9223919
9223990
9225213
9228328
9229483
9230031
9230250
9230846
9232045
9232374
9232656
9232799
9234686
9236380
9236730
9237210
9237672
9237826
9238726
9238877
9240331
9241292
9241413
9242233
9243316
9244028
9244544
9245682
9247180
9247528
9249650
9250447
9252031
9252108
9252770
9256043
9256448
9260473
9261668
9262140
9263681
9263724
9264854
9265298
9265598
9266135
9268468
9269990
9270123
9270719
9272355
9273309
9273650
9274699
9275544
9275670
9275965
9276455
9277710
9278196
9279002
9279111
9279405
9283247
9286178
9287758
9288912
9289816
9290373
9291391
9293032
9293511
9295609
9296444
9296535
9297616
9298779
9300394
9301096
9301666
9301703
9303366
9303437
9305736
9306350
9306353
9306957
9308388
9310045
9311094
9311219
9314307
9314664
9315435
9315461
9317532
9318529
9318643
9321952
9322251
9324010
9325732
9326211
9327608
9329484
9331604
9333516
9333981
9334031
9336192
9337009
9338293
9340981
9343898
9346075
9346109
9346707
9348497
9349095
9349280
9350586
9350884
9355144
9356183
9357516
9358139
9358686
9359408
9360451
9360719
9361274
9365760
9365776
9365837
9367545
9368249
9368430
9369131
9371413
9371769
9372181
9373858
9375414
9375456
9375838
9376347
9377048
9377050
9379266
9381649
9386632
9387390
9388951
9394674
9395818
9397586
9398196
9398997
9399217
9399920
9400574
9401393
9402174
9406451
9410264
9411833
9412168
9412473
9412755
9415817
9417158
9417304
9417999
9418202
9419349
9421026
9421468
9421519
9421852
9423777
9424046
9424048
9425991
9426153
9428504
9428637
9430051
9430560
9431814
9433399
9434321
9435055
9437093
9437303
9438145
9438398
9438550
9438785
9441155
9442896
9443779
9444541
9445367
9446330
9447101
9447237
9447277
9448785
9450752
9451795
9452973
9453237
9454509
9456017
9457086
9457891
9460898
9461750
9462105
9463427
9463830
9464919
9465079
9465306
9465514
9466614
9466684
9467595
9467899
9470248
9470370
9470574
9470610
9472868
9473498
9473919
9474600
9475560
9475634
9475921
9476492
9477044
9479194
9479540
9480117
9481442
9481961
9482960
9484039
9486508
9486663
9487053
9487582
9488435
9488578
9488808
9489413
9493174
9494743
9495251
9497981
9500999
9501627
9501673
9502475
9502838
9503393
9504730
9506425
9508027
9509168
9509811
9510561
9510849
9511336
9511805
9512232
9514130
9515397
9516308
9516495
9516925
9517049
9519898
9521091
9521214
9521511
9521704
9523894
9524049
9525851
9527502
9527674
9528852
9529999
9530917
9531863
9532605
9533246
9536575
9536900
9540829
9544880
9547971
9548210
9549473
9552403
9552986
9558832
9560516
9563390
9563642
9565818
9567263
9567744
9567906
9569280
9569373
9570284
9571007
9571330
9571671
9571762
9574885
9574906
9575817
9575912
9576010
9577072
9577426
9578508
9578809
9580146
9580704
9580734
9581220
9582498
9582541
9585413
9585556
9585808
9586818
9586914
9587232
9589328
9590382
9590481
9591129
9592009
9592243
9594860
9594883
9595291
9595542
9596144
9598867
9600586
9601164
9602526
9603473
9604316
9604651
9605357
9605584
9607061
9607459
9609293
9610020
9611083
9612837
9613433
9614026
9615111
9615612
9617120
9617280
9617285
9618028
9618064
9618455
9619844
9621690
9626331
9626789
9626791
9627008
9627030
9627070
9629257
9633390
9636026
9637363
9638398
9640538
9644174
9644339
9647147
9647798
9647843
9647956
9648409
9653753
9657208
9657901
9659567
9660474
9660740
9660779
9662276
9662865
9664001
9664730
9665861
9668031
9668581
9670036
9670492
9670512
9671185
9671351
9671446
9672068
9673921
9676358
9677925
9678837
9679193
9679321
9680099
9683304
9683938
9685721
9685885
9687732
9689891
9690347
9690353
9690537
9690936
9691841
9691992
9693688
9694279
9694653
9696264
9696692
9698027
9698598
9700162
9700497
9702581
9703448
9703638
9704075
9704573
9704647
9704958
9705356
9705376
9705808
9706944
9707155
9707375
9708738
9709066
9711932
9713076
9713689
9715992
9716387
9718374
9718632
9719851
9720147
9720431
9721805
9722667
9723020
9723867
9724512
9724692
9724862
9725167
9726402
9726983
9727192
9730274
9730412
9730416
9732059
9732291
9732969
9735633
9736990
9737064
9737625
9741736
9741807
9741812
9743126
9743254
9745027
9746606
9746674
9747237
9754276
9755930
9756041
9758122
9758654
9762424
9764422
9766534
9768806
9771504
9776213
9777790
9777967
9778578
9778787
9778965
9780118
9780287
9780625
9788280
9788463
9789089
9790074
9790443
9791120
9791802
9791960
9792108
9792450
9792569
9793495
9798859
9799366
9800588
9801102
9801265
9801769
9802342
9802394
9802422
9802929
9803446
9804138
9804514
9806589
9807598
9807855
9809138
9811881
9812013
9812114
9812396
9814163
9816733
9817877
9820063
9820417
9820969
9825281
9825428
9826107
9826280
9826836
9831006
9831901
9832525
9832714
9833365
9833721
9834302
9835241
9836070
9836094
9836224
9836658
9838015
9838603
9838798
9841079
9841220
9841838
9841957
9841979
9843856
9844289
9846693
9847218
9848411
9849925
9849987
9850696
9851596
9852064
9853559
9854900
9855486
9855504
9857619
9858903
9859312
9863036
9863633
9863739
9863850
9869595
9870228
9870259
9870552
9872003
9873954
9875725
9876543
9876554
9877523
9878133
9878561
9879280
9879786
9880229
9881131
9883092
9885846
9886357
9886941
9888023
9889183
9889692
9890617
9891359
9895572
9896363
9896804
9899309
9899358
9901206
9901703
9903989
9904203
9905695
9906634
9906805
9907383
9908997
9910085
9912545
9913573
9915409
9918330
9919425
9922572
9925228
9925916
9926514
9926588
9926605
9927700
9927797
9929620
9929723
9930470
9931743
9933353
9933740
9934720
9934953
9935527
9936805
9937541
9941025
9941665
9942254
9942357
9943158
9943666
9945093
9945317
9947352
9948115
9948856
9948930
9949519
9952202
9953798
9954915
9955517
9955777
9956503
9956834
9956852
9958004
9959438
9962236
9963451
9964348
9964809
9966730
9966886
9966900
9967177
9967867
9968486
9968923
9969883
9970020
9970910
9971521
9974436
9976218
9976433
9977192
9983216
9983898
9984665
9986060
9986067
9987904
9988887
9993117
9993583
9994227
9994278
9994451
9996666
9999090
9999380
