6259
12115
18825
20428
40882
43944
62355
71142
85013
87236
97604
101949
104867
108274
108629
111538
123011
125976
134360
156118
170224
179205
180099
191976
212308
226848
235737
248324
257015
267436
275652
278859
279467
282794
284051
287807
290927
292426
294934
297440
312751
312960
319270
323611
326538
328737
333416
375148
390213
459340
510082
520441
524234
530209
555899
567425
580046
593374
598764
606130
617721
618620
631423
657358
677552
685919
699388
705441
710525
712343
740457
745530
758115
762838
799447
809543
848258
854907
863412
865301
870750
871203
874186
875029
880494
897196
903500
922739
926522
955821
957558
962648
962757
985821
986557
1002494
1003577
1010728
1015221
1022077
1024462
1046988
1048946
1077247
1079798
1084112
1089019
1112807
1115256
1122603
1133510
1139505
1160114
1162711
1171792
1171924
1195203
1198327
1231671
1234322
1243306
1295896
1307939
1326938
1342482
1358005
1371068
1395899
1399041
1415410
1427172
1450380
1452574
1456994
1462417
1467373
1479688
1483126
1491441
1494153
1503294
1513754
1514583
1520962
1525997
1533324
1580726
1600535
1600709
1605099
1605525
1631712
1648279
1654881
1657247
1673064
1674488
1678730
1685857
1686316
1690503
1697545
1701009
1711046
1712157
1721145
1727179
1751433
1755704
1759761
1764203
1767895
1773007
1785539
1812105
1817604
1843685
1844699
1846016
1848465
1858538
1871034
1878855
1886479
1897613
1934625
1940997
1941254
1941728
1950628
1955193
1965929
1973211
1973243
1984663
1993408
2007954
2061937
2066705
2070413
2079361
2105559
2107536
2112748
2137670
2152585
2155240
2157909
2171977
2184831
2199375
2211443
2224980
2233735
2236330
2276574
2286366
2289286
2298276
2317491
2324365
2330193
2347840
2351407
2354895
2358608
2365382
2385372
2395424
2402854
2406638
2412989
2425689
2438717
2451424
2455122
2461161
2466495
2467014
2483763
2488977
2497724
2500255
2520198
2527880
2549341
2551054
2557228
2565784
2567055
2577070
2577283
2582818
2583286
2586564
2589647
2598262
2612947
2613077
2623308
2633725
2634470
2637841
2654551
2654969
2663759
2677517
2681302
2684040
2691717
2692743
2693536
2724321
2732883
2749711
2750821
2780952
2783714
2803087
2831543
2842171
2846148
2874698
2880918
2899395
2901130
2924063
2942427
2944022
2974486
2978433
2983111
2984426
3002956
3005596
3026191
3027063
3029859
3047152
3052967
3053787
3055015
3055678
3081734
3086673
3087156
3093712
3106082
3112111
3112286
3117694
3123724
3124494
3127549
3151173
3157192
3165342
3171719
3177990
3181083
3196494
3215931
3218997
3270244
3281904
3293270
3297934
3302519
3310758
3327404
3339020
3340231
3350682
3359390
3364913
3367737
3368899
3385128
3389037
3435271
3441595
3444071
3462681
3468301
3480156
3510262
3519417
3543432
3566428
3573714
3584697
3588144
3607229
3635592
3653807
3656008
3663889
3680392
3683260
3685805
3685915
3686128
3692266
3704807
3706958
3707236
3711295
3716083
3721863
3728013
3730776
3738465
3741855
3766224
3778341
3797699
3807261
3829212
3857724
3862781
3866813
3878978
3889931
3891069
3892627
3902863
3914439
3914800
3915212
3916543
3920041
3921221
3924568
3935518
3945362
3948448
3958558
3972170
3989791
3993216
4004687
4018422
4020673
4023261
4041266
4047096
4047233
4057980
4060813
4088910
4092790
4109535
4116974
4118462
4118860
4140514
4168047
4186093
4195164
4204475
4219379
4234176
4267672
4272902
4273160
4287422
4303657
4305051
4307820
4322968
4349618
4359219
4378135
4393991
4400659
4420464
4433650
4436550
4442827
4444832
4449365
4455516
4460577
4466911
4473792
4498909
4517044
4524615
4528099
4551209
4566660
4572575
4582801
4583058
4587665
4596851
4619742
4630274
4630381
4638063
4650872
4657989
4660456
4665704
4667126
4678357
4690360
4703668
4704395
4705323
4708599
4721877
4726279
4726670
4740789
4744051
4749522
4766406
4785286
4794666
4799072
4811431
4814048
4830984
4831020
4834236
4841266
4846990
4847939
4848059
4852449
4854393
4869264
4879461
4895291
4906935
4918193
4922725
4930909
4937711
5004787
5013374
5022061
5022322
5026761
5027056
5045406
5061387
5066999
5081510
5108913
5140896
5146664
5172212
5180347
5181722
5187925
5198810
5207716
5215828
5218587
5220649
5227966
5239256
5247631
5249254
5262075
5263465
5268738
5282399
5289329
5291378
5310456
5316694
5321991
5333670
5334006
5351253
5360737
5366835
5378477
5385359
5403255
5414859
5424748
5431013
5431193
5441675
5443421
5445674
5457725
5470389
5474873
5476492
5502347
5503224
5504378
5569512
5571577
5615497
5620059
5625668
5636617
5656720
5664968
5668975
5674562
5749238
5749670
5760307
5767038
5768904
5788492
5802379
5802894
5805249
5806476
5808626
5842295
5855806
5872532
5889774
5899185
5906136
5910179
5948489
5948932
5956455
5979444
5987225
5989481
5995215
6006554
6012333
6018629
6054523
6082758
6084430
6086442
6087101
6092683
6103767
6112482
6134482
6137343
6139123
6142060
6177218
6181251
6183187
6188499
6197676
6199917
6232713
6256037
6257412
6276205
6276646
6279655
6290081
6295755
6312429
6315369
6320214
6330774
6333882
6335269
6358960
6363921
6381050
6381264
6397393
6399834
6401426
6427524
6433835
6437671
6445129
6446163
6448183
6464854
6470138
6481112
6489709
6494662
6500447
6506772
6514038
6518763
6523597
6539992
6545010
6558266
6568703
6579631
6584833
6595614
6606091
6612474
6632280
6673467
6676164
6687134
6693258
6694950
6708780
6710502
6718206
6719650
6726313
6732157
6733904
6736159
6738461
6745759
6748841
6748930
6756568
6760668
6768219
6770903
6776096
6797007
6817120
6818675
6821385
6840209
6855332
6862264
6889002
6899423
6900171
6909534
6912338
6917182
6918422
6918607
6944883
6953719
6955125
6967258
6988668
7027753
7033409
7033833
7038952
7044478
7048703
7052461
7055068
7081635
7090454
7106199
7116390
7154678
7177833
7181305
7182095
7197370
7204917
7221420
7221875
7230749
7265397
7278912
7284117
7289499
7293156
7294989
7311458
7326434
7329690
7335109
7345203
7347794
7360538
7371097
7378644
7380006
7410700
7425389
7427514
7429903
7433870
7435784
7437013
7439421
7447056
7473161
7477452
7484553
7494183
7494204
7498178
7506293
7513905
7537221
7541735
7546100
7554647
7564228
7567701
7573937
7577898
7577959
7579062
7588304
7598040
7605664
7610107
7634493
7637135
7647880
7693950
7711927
7715518
7716409
7720183
7721599
7723434
7726025
7731073
7742123
7743621
7746180
7753854
7759196
7760864
7766978
7778394
7798937
7807798
7810954
7832867
7845984
7848613
7895262
7913102
7923609
7937823
7953684
7958938
7968763
7978749
7980935
8009015
8019383
8023742
8024357
8025859
8033223
8106286
8120546
8131735
8132362
8139830
8152666
8154238
8158064
8166461
8168183
8175352
8193049
8213220
8230671
8230996
8232662
8248212
8273065
8285082
8286522
8296649
8314135
8323833
8323889
8328545
8335467
8348039
8349702
8351979
8373211
8382409
8386364
8398159
8401898
8415444
8429181
8438848
8448612
8448880
8465386
8467499
8470780
8473070
8501379
8508630
8534716
8548471
8553339
8561319
8567138
8583006
8588610
8600383
8607432
8620498
8631187
8635894
8649328
8664615
8674084
8686756
8687819
8692152
8694797
8698498
8704210
8739743
8747409
8751667
8756229
8759255
8788294
8817253
8819204
8827219
8854444
8858646
8874437
8917149
8935200
8952271
8954370
8988367
8994789
8996441
9000943
9003397
9016575
9018379
9031607
9034277
9048636
9058185
9073136
9079348
9092659
9099171
9100145
9103153
9110234
9110764
9123536
9130994
9132262
9135068
9145038
9148353
9148976
9164924
9171192
9195814
9195965
9197178
9200387
9213077
9213917
9219414
9230380
9235702
9305278
9316668
9332380
9339321
9380704
9380804
9396916
9400483
9404979
9408721
9412006
9419118
9426556
9430056
9452497
9452924
9490870
9493646
9508554
9510360
9512643
9522654
9535453
9539616
9562633
9577237
9577729
9580957
9586767
9586807
9589848
9601155
9625057
9628604
9635204
9641794
9651905
9664682
9674470
9677695
9682864
9686301
9689602
9694074
9696494
9697350
9705092
9748925
9751139
9759435
9763619
9764286
9783934
9795430
9796777
9824546
9847661
9853154
9873590
9880488
9885574
9898727
9920277
9926356
9933158
9956837
9969710
9970492
9978355
9998160
