857
1972
4953
6296
7994
8099
9767
10769
10825
12186
13120
15298
16856
17354
18876
21352
22308
22948
25623
25761
26448
27558
28066
30272
30615
30946
32110
32294
33368
34467
35121
35780
36855
39344
39987
40980
42966
44839
45894
47407
48315
48706
49290
49563
49843
52626
53098
53628
56081
57114
57410
58294
59195
59445
59731
60947
61083
61320
61572
62815
62972
64803
66895
67154
69549
70412
70945
71575
72363
74607
76880
77585
78074
78966
79295
80503
81988
81999
82329
84435
84561
85566
86706
87267
89389
90095
90975
91318
92606
93267
95347
95755
100202
101048
101154
102774
103180
106267
108724
109439
110210
110403
110759
111041
111883
111973
112783
113474
115564
115989
116919
117880
118143
118609
122228
122490
122938
123066
123198
124412
125793
126036
127004
130511
130951
131634
132634
132660
133399
133718
134370
136808
137743
138279
138916
139267
142249
146145
146541
148616
148653
148729
149353
151023
152084
152946
153453
154434
154729
154830
155818
158176
158197
158319
159759
160408
160877
161613
161660
162531
163338
163570
164541
164942
166064
168091
170192
172106
174601
174906
176739
176972
177884
179071
180127
180137
181085
182147
185727
188822
189209
189816
192393
192594
192632
193053
193356
193833
198925
200205
203187
203633
205106
205539
206239
208011
209386
209404
209773
211925
212525
213040
214536
216338
216784
217968
219166
221951
222902
225086
226677
226721
226796
227569
227632
229246
231512
234034
236006
236311
237078
238178
238266
238764
240809
240836
244988
245215
245827
247619
247775
248358
250087
250533
251145
252656
252863
254780
257100
257378
257396
259124
260830
261186
261592
262822
263091
263490
264436
264687
264749
265384
265609
265639
267972
268241
268900
269787
270628
270639
270724
270804
271397
271631
272560
272667
272835
275279
278498
279593
280551
281050
282071
283053
283194
283930
285519
287917
288129
289800
290067
291696
291815
291854
293398
295538
295923
297593
298429
298799
301980
302447
305798
306016
306263
306401
307080
308235
309371
309727
310147
310421
310594
311235
312150
313415
313456
314245
314466
314640
316645
316824
316879
320778
322174
322825
323374
325110
326869
327045
328312
330812
331609
332182
332685
333796
333884
338019
338705
339264
340386
341271
343477
343673
344359
347411
347977
348805
349643
351105
351118
352612
353273
353383
353716
355712
357554
358202
359509
359576
359623
359838
360229
361362
362688
363308
364781
364880
365894
368220
368284
368760
369878
370677
371524
374466
374530
374589
376897
377099
377638
378489
379309
379641
381513
381669
383801
384178
384797
386274
386324
386468
387140
388066
388699
388854
391596
393440
393689
395834
397823
397883
400005
400875
405089
405408
405449
407840
408962
409195
409285
410063
410254
411717
412117
412714
413307
413400
414069
414144
415315
415330
415671
417114
419873
419882
424492
424515
425311
425727
426010
427031
428188
428690
429413
431721
432753
433493
435605
435671
436580
438019
439141
440131
440872
441578
444688
447220
448265
449205
449247
452706
453846
454376
455001
455980
457299
460103
460308
460822
461187
461488
465039
465908
470073
470484
471536
473962
474142
474142
475205
475281
476321
476417
476910
478162
479501
479628
480712
483247
483294
487039
488427
488491
488544
490506
494067
494232
494558
496018
496231
497377
497493
497808
498314
498513
498683
498838
499411
500612
501035
501502
501928
505101
505609
505927
508798
509139
509243
509508
511370
511809
512416
513384
515132
515369
515553
517482
518438
519335
519680
519838
521113
521681
522736
524072
528013
530966
532654
532947
533150
533904
533983
534332
535253
537413
537647
538082
538999
541396
542028
542498
543673
545496
546480
546837
547765
548681
549620
551008
551951
553372
555573
558025
559471
559661
560050
560968
562200
565479
566411
566517
567346
569754
569915
570520
571660
573398
573543
575831
576102
576216
577924
578292
578363
578419
578578
579402
579542
579542
583546
584021
585790
586179
586259
587077
592171
592675
594949
596153
596373
600607
600954
601011
601963
603417
603743
603881
605847
606984
607180
607901
609118
611521
613127
613640
613764
616169
617999
618232
621074
621151
621359
621519
624541
625575
626096
627965
628103
629648
629851
631573
634348
634466
634678
635807
636438
636816
637426
639471
639548
639758
639991
640234
640307
640494
641493
641762
642355
642721
646450
648368
649572
649946
650188
651128
651959
652469
654988
656549
656595
657488
658808
659323
661422
661856
662222
662406
663292
663389
663642
668876
669450
671358
673362
673567
674019
675034
675692
675753
677434
677619
678196
678222
678283
678391
679304
680200
681644
681991
682078
683058
684812
686758
688156
689662
689893
689917
691485
693287
694642
695156
695511
698136
698351
698520
699391
700245
700842
701342
701775
702266
702281
703043
703872
704398
708312
708570
709130
709590
710043
713633
713644
715103
715525
716660
717460
719021
720075
720603
721939
721965
722273
723297
723739
726546
726745
727564
727875
728491
728874
729686
730510
731219
731638
732239
732463
733308
733398
733587
733740
733884
734379
734813
735922
737753
739623
739631
740093
741593
742304
743405
744663
746151
752584
753421
754748
754899
755906
756401
756865
758281
759762
760696
760814
762145
763616
764087
764377
765020
765433
765521
766020
766679
767821
767919
768313
769365
769392
770963
771136
772232
774160
776090
777280
780121
782640
783315
784161
785272
785425
785988
786134
788926
790105
798635
800849
801632
802617
803597
810994
814148
816621
816649
818049
818604
818815
820069
820257
820840
821733
822779
824764
824874
827227
827262
829993
831083
832363
832410
833307
835523
836571
837277
837367
837393
837728
837819
838704
839994
843082
844727
845413
846778
847270
847976
848131
850186
850895
851822
852210
854163
857068
859856
860237
860400
861144
861593
861625
863205
863640
864122
864309
866409
868391
868608
869570
871588
872906
873022
875145
876965
877933
878205
878489
879389
879461
879930
879945
880366
880676
880715
882671
884599
885315
886279
886310
888325
889154
891988
892497
892958
893929
894326
896804
897618
898608
898658
898686
899027
900136
901004
901369
902037
903250
904086
906885
907391
907958
908685
909266
911228
915027
915685
916706
916716
917373
917887
918226
923226
924526
925952
929708
930972
931216
932504
933137
933721
933813
935027
935271
936563
936779
936786
937813
938606
941402
945737
948336
950190
950235
952016
952330
953262
953967
954161
955969
956604
958394
959931
961437
962024
962178
962771
964000
964946
965879
966690
968287
968722
969203
969808
970388
972234
972341
972978
976374
977841
977923
977967
978310
978930
978951
981225
981737
983164
984124
986082
986491
987125
988735
989245
990320
991230
991264
991400
991932
992047
992514
992704
993221
993296
993556
993939
994013
994860
994890
995265
998729
999926
1000573
1001205
1001213
1002815
1003618
1007936
1009139
1009213
1010819
1010876
1011283
1011419
1012635
1012741
1012938
1014492
1015599
1015854
1016047
1017904
1018513
1019484
1019809
1020085
1022526
1024489
1025831
1026257
1027805
1027874
1028626
1028649
1028661
1030179
1032586
1033036
1034361
1034947
1036202
1037411
1038071
1038301
1038413
1039248
1040580
1043951
1045422
1046489
1046709
1047650
1047877
1047935
1048194
1048202
1049286
1049725
1050772
1053334
1053641
1054423
1057463
1058510
1058662
1060419
1060878
1060917
1061937
1064612
1065676
1066923
1067164
1067932
1069488
1070274
1070339
1072638
1073766
1074500
1075433
1076176
1077616
1079512
1079666
1080281
1081465
1084535
1084626
1084792
1085409
1087096
1088042
1090177
1091185
1091800
1092513
1092962
1094719
1096449
1097950
1100235
1100705
1101355
1103610
1103994
1105086
1105272
1105733
1107678
1108181
1109008
1109218
1118125
1118436
1120687
1122278
1123085
1127072
1128761
1128794
1129635
1129846
1129867
1131445
1131529
1132119
1132802
1133357
1136371
1136578
1137809
1140806
1141261
1142390
1142414
1143922
1144030
1144833
1144871
1145782
1146215
1146800
1147644
1148711
1149038
1150230
1151199
1151753
1152384
1153989
1155987
1157148
1158547
1159088
1159130
1159218
1159936
1162713
1163240
1164522
1164640
1164817
1166362
1167326
1170323
1171205
1172275
1172498
1172931
1173260
1173360
1174385
1174542
1175685
1179731
1179979
1187293
1187929
1188234
1188358
1189765
1189884
1191043
1192602
1192841
1193351
1196269
1196701
1196925
1197069
1198601
1199159
1200108
1201519
1201740
1203268
1205583
1207942
1208197
1208350
1210531
1210808
1211931
1215113
1215837
1216720
1216893
1218568
1218628
1219085
1219947
1220559
1221628
1222273
1223794
1224180
1224511
1225822
1226707
1228115
1228141
1229373
1229880
1231266
1231520
1231532
1232013
1233635
1233729
1235049
1237215
1237401
1238193
1238902
1239423
1239552
1239729
1242241
1243183
1245814
1246899
1247622
1248622
1249101
1249143
1251244
1252685
1255549
1255861
1256516
1256723
1257202
1257543
1257966
1259457
1261727
1262141
1263004
1264144
1264456
1267554
1268419
1268775
1270330
1270736
1274174
1274211
1274745
1275211
1275745
1279697
1280541
1281647
1282736
1283529
1286996
1287011
1287066
1289297
1290976
1292924
1293157
1293298
1293413
1293872
1294093
1295440
1296174
1296310
1297163
1301329
1302112
1304113
1306396
1306691
1307501
1307548
1309760
1309788
1310226
1310783
1310995
1312023
1312512
1312576
1313000
1313285
1314156
1315287
1316996
1317644
1318047
1320688
1321167
1322130
1322501
1324393
1326106
1328393
1329649
1331067
1332371
1333825
1334773
1334902
1336105
1337023
1337153
1337260
1337352
1337592
1339814
1340424
1342038
1342165
1344117
1347333
1351037
1352903
1353643
1355830
1356151
1356569
1358345
1358821
1360822
1361187
1361741
1362487
1362930
1363646
1363713
1363750
1364015
1364484
1365523
1365862
1367045
1367076
1367504
1367652
1372841
1373567
1375436
1380139
1380466
1380790
1381013
1381560
1382204
1383013
1383554
1383626
1383940
1384763
1384941
1388835
1390088
1390142
1390196
1390452
1390878
1392609
1393688
1394859
1395007
1395445
1397982
1398129
1398499
1399420
1399956
1400711
1401720
1407394
1408459
1408531
1409757
1410144
1410673
1412311
1412388
1412836
1413123
1413823
1414028
1414325
1415497
1417040
1418368
1421118
1421552
1421703
1423835
1424850
1426181
1426238
1426367
1426598
1427079
1428527
1429782
1430738
1431451
1432732
1433604
1433739
1433786
1435130
1436495
1437237
1437380
1439932
1441399
1442738
1443029
1444157
1444269
1444394
1444915
1445131
1449374
1450120
1450514
1451094
1452019
1452419
1452900
1454358
1454764
1454903
1457310
1458569
1458745
1458755
1461081
1461692
1462008
1462048
1462055
1464245
1464543
1465817
1467241
1468019
1468524
1468996
1470353
1470506
1470665
1470970
1470995
1471888
1476709
1476974
1480818
1481769
1481943
1482817
1483145
1484459
1485686
1487794
1488277
1488370
1488919
1489816
1491063
1493153
1496061
1496422
1499178
1500655
1501381
1501501
1501600
1503508
1504486
1505975
1506884
1507164
1508943
1509922
1510117
1511335
1514142
1514685
1514838
1515494
1516239
1516503
1518277
1519117
1519152
1519661
1519827
1522761
1524472
1524893
1525214
1527954
1528112
1528418
1528783
1530499
1530645
1530678
1535045
1535795
1536640
1537866
1540557
1541439
1541694
1542102
1542953
1543419
1545586
1545816
1547129
1547889
1548255
1548835
1551651
1552358
1553163
1553268
1553780
1554099
1554198
1554934
1556028
1557397
1557460
1557899
1562404
1562628
1562658
1564353
1565053
1565638
1566145
1570253
1570566
1573697
1574235
1574238
1574877
1575040
1575143
1575256
1575472
1576246
1576924
1577110
1577123
1579389
1579808
1580540
1581957
1582567
1583979
1584421
1585573
1586361
1587366
1588420
1588852
1589112
1589131
1589328
1590071
1590557
1590851
1591653
1594522
1595060
1595741
1597733
1597939
1598083
1598192
1598816
1598974
1599892
1601351
1603518
1603920
1604419
1605500
1606236
1608390
1608722
1608735
1609187
1609533
1612170
1612621
1613967
1614788
1615047
1619976
1620753
1621095
1621230
1622642
1624020
1625466
1625661
1626383
1627194
1628280
1628357
1628428
1628613
1629009
1630358
1630761
1633138
1633144
1633205
1633589
1634187
1636274
1638525
1639392
1639790
1640020
1640554
1640651
1641569
1642688
1644561
1646475
1647743
1648798
1649175
1650431
1653889
1654234
1654833
1655906
1656286
1657689
1658429
1658931
1659301
1661383
1662077
1663646
1665915
1667258
1669314
1669501
1669629
1670012
1670643
1671622
1672100
1672645
1672984
1673769
1674364
1674397
1674572
1675452
1675465
1675798
1676520
1677473
1677536
1678156
1678696
1679717
1683142
1683334
1684619
1687322
1688123
1691117
1692048
1693998
1695210
1695326
1696060
1697265
1697501
1700205
1700410
1701181
1702453
1703286
1703740
1706242
1706246
1706259
1706430
1706842
1708379
1708657
1709201
1709302
1709337
1709606
1709956
1709985
1710106
1710963
1711446
1712785
1713349
1714313
1714544
1714565
1714638
1714846
1716201
1716894
1718169
1718452
1718600
1718773
1718840
1718927
1719816
1721770
1725807
1726156
1727431
1728754
1729760
1732156
1732330
1733887
1733911
1740070
1740283
1741646
1745099
1747047
1748138
1749081
1750081
1752894
1753519
1754563
1756121
1756244
1757234
1757425
1757763
1757810
1758110
1758830
1758934
1759302
1759621
1760987
1763931
1765565
1766660
1767876
1768552
1768847
1769479
1769817
1774717
1775322
1775445
1777285
1779174
1779384
1780494
1781838
1782062
1784493
1785194
1788329
1789252
1789649
1790823
1791097
1791101
1793198
1795036
1796120
1798660
1801728
1802327
1802445
1803686
1803960
1804889
1806243
1806841
1807105
1808695
1809834
1810786
1811933
1812539
1813441
1814231
1814895
1814895
1818308
1821340
1825620
1828464
1830644
1831050
1831845
1832175
1832916
1834528
1835717
1836726
1838299
1838691
1839259
1839260
1839790
1839818
1840360
1843184
1845317
1846171
1847482
1848163
1849097
1849126
1849457
1851811
1852149
1852421
1853578
1853967
1856160
1856911
1858967
1859395
1860785
1860847
1861552
1861848
1864761
1869003
1869278
1872839
1873408
1873616
1873848
1876637
1879029
1880199
1880769
1882134
1884017
1885010
1887507
1888114
1889194
1889615
1890124
1890212
1890290
1892335
1896572
1896724
1897702
1898128
1899300
1905582
1907121
1908046
1908322
1909006
1909179
1910477
1910521
1911573
1912276
1912612
1914711
1917137
1919708
1920820
1927193
1927429
1928063
1929627
1930471
1931949
1932817
1934036
1934496
1934720
1935332
1935560
1935907
1936205
1937800
1940917
1942804
1943680
1944436
1946514
1947402
1947577
1947721
1948175
1948762
1949568
1949943
1950383
1952334
1953161
1953773
1955306
1956020
1957447
1958188
1961962
1962926
1963282
1964472
1967941
1972418
1972747
1973240
1974533
1976638
1978862
1980210
1981618
1983871
1986527
1987782
1988180
1988608
1989137
1989592
1990328
1991299
1992015
1993930
1994176
1996987
1997716
1997767
1997801
1998576
1998602
1999048
1999116
2000577
2001450
2001917
2002252
2002817
2003839
2004926
2005605
2005784
2006029
2006477
2006489
2006513
2006736
2008239
2008701
2009830
2010268
2010403
2010989
2011864
2012095
2012862
2012967
2013670
2013803
2014469
2016403
2016467
2016860
2017571
2017723
2018256
2020143
2020217
2022029
2022971
2023396
2023995
2030420
2031131
2031135
2033423
2033761
2034793
2035802
2037883
2039380
2040045
2040462
2041760
2042541
2045140
2045157
2045438
2045672
2046956
2047133
2050697
2051180
2051574
2051763
2052208
2052775
2054167
2055724
2059026
2059204
2060348
2060479
2062784
2064054
2064778
2066321
2074068
2076407
2077206
2077724
2078488
2078596
2079404
2079433
2083546
2083825
2084540
2086312
2086786
2088341
2089146
2090806
2091486
2096691
2096714
2097071
2098344
2098590
2098652
2099032
2099727
2100713
2100853
2101591
2102039
2102196
2102599
2102992
2103053
2103097
2103765
2106064
2108097
2108695
2108868
2110564
2110598
2111165
2111855
2114956
2116931
2117047
2120176
2120972
2123128
2123250
2126263
2127695
2127917
2128754
2129891
2130058
2130113
2130210
2130234
2131748
2133946
2135837
2136017
2136549
2137072
2137180
2138741
2141505
2142478
2143257
2143401
2143625
2144206
2144950
2145259
2149856
2149914
2150599
2151731
2153025
2153175
2153926
2153955
2154002
2154003
2155677
2159180
2159422
2161000
2164571
2165946
2166992
2167162
2169464
2169719
2171707
2171967
2173507
2175272
2175811
2176532
2177268
2177777
2179415
2179829
2180184
2181729
2182180
2183664
2184661
2185149
2187008
2188167
2190194
2191097
2193780
2194351
2195125
2196643
2199208
2199282
2199400
2199930
2201026
2202129
2202697
2202867
2203448
2204104
2204144
2204425
2204999
2206166
2206625
2206659
2206911
2207179
2208263
2208315
2208621
2212053
2213077
2214613
2216405
2216874
2218025
2219901
2220138
2220247
2221154
2221264
2222054
2222265
2223998
2227272
2228188
2228870
2231038
2232196
2236294
2237197
2238216
2238819
2238923
2239093
2239709
2240227
2240661
2242075
2242369
2242672
2243406
2244781
2246151
2246378
2247778
2248543
2251234
2252967
2254708
2255224
2256960
2257786
2258732
2259783
2259960
2261226
2262977
2264188
2264302
2266432
2268399
2268630
2268898
2270955
2271049
2273880
2274302
2276282
2276314
2276384
2276870
2280204
2280353
2281867
2282394
2284230
2285198
2285210
2285623
2288785
2289184
2289226
2289335
2291014
2291558
2291561
2291812
2292642
2293574
2294503
2295436
2297349
2297923
2298410
2298618
2300463
2301123
2303061
2303615
2304018
2305947
2306680
2307744
2308544
2309307
2310085
2310293
2312051
2312518
2312975
2313030
2313044
2313459
2314564
2315335
2316176
2316630
2316703
2318139
2318256
2319741
2319867
2320482
2323988
2324224
2326171
2326465
2326734
2328806
2329652
2330175
2330348
2330763
2331462
2331694
2332759
2334137
2336328
2337031
2337192
2337602
2339523
2339725
2340541
2341100
2341768
2341964
2342197
2343572
2344986
2347500
2348121
2349150
2349662
2350243
2350642
2352671
2352961
2353075
2353405
2353421
2354760
2355583
2356562
2356724
2356805
2358693
2358721
2360048
2360116
2361785
2363042
2364671
2365267
2365955
2366262
2368416
2369226
2371124
2372036
2372236
2373041
2374016
2375510
2376415
2379032
2379330
2380820
2381805
2383346
2383906
2384577
2388524
2389461
2390356
2390962
2391486
2391859
2392176
2393010
2393045
2393465
2395812
2396314
2396499
2398415
2400838
2401817
2402121
2403145
2403255
2403656
2404494
2404985
2405586
2407454
2408044
2409104
2409418
2409523
2409613
2410039
2410315
2410970
2411673
2412547
2414047
2414340
2414524
2414532
2415530
2417752
2418088
2418173
2418657
2419018
2419081
2420099
2421155
2421576
2422803
2423374
2423785
2423899
2424219
2426196
2426525
2426883
2427301
2428028
2429078
2430508
2430594
2431236
2431535
2432786
2433928
2434036
2434828
2435459
2436149
2436412
2437515
2438993
2439838
2439913
2440610
2442858
2444876
2445791
2447346
2448474
2452148
2452925
2456238
2456836
2458088
2460289
2463868
2466218
2466889
2467260
2468347
2470168
2470677
2473104
2476706
2476730
2477259
2477586
2478467
2480715
2481217
2481941
2482376
2484381
2484670
2485566
2487487
2488258
2489563
2489706
2490960
2492987
2493697
2493906
2493966
2494706
2495224
2495350
2496483
2498715
2500585
2502168
2503876
2504578
2506006
2507102
2507330
2508147
2508222
2509382
2510015
2510221
2510927
2510944
2512778
2512855
2513547
2514073
2514375
2514423
2514641
2516594
2516915
2518762
2519511
2523491
2524261
2524423
2525904
2528808
2529474
2531018
2533869
2538355
2538618
2538845
2539327
2540896
2540997
2541158
2541809
2542697
2542741
2542746
2542774
2543251
2545197
2546606
2546790
2548695
2549944
2550990
2551031
2551483
2552283
2554271
2554288
2555519
2556346
2558357
2559892
2559967
2561763
2562660
2562751
2563312
2563571
2564801
2565319
2565685
2567177
2570258
2570525
2571208
2571421
2572636
2573508
2574368
2574845
2574991
2575085
2575496
2576031
2576227
2576344
2579534
2579610
2583224
2583297
2584502
2584953
2584991
2588653
2589087
2590352
2591857
2595058
2596501
2597598
2599456
2599494
2600528
2600782
2601349
2602141
2602157
2603927
2605070
2605549
2608348
2608815
2611305
2611766
2613456
2614521
2615974
2616171
2616870
2617666
2618559
2622838
2623257
2623784
2624910
2625226
2625728
2625929
2626015
2628533
2629699
2630293
2633140
2635663
2639426
2639486
2639699
2643515
2644492
2645246
2645578
2646649
2646714
2646972
2647319
2648406
2651780
2652582
2652625
2653823
2653984
2655884
2659035
2661306
2661413
2661465
2662263
2662601
2664125
2664857
2668130
2668341
2668617
2668811
2670938
2671013
2671329
2671996
2672395
2672699
2674534
2674734
2674766
2675408
2675859
2676043
2676632
2676832
2676967
2678625
2679295
2680466
2680585
2680708
2683234
2684168
2684175
2684361
2684670
2685851
2686183
2686566
2687401
2689411
2689762
2699512
2701797
2701840
2702038
2702087
2703499
2704544
2707268
2709709
2709747
2709868
2711137
2711791
2711891
2715110
2715675
2716813
2717069
2720446
2720589
2720867
2722336
2722422
2725482
2727019
2727074
2727490
2729427
2729693
2730280
2730475
2730984
2731022
2731288
2731588
2731629
2735279
2735412
2735688
2737275
2737519
2737902
2740973
2741301
2741418
2742707
2745133
2746670
2750114
2750849
2755180
2755356
2757317
2759268
2759339
2759847
2760461
2761061
2761931
2762268
2762300
2762826
2762883
2765391
2766606
2766930
2767246
2767570
2767627
2767764
2767801
2768813
2769040
2769861
2769932
2770848
2770874
2771019
2771065
2771708
2772155
2773758
2778816
2780490
2780771
2781864
2782519
2783044
2783674
2784702
2786032
2786481
2786972
2789710
2790117
2790141
2790214
2790318
2790783
2792093
2792380
2793220
2793977
2796389
2796470
2796531
2796785
2798471
2798697
2800222
2801754
2802553
2802894
2806029
2806956
2807369
2807525
2808794
2809337
2810632
2810786
2810841
2811530
2813008
2813573
2814088
2816149
2818539
2819375
2819463
2820822
2822148
2822221
2822392
2822393
2824161
2825064
2826265
2828550
2830004
2830709
2830895
2832084
2832495
2832702
2834103
2834254
2834690
2835480
2835607
2835616
2836315
2840347
2841379
2842454
2844130
2847803
2847953
2848361
2849355
2849880
2849907
2851074
2851368
2851880
2852098
2853038
2853430
2855276
2856290
2856409
2858089
2858153
2859446
2862435
2865294
2866587
2866637
2867539
2867990
2868736
2869101
2872602
2873921
2874560
2874655
2876354
2877309
2879747
2880683
2881951
2882795
2883196
2884472
2884815
2885274
2885362
2887214
2887664
2888238
2888383
2888584
2889015
2889153
2889802
2890225
2890747
2893284
2894609
2897370
2897722
2899500
2899554
2900178
2900314
2900502
2903227
2908419
2911573
2912218
2915440
2915567
2915817
2916660
2917937
2919246
2921471
2921897
2922127
2922490
2923692
2924372
2925802
2926688
2927499
2927852
2928025
2931277
2933558
2933780
2934249
2936716
2936940
2939308
2945750
2948262
2948262
2948480
2948676
2949341
2950433
2952725
2952868
2952882
2953314
2953507
2954086
2955994
2956103
2956498
2956987
2958472
2959271
2960290
2960414
2962138
2962896
2963907
2964689
2965999
2966505
2970347
2971265
2971386
2972152
2972680
2974275
2974422
2975383
2976812
2978101
2978519
2979288
2980604
2981653
2981993
2982857
2982859
2984284
2984621
2985198
2985406
2988672
2991340
2992269
2992368
2994093
2994249
2995023
2995168
2995810
2997558
2998168
2999245
3001314
3001418
3003722
3004589
3005920
3006507
3006601
3006800
3006906
3008659
3010440
3011338
3011679
3012504
3015455
3015807
3016140
3016376
3017255
3017401
3018875
3019025
3019489
3022018
3023372
3023622
3026773
3026881
3028627
3029292
3029567
3030228
3031269
3031592
3032324
3033766
3034031
3036785
3038099
3041727
3042049
3042525
3045286
3048754
3050520
3050895
3051863
3053013
3053497
3056780
3057866
3058294
3059413
3059444
3060397
3060475
3060962
3061288
3063411
3064194
3066133
3068339
3070571
3070742
3071756
3072974
3075622
3076218
3078056
3080470
3080753
3081676
3081849
3081850
3082970
3083982
3084166
3085653
3086195
3089275
3090667
3093008
3094067
3094877
3096261
3096956
3097525
3099541
3099627
3100108
3100230
3101650
3103370
3103510
3104718
3105213
3105766
3105843
3105852
3106124
3106583
3108479
3108745
3109049
3109067
3109540
3111091
3111702
3111974
3112593
3112789
3112961
3113970
3114039
3114763
3115396
3115522
3115560
3116202
3117914
3119589
3119663
3119956
3120302
3121024
3121786
3122201
3123837
3124373
3124535
3124554
3126189
3126421
3128277
3128347
3128454
3128939
3129446
3130159
3131022
3131527
3132463
3132717
3134771
3134897
3137250
3137835
3139978
3140106
3142134
3143212
3143595
3143847
3144445
3146069
3146918
3148050
3148326
3149421
3149764
3150537
3151210
3152298
3152611
3154571
3155486
3155497
3156434
3156476
3159267
3160361
3161152
3161410
3162853
3163455
3163479
3163815
3164079
3164438
3169617
3170104
3175118
3175895
3179456
3179998
3180489
3181136
3181351
3182009
3182465
3185018
3185561
3187685
3188241
3189344
3189489
3190904
3191182
3191240
3191260
3191842
3193008
3194926
3195077
3195902
3198443
3199720
3200585
3204730
3205739
3207070
3209882
3211529
3211905
3212376
3214009
3214622
3214705
3217434
3219008
3221385
3222169
3222517
3223648
3223801
3224058
3225174
3225197
3225295
3225700
3225893
3228924
3229733
3231692
3232566
3233532
3233568
3237274
3239955
3240455
3240720
3241106
3241944
3243692
3243807
3243814
3244029
3245674
3246127
3248415
3248798
3249537
3249668
3250059
3251013
3255408
3256679
3256806
3257276
3258168
3258865
3259906
3260112
3261896
3262197
3262737
3262934
3263453
3263480
3263891
3265181
3267169
3267366
3267480
3271481
3271590
3272793
3276745
3277358
3282270
3282932
3283296
3285102
3285362
3286062
3287076
3288619
3290213
3292231
3293803
3294760
3296047
3296836
3299178
3299200
3299974
3300338
3301598
3301671
3303880
3305081
3305988
3309340
3309448
3309806
3310450
3311275
3311504
3312616
3312758
3313296
3313549
3313881
3314648
3315501
3316669
3316699
3317110
3317643
3317718
3318110
3322778
3322946
3325285
3326097
3326939
3328124
3329878
3331139
3333531
3333686
3334414
3335212
3335621
3335691
3337233
3338759
3339055
3341347
3341909
3342196
3343625
3344105
3344336
3345018
3347712
3348472
3351022
3351715
3352659
3353135
3353616
3356131
3357617
3358127
3359428
3359908
3362945
3363606
3364274
3364536
3365013
3365398
3367404
3367952
3368641
3369136
3370118
3370576
3373595
3375306
3375325
3375513
3377009
3377629
3378646
3379150
3380422
3380544
3381236
3382832
3384488
3384551
3386920
3387074
3387613
3388583
3389284
3389375
3392413
3393672
3393864
3394664
3395490
3395625
3395893
3396156
3398802
3400799
3401360
3402640
3405873
3406707
3409279
3411487
3414341
3414747
3415859
3416315
3417106
3417673
3417686
3417726
3419311
3420649
3421099
3422951
3423762
3424159
3424719
3425652
3429296
3429611
3433285
3435199
3437469
3437878
3438007
3438959
3439518
3440831
3441324
3447653
3449489
3450767
3451905
3453657
3453873
3454581
3455968
3457322
3457555
3457657
3457908
3458905
3459865
3460297
3460768
3460898
3461407
3461597
3462154
3462371
3462539
3462826
3464275
3465924
3466074
3466940
3467439
3467714
3468248
3468478
3470275
3472433
3472526
3472908
3472954
3474283
3474662
3476354
3476807
3477742
3479680
3480252
3481991
3482117
3483252
3483550
3485199
3487064
3487695
3488245
3490536
3490834
3492598
3493477
3493923
3494804
3498516
3499463
3500179
3500345
3500884
3501561
3504221
3506295
3507527
3508600
3510596
3511299
3512406
3513397
3513903
3514089
3514697
3515552
3518152
3518613
3518769
3519871
3520485
3520567
3521447
3521876
3522277
3523668
3523963
3524027
3525176
3525459
3526194
3529150
3529285
3538431
3539496
3539512
3544587
3544851
3545502
3545645
3547499
3548553
3548770
3549660
3550762
3552640
3553857
3554638
3555149
3557051
3558768
3560351
3560872
3561204
3562451
3562509
3563497
3564466
3564551
3567319
3567965
3567992
3568024
3568228
3568343
3569619
3570595
3570889
3571904
3573047
3573521
3573674
3574508
3575232
3575653
3575780
3576454
3576674
3577250
3577877
3578513
3580416
3580574
3580661
3582401
3582625
3583451
3587217
3587231
3590071
3595075
3595743
3595747
3596849
3598697
3598792
3599036
3599628
3600409
3601328
3601740
3602197
3605076
3606604
3608112
3608619
3608891
3609211
3609790
3611406
3614897
3614948
3615118
3615792
3616010
3616246
3616979
3619152
3619610
3619857
3622584
3625397
3625699
3628531
3631091
3633721
3636582
3636687
3639574
3639900
3640023
3640208
3640705
3640988
3641411
3642851
3642946
3644766
3645381
3646600
3647435
3648491
3648611
3650281
3650767
3650779
3651467
3653165
3654008
3654767
3655014
3655636
3658526
3661307
3661649
3661876
3661919
3662538
3665866
3666038
3666321
3666810
3666931
3667095
3667423
3667927
3668248
3671163
3676950
3677146
3678350
3679451
3679633
3679698
3680371
3681178
3681574
3682096
3682541
3682855
3685239
3685276
3687010
3687045
3689716
3693322
3693888
3695670
3696456
3696662
3698104
3700822
3701842
3701964
3704265
3704392
3704511
3705239
3705363
3705697
3706090
3706213
3708081
3708670
3710082
3710810
3711649
3712444
3712869
3714345
3714874
3715477
3716976
3719047
3719492
3720015
3722056
3722317
3724374
3724793
3726042
3728399
3728840
3729964
3730101
3731088
3731546
3731617
3735568
3736402
3736444
3741512
3742617
3743316
3743559
3746515
3746725
3747284
3747378
3748389
3752592
3752789
3753582
3754034
3754288
3754495
3754784
3755006
3755161
3756789
3759319
3760743
3764167
3764832
3765730
3765816
3766806
3767306
3767619
3769002
3772207
3772290
3772423
3772797
3773650
3776612
3776843
3778210
3780047
3780171
3780206
3780838
3782190
3784311
3786144
3786164
3789302
3790947
3792346
3794278
3794896
3796190
3798113
3800256
3801658
3802957
3803234
3804239
3805264
3805350
3806281
3808032
3808131
3808688
3809052
3809699
3813573
3814353
3814574
3815355
3815775
3817257
3818231
3818783
3819083
3819265
3819804
3819847
3820219
3820802
3822323
3823299
3824557
3826116
3828485
3829691
3832300
3832333
3833333
3834269
3836770
3838116
3838153
3838221
3841094
3842021
3842200
3842254
3842548
3843175
3844683
3844747
3845842
3846916
3849609
3852390
3852927
3852997
3853336
3853753
3856396
3857554
3858773
3859182
3860017
3864386
3866248
3866540
3867184
3868183
3869074
3871550
3871585
3872217
3873561
3875078
3875111
3875682
3876245
3877812
3878389
3878649
3878905
3879174
3880204
3880217
3880388
3880625
3881436
3883554
3884751
3885722
3885739
3887735
3889170
3892475
3892830
3895291
3896487
3897300
3898383
3901705
3901761
3902241
3902420
3903508
3904356
3904630
3907619
3907930
3907991
3908420
3909329
3909379
3910304
3912320
3913176
3913646
3915114
3915788
3916436
3918812
3920785
3920934
3921173
3925114
3926387
3927990
3928297
3928304
3929298
3933188
3933262
3935082
3935842
3936981
3937120
3937346
3939866
3943852
3943997
3944605
3949851
3949980
3950059
3950316
3950488
3952197
3953546
3954097
3955113
3955595
3956200
3956595
3956662
3956848
3957246
3958270
3958280
3960194
3960551
3963285
3963755
3964149
3964270
3964294
3964500
3964556
3965209
3965372
3966119
3966479
3967190
3969745
3971395
3971632
3972008
3972884
3972955
3973424
3974740
3977472
3978038
3979263
3980597
3981250
3983387
3984102
3985303
3985696
3987575
3987897
3989725
3990194
3990427
3990673
3991961
3993065
3993688
3995836
3995951
3996959
3998054
3999297
4000287
4001158
4001578
4001797
4001937
4002617
4005549
4005828
4005919
4006196
4006766
4006835
4007511
4007567
4007805
4007958
4008492
4009263
4013752
4014548
4014680
4015679
4016060
4017120
4018398
4018445
4018584
4019029
4020001
4020797
4021485
4022123
4023176
4023592
4024443
4024599
4024872
4025333
4026688
4026912
4027369
4028175
4029569
4030737
4032185
4032329
4033490
4033880
4039117
4039300
4040161
4041317
4042607
4043060
4043662
4046029
4048765
4051473
4052574
4052655
4052736
4056825
4057926
4058246
4058526
4058919
4059010
4060009
4060663
4061152
4062068
4062580
4063484
4064070
4065087
4065550
4065873
4065880
4066691
4067271
4067730
4068910
4069168
4069232
4069813
4069992
4071163
4073149
4074018
4074188
4076973
4079186
4080714
4080722
4081189
4083129
4084162
4087370
4088178
4090061
4092173
4092856
4093594
4094257
4094750
4095272
4095424
4097574
4098278
4099145
4100452
4103284
4104645
4107298
4107388
4107493
4107616
4108888
4111409
4111601
4115637
4119774
4120005
4120697
4121334
4122295
4122925
4125497
4126899
4128064
4129383
4131144
4133783
4135294
4137648
4137970
4139371
4141773
4142635
4146313
4146387
4146742
4147149
4147996
4148212
4148734
4149247
4149672
4150541
4150608
4153252
4154184
4154693
4155032
4155930
4156967
4160523
4163070
4164709
4166240
4167699
4168197
4169249
4170930
4172810
4172951
4173266
4173462
4174187
4174213
4176564
4177226
4177242
4178529
4179857
4181951
4182071
4183217
4183359
4183700
4184168
4184985
4185113
4185650
4186135
4187236
4187306
4189665
4189773
4190035
4191346
4191679
4191693
4192919
4193637
4194726
4194881
4199725
4199779
4199829
4200488
4201089
4201816
4203082
4204427
4207693
4208723
4211949
4214221
4214724
4214817
4215130
4215301
4215577
4216703
4217153
4217821
4218346
4218362
4220929
4221259
4221967
4224161
4225622
4228670
4228715
4229908
4230807
4231632
4232348
4234074
4235400
4236009
4236825
4237211
4237814
4238148
4238801
4239323
4239785
4239870
4240840
4241305
4243104
4244202
4244373
4244721
4248365
4248615
4252428
4253440
4254327
4255614
4255715
4261741
4263109
4266258
4266452
4268190
4268291
4268748
4269682
4269913
4272987
4273100
4273209
4273319
4274267
4274940
4275654
4278191
4281815
4283107
4283188
4285731
4286226
4286465
4286819
4286858
4286901
4288180
4288392
4289376
4289497
4291174
4291699
4292014
4292704
4295228
4296349
4297146
4301190
4301913
4303406
4304240
4304327
4304354
4304450
4305289
4306666
4308012
4309088
4309191
4311704
4312453
4314294
4315707
4317262
4317294
4317434
4318395
4321442
4322259
4322976
4323795
4324106
4324314
4324344
4324884
4325176
4326243
4327249
4329360
4329398
4330055
4331811
4332364
4332538
4332997
4334230
4334270
4334711
4334947
4335064
4336056
4336167
4337481
4337785
4338597
4338626
4338757
4338783
4339203
4339374
4340033
4340881
4341577
4343049
4344409
4344485
4344742
4345234
4345439
4346171
4348022
4348430
4349277
4349811
4350798
4353432
4355371
4355432
4356061
4357789
4357883
4358554
4359502
4360077
4361402
4361422
4363524
4364082
4364953
4366816
4368033
4369308
4369545
4369601
4369688
4370767
4374079
4378289
4381269
4381545
4382436
4382497
4382975
4386383
4391545
4392312
4393484
4393558
4394567
4396729
4397552
4398889
4400410
4400698
4401616
4404263
4404516
4404843
4405817
4407152
4408918
4409620
4409948
4410404
4411286
4411986
4412800
4414483
4415781
4416721
4417233
4422513
4423250
4424027
4424271
4424433
4425094
4426465
4427198
4428087
4428811
4430734
4431820
4432727
4434126
4434281
4435611
4436043
4436404
4436631
4436870
4437111
4437292
4437535
4438611
4439540
4440769
4442053
4443247
4443377
4444128
4444770
4444803
4445133
4447948
4448041
4451245
4451752
4453272
4453592
4453605
4455469
4458111
4459053
4459077
4459866
4460173
4460284
4460517
4462684
4463129
4464130
4464942
4465023
4465781
4465846
4467062
4468763
4469096
4471352
4471902
4472805
4473115
4474947
4476153
4476200
4477041
4477849
4479629
4481258
4482538
4485248
4485881
4485884
4486269
4486891
4487784
4490306
4490741
4491340
4491533
4491574
4491838
4494616
4495868
4496268
4496842
4497124
4497297
4497636
4498004
4498009
4498321
4498621
4499146
4500938
4502893
4503131
4503904
4504005
4504077
4506011
4507158
4507606
4508934
4509212
4509625
4512706
4512745
4513735
4513976
4514594
4516475
4517306
4519026
4519589
4520423
4521614
4521785
4524619
4524718
4525138
4526247
4527180
4527735
4527739
4528791
4529294
4531660
4532014
4532756
4534953
4536511
4536552
4537330
4537751
4539770
4540176
4541530
4542403
4542929
4543151
4543249
4543456
4543704
4546200
4546230
4551246
4551578
4552364
4552686
4552780
4553416
4553532
4554500
4556359
4559341
4559683
4560337
4562124
4565058
4567700
4567936
4569122
4569452
4569575
4570211
4570321
4570907
4572065
4572993
4573723
4575415
4577192
4577951
4578546
4578700
4578769
4579763
4581657
4588641
4588660
4588702
4589045
4590784
4592852
4595595
4596334
4596864
4597414
4598024
4598404
4598682
4599512
4600084
4601285
4601348
4602160
4602362
4605577
4607072
4608021
4608059
4608243
4608311
4609802
4610840
4611380
4612637
4613405
4613891
4614283
4614691
4615519
4615838
4619033
4619314
4621816
4623129
4624029
4624603
4625649
4625899
4629507
4629604
4631206
4631921
4632935
4632994
4633028
4634791
4635577
4636504
4638327
4639221
4639909
4640606
4641210
4641359
4641727
4642266
4643215
4644042
4644552
4644613
4644917
4645551
4646282
4646331
4647811
4648116
4648786
4649917
4651316
4652062
4652179
4652432
4653841
4655468
4656110
4656487
4657004
4657904
4658679
4661787
4663482
4664192
4664812
4667770
4669803
4669923
4671261
4672173
4672476
4672741
4673757
4678775
4680038
4681625
4683205
4683621
4683944
4685882
4685938
4687037
4687392
4687966
4688266
4693138
4693609
4694292
4697548
4700117
4703848
4704351
4705051
4705356
4705822
4706819
4707326
4707841
4708399
4708423
4708942
4709090
4709528
4709632
4710550
4710874
4712275
4712567
4714316
4715397
4715622
4716094
4716245
4717331
4717948
4721978
4722641
4723509
4724004
4724387
4724490
4725932
4727554
4729828
4729828
4730903
4734905
4736362
4736959
4737663
4740054
4740955
4741941
4742544
4743215
4743315
4743801
4744668
4745392
4745397
4746146
4747229
4747423
4748200
4748501
4749098
4749698
4750141
4750496
4754645
4755081
4756202
4757078
4757243
4759100
4760047
4760550
4760629
4760844
4761915
4762150
4762417
4762921
4763013
4763254
4764728
4764997
4765023
4765187
4765599
4766119
4766795
4767505
4768301
4768718
4770948
4771586
4771607
4772286
4772325
4772648
4773092
4773686
4774947
4775624
4776418
4776535
4776971
4778447
4779150
4779205
4781757
4782280
4783032
4783276
4783306
4784952
4785127
4786299
4786400
4786847
4789976
4790136
4791006
4791271
4793020
4793281
4796994
4798815
4799797
4801375
4801466
4802272
4802369
4802701
4803945
4806130
4808736
4809883
4812137
4812401
4812696
4812729
4813000
4813015
4813294
4813345
4813529
4815062
4815930
4816660
4817884
4819024
4820652
4821113
4821140
4821755
4822124
4822413
4822730
4825510
4825690
4826601
4826973
4828689
4830529
4830685
4831675
4831711
4832861
4833781
4835330
4838100
4838105
4839086
4839214
4840479
4842310
4842585
4843420
4843861
4847833
4849736
4850191
4851434
4851954
4852091
4854310
4855374
4855903
4857330
4859847
4860019
4860263
4861958
4862466
4862654
4863491
4863877
4864635
4865563
4867085
4867183
4868218
4868230
4869139
4869192
4871261
4872098
4873499
4873537
4874302
4875911
4876365
4876618
4876930
4876960
4878088
4878693
4878731
4879255
4879780
4880023
4880582
4880789
4880802
4882060
4882489
4882998
4883245
4884036
4884375
4885143
4885557
4886661
4887526
4889861
4890278
4890642
4890872
4891413
4892363
4892672
4893374
4894302
4894613
4895209
4897171
4897809
4900300
4900390
4900951
4902633
4903041
4903291
4903298
4903646
4908875
4911899
4911997
4912572
4913124
4913323
4914105
4914453
4915167
4915739
4915746
4917012
4917401
4917974
4919554
4920319
4921675
4922214
4923160
4923440
4923747
4924696
4927798
4930417
4930590
4933667
4933714
4933960
4935139
4936656
4937272
4938270
4939695
4939751
4941467
4942997
4943261
4945276
4947554
4947641
4947645
4948062
4948179
4948219
4951956
4954755
4954892
4957159
4959045
4960847
4961344
4962688
4963196
4964971
4966420
4966597
4966955
4967278
4967309
4967775
4968128
4968314
4968656
4968746
4971227
4972382
4973511
4974586
4974833
4975732
4976379
4976556
4977074
4977792
4978186
4978692
4979610
4982472
4984069
4985301
4985526
4986447
4986603
4988863
4990049
4991472
4991535
4991680
4992310
4993392
4993398
4993446
4993568
4996735
4997190
4997293
5001601
5003641
5003921
5005020
5006622
5007337
5007775
5008572
5010098
5010234
5010406
5010476
5010818
5012094
5012101
5012291
5014260
5016333
5016430
5017439
5018621
5019346
5019390
5022290
5023034
5023129
5025143
5025410
5026707
5032227
5033309
5034128
5035684
5036155
5036453
5036564
5037425
5037762
5038755
5042426
5043137
5045689
5048620
5049394
5049517
5049583
5049586
5050116
5053314
5055361
5056272
5058130
5062717
5063812
5064838
5065223
5065511
5065664
5065677
5065738
5065895
5065954
5069399
5070721
5070895
5073283
5075224
5075284
5075890
5076249
5076965
5080332
5082372
5084519
5085576
5087167
5089919
5091335
5092288
5092576
5092887
5093407
5094266
5094811
5095500
5098539
5099035
5099237
5099693
5101058
5102245
5103349
5103369
5104417
5104657
5105448
5106071
5108186
5117664
5119004
5120742
5122224
5122392
5123231
5123559
5124580
5124603
5125524
5126271
5126679
5126702
5127605
5128786
5129239
5129994
5131294
5132974
5133699
5135193
5136359
5136614
5139668
5139832
5140643
5141099
5143444
5143752
5144073
5144327
5145196
5146165
5147706
5148071
5148664
5149279
5150238
5150860
5152120
5153169
5154448
5154840
5155691
5158219
5158301
5158433
5159755
5162512
5163168
5163272
5163383
5164359
5164598
5164692
5164698
5166324
5167696
5170027
5173517
5174066
5175805
5175858
5176462
5176746
5179011
5179423
5179601
5179861
5179919
5179923
5181465
5181680
5183136
5184200
5184444
5185842
5187463
5187800
5188718
5188937
5189675
5190533
5190980
5191320
5192900
5194526
5198508
5198856
5199615
5200257
5201217
5205315
5206085
5206204
5206887
5207198
5209128
5209448
5209753
5210649
5210964
5211205
5211773
5212262
5212786
5213058
5213860
5215221
5215627
5216584
5218061
5218850
5219236
5221863
5222126
5224687
5225846
5226932
5227045
5228429
5231026
5231520
5231822
5232038
5233949
5234154
5234680
5236023
5236132
5236189
5236352
5237913
5238127
5238222
5238739
5239672
5240144
5240212
5241687
5242072
5243580
5243980
5246251
5247216
5247222
5247337
5248520
5248684
5254458
5255069
5259469
5259878
5260116
5263913
5265308
5266090
5266320
5266491
5266698
5267143
5267741
5268878
5269257
5269281
5269676
5271586
5271656
5271738
5272288
5273298
5273621
5273845
5273927
5274871
5275564
5277532
5277548
5278901
5279005
5281146
5282668
5284124
5284306
5284437
5285563
5287500
5287587
5288426
5288632
5289535
5289621
5290255
5291223
5294516
5295473
5296081
5297912
5298615
5299181
5300470
5302524
5302791
5304837
5307480
5307679
5308485
5309133
5311591
5313664
5314850
5316653
5317309
5318149
5320909
5321292
5321616
5322447
5324578
5325774
5325825
5327150
5327246
5328058
5331520
5332948
5333186
5337451
5338164
5338752
5338794
5339042
5339672
5340259
5340671
5341313
5341570
5342529
5343681
5345404
5346028
5346134
5348610
5350219
5350911
5351155
5351508
5352345
5352584
5353786
5356139
5358606
5359824
5361890
5362416
5363146
5363171
5364690
5364785
5367699
5367843
5373941
5374904
5378188
5378613
5380360
5381126
5381907
5382405
5383157
5384258
5385623
5388726
5390684
5392117
5392126
5392842
5394979
5395526
5396128
5396519
5397724
5398276
5398477
5398611
5398880
5399437
5399696
5399875
5401197
5401384
5401920
5402387
5403160
5403166
5406898
5408207
5408319
5408810
5411486
5412391
5412726
5413226
5415918
5416266
5416409
5418721
5419573
5419610
5419613
5420075
5420586
5421302
5423548
5423645
5423943
5424211
5424372
5426170
5426175
5426633
5428751
5430586
5430888
5431551
5433091
5433332
5433735
5435440
5440698
5441541
5442936
5444515
5444972
5446766
5446844
5449028
5452134
5453360
5454950
5455433
5457774
5458939
5460147
5460545
5460836
5463974
5464026
5464126
5465074
5465398
5466311
5468818
5469801
5472505
5472954
5472999
5473483
5474989
5476451
5477370
5477803
5479376
5480848
5481114
5481535
5481799
5483520
5484621
5484780
5485668
5485820
5485936
5486184
5487789
5489016
5490323
5490414
5493657
5494868
5495097
5495795
5496504
5496676
5497666
5500419
5500582
5501273
5502539
5503151
5504679
5506585
5506630
5507178
5507703
5508126
5510976
5511299
5511998
5513343
5515070
5515635
5516311
5517245
5519283
5520392
5521567
5521810
5522676
5523297
5524629
5524849
5525314
5526912
5527919
5530239
5530527
5530614
5530664
5531474
5531814
5531948
5533388
5533717
5534443
5538439
5538670
5539763
5541540
5541566
5541781
5543203
5543825
5544813
5545264
5545755
5545984
5546475
5546553
5546865
5547655
5551399
5551415
5551439
5552995
5554286
5554323
5554784
5555618
5555678
5555921
5556974
5558059
5558437
5558457
5558733
5559849
5560034
5560405
5561453
5561944
5562220
5563594
5564247
5564443
5565072
5565270
5565349
5565383
5566758
5566862
5567087
5567758
5567843
5569207
5570038
5570216
5570551
5573151
5573507
5574123
5574625
5574701
5575181
5575841
5576589
5579213
5581022
5583503
5584688
5585217
5586008
5587642
5589946
5591845
5592477
5592503
5592796
5592831
5593300
5594325
5595906
5596018
5596151
5596995
5597283
5597942
5600914
5601446
5601493
5601606
5601767
5602502
5602786
5603085
5604862
5605893
5606275
5608287
5608908
5609438
5611130
5612342
5613756
5614116
5614732
5615692
5615942
5617262
5618997
5619262
5620840
5621020
5621454
5622563
5622980
5623350
5624501
5626291
5627181
5627292
5628314
5628528
5628872
5629415
5629776
5630578
5631362
5631506
5631945
5632502
5632556
5632618
5635743
5636001
5636088
5639430
5640528
5641328
5642792
5643085
5643152
5643497
5647913
5648424
5651224
5651469
5653792
5654654
5654734
5657078
5658957
5660576
5661306
5662255
5662506
5662601
5662799
5664077
5667135
5668419
5670846
5670983
5671968
5672767
5675062
5675627
5676917
5677326
5678483
5678892
5679167
5680132
5682269
5682562
5683478
5684409
5684940
5686459
5687890
5687908
5689004
5689385
5691805
5693378
5693794
5693894
5697437
5697632
5701894
5702116
5702237
5702761
5703783
5705890
5706372
5706606
5708500
5708943
5710552
5712183
5712213
5714157
5715751
5716371
5716981
5718587
5721309
5722946
5723691
5724855
5726672
5728455
5731559
5732332
5733658
5733961
5734040
5734098
5734935
5735800
5738018
5738496
5739488
5742158
5742959
5743486
5744268
5745354
5746162
5747940
5748924
5749346
5749422
5751009
5753008
5757441
5758283
5758297
5759772
5760032
5762044
5764491
5768022
5768981
5769429
5770027
5770518
5775062
5775909
5776567
5776734
5776947
5777233
5778074
5778440
5778655
5778970
5779594
5779980
5780624
5784336
5785633
5786430
5786433
5786944
5788324
5789951
5791893
5792296
5792422
5796106
5796255
5799132
5799953
5800151
5801412
5802206
5805193
5806710
5806755
5806835
5807510
5807724
5809206
5809657
5810029
5810201
5811518
5812740
5814172
5815235
5815342
5815830
5815997
5816335
5819400
5820114
5820515
5820522
5822337
5823845
5823999
5825419
5825650
5827288
5827650
5827745
5828283
5828568
5830211
5830293
5833476
5837239
5839149
5841681
5842326
5842406
5842512
5843249
5844183
5844642
5846523
5847927
5848625
5849443
5849852
5851180
5851961
5852285
5853443
5855364
5855478
5855859
5857490
5857902
5860242
5860745
5862016
5866502
5868482
5868648
5869696
5870899
5871157
5872130
5872356
5872501
5872875
5875037
5875249
5875793
5875852
5877895
5878488
5882336
5883882
5883953
5885251
5886138
5886830
5887712
5888337
5888717
5889135
5889998
5890745
5891095
5892135
5892156
5895867
5897437
5897505
5897673
5898799
5901685
5901736
5902432
5904215
5904454
5904717
5906984
5907564
5907716
5908586
5909834
5910708
5910991
5912009
5912731
5913204
5913332
5913468
5913722
5914483
5917310
5918649
5918836
5919433
5922705
5922824
5923284
5923434
5923660
5923909
5926234
5926800
5927590
5928603
5930701
5930939
5933083
5933114
5933141
5933421
5934389
5934648
5935832
5936275
5937752
5938319
5939745
5941094
5941362
5941571
5942782
5943340
5943551
5945273
5947102
5949346
5949422
5950110
5950455
5950799
5953335
5953727
5954155
5954156
5955653
5956093
5959294
5960082
5960328
5960403
5960500
5960983
5961971
5962064
5963663
5963738
5964199
5964582
5964617
5965498
5967672
5969735
5969816
5970536
5971763
5971916
5973903
5975170
5975544
5976309
5976578
5976752
5977074
5977855
5977942
5979475
5979902
5981097
5981827
5982802
5983863
5983923
5984160
5984194
5987426
5987790
5988493
5989203
5990250
5990673
5990690
5990886
5992830
5994846
5995243
5996575
5998290
5998933
5999708
6002774
6006782
6007826
6008496
6008540
6009300
6009481
6009494
6011744
6012506
6013351
6013822
6013847
6013909
6015082
6015438
6016309
6017225
6018459
6020534
6020922
6021540
6021546
6021968
6024159
6026574
6027942
6029000
6029045
6030704
6030953
6033067
6033246
6035902
6036236
6036413
6036615
6036837
6037471
6038706
6039161
6040796
6043074
6043078
6044613
6047732
6048446
6050237
6050615
6051272
6051858
6052154
6054277
6055064
6056667
6058119
6059357
6059910
6060624
6060875
6062270
6062907
6063441
6063743
6065803
6067454
6068408
6069447
6070083
6073376
6073877
6074601
6074729
6077883
6078776
6078811
6079214
6079234
6080222
6081873
6082269
6083297
6083511
6084864
6086191
6087596
6088854
6089096
6089972
6090450
6090543
6092563
6093520
6094737
6095396
6095882
6096339
6096443
6096890
6096951
6098050
6103087
6103250
6103339
6103391
6104365
6106496
6107351
6109042
6109583
6109734
6109814
6109867
6110289
6110628
6110639
6110643
6111362
6113045
6114050
6114434
6114446
6118945
6121328
6121544
6121704
6124316
6124649
6124880
6125584
6126647
6128125
6129551
6130308
6132376
6135128
6136976
6138251
6138364
6140554
6140993
6142187
6142960
6143265
6144759
6145515
6145715
6146234
6150049
6150111
6150408
6150750
6151820
6153240
6153440
6154264
6154559
6157066
6158283
6159764
6160429
6161034
6161058
6161405
6165320
6165568
6166186
6167432
6167477
6168163
6170021
6170248
6170344
6170692
6172430
6173770
6174082
6174407
6174538
6175821
6177517
6179652
6179694
6179757
6180450
6181150
6183462
6190316
6190391
6190696
6191916
6194212
6194356
6194908
6196203
6196640
6196875
6198697
6199267
6200029
6200445
6204089
6208246
6208589
6208612
6210080
6211341
6211812
6212844
6213007
6214822
6215070
6216139
6216267
6216643
6217298
6218417
6219493
6219745
6219921
6221494
6224025
6224821
6227184
6228041
6228170
6228693
6229527
6230235
6230853
6232476
6234147
6235969
6236314
6237043
6240908
6241651
6241956
6245240
6246587
6248734
6249414
6252277
6252417
6256997
6257238
6260277
6263061
6263607
6264080
6264715
6264893
6265187
6268205
6268464
6269504
6269813
6270617
6270731
6271110
6271967
6274208
6275179
6275953
6276661
6277538
6279245
6279761
6279989
6280776
6281190
6281347
6284269
6284907
6286115
6286499
6286559
6286825
6287363
6287761
6289947
6291034
6291325
6291613
6292315
6292315
6295803
6296032
6297868
6298127
6298182
6299205
6300195
6302032
6303080
6303264
6303620
6303896
6304910
6305937
6309061
6309298
6310607
6313376
6313756
6314873
6315057
6315076
6318243
6318496
6320508
6321394
6322360
6323582
6324452
6325040
6325169
6326647
6327744
6328884
6330700
6330734
6331057
6331173
6331189
6332665
6332804
6332851
6334118
6334944
6335657
6336132
6336327
6337220
6337794
6340818
6341141
6342131
6342276
6342507
6343436
6343988
6344647
6345128
6346475
6346977
6349585
6351872
6356222
6358495
6358710
6358960
6360190
6361938
6362918
6363742
6364634
6365034
6365732
6365855
6366156
6366230
6366949
6366979
6367907
6368112
6372652
6373698
6375064
6375200
6375487
6376010
6376205
6376576
6377034
6378896
6378998
6385960
6388774
6389887
6390453
6391080
6392118
6392435
6392531
6392962
6393174
6394695
6394996
6395964
6396348
6397028
6397361
6397593
6397621
6398127
6402452
6402880
6403160
6403214
6404475
6405207
6405570
6405901
6406235
6409284
6409593
6410260
6412211
6412459
6412953
6418248
6419746
6420014
6420030
6421764
6422736
6423120
6423538
6424418
6424520
6425327
6427288
6427355
6427493
6427662
6428919
6429696
6430544
6430987
6431192
6431491
6431572
6432565
6432749
6432922
6435655
6437340
6441083
6441230
6443804
6443861
6446863
6449536
6449820
6450510
6451217
6451818
6452552
6452821
6452855
6453387
6454803
6454899
6456421
6456589
6457513
6458344
6459015
6460721
6461326
6464600
6465964
6466185
6466346
6467350
6467464
6468506
6470227
6470553
6470871
6473086
6473521
6478328
6478832
6479969
6481484
6481927
6484071
6485244
6486994
6487288
6488227
6489119
6489265
6489726
6490576
6491779
6493833
6495676
6496731
6496799
6500014
6501861
6501976
6502071
6502334
6503576
6504776
6505092
6506821
6506894
6509329
6510991
6511062
6511395
6514089
6514297
6514391
6514780
6514946
6515940
6516088
6517031
6517307
6518208
6518463
6519794
6520169
6521109
6521333
6525714
6528209
6528706
6529039
6529346
6529446
6530117
6530512
6530983
6531024
6531097
6533461
6534015
6534742
6536359
6538022
6538635
6539627
6540590
6540908
6540947
6540996
6544261
6544321
6545614
6545685
6546513
6546583
6547860
6549784
6550505
6550632
6550918
6551231
6551264
6552269
6555155
6555398
6557758
6557991
6558551
6559530
6560071
6560315
6562839
6563667
6565417
6565500
6566920
6567542
6568338
6568997
6569084
6569799
6570617
6571031
6571746
6572869
6573657
6574219
6575395
6576490
6578749
6578765
6580169
6582005
6582027
6583824
6586195
6589059
6589447
6589635
6589656
6590323
6592978
6593844
6594672
6594937
6595033
6597401
6600684
6601175
6601574
6603737
6604060
6605863
6608455
6608690
6609765
6610594
6611166
6613116
6613183
6614731
6616015
6617283
6619923
6620105
6621168
6622767
6624025
6628117
6629886
6630032
6631770
6634028
6634723
6637050
6637169
6637593
6637872
6638764
6638849
6638874
6642025
6642101
6642925
6642952
6642992
6643695
6645066
6645288
6645514
6645730
6646203
6646408
6647354
6649937
6650346
6651204
6653332
6653894
6654536
6655037
6658065
6658341
6660134
6660201
6660785
6660887
6662842
6664289
6664494
6664722
6664882
6666303
6666500
6667446
6667999
6668082
6669828
6669898
6670142
6672842
6676132
6676837
6677495
6677935
6678406
6679177
6681043
6681197
6681199
6681849
6682068
6684452
6684470
6686080
6688155
6691657
6693137
6694897
6695106
6695120
6696985
6698050
6698483
6699573
6701267
6703115
6703244
6703471
6703627
6705265
6705937
6706263
6706319
6706980
6708008
6708605
6708967
6708981
6710037
6711646
6713786
6714041
6714501
6715109
6715844
6717301
6719457
6720662
6721504
6722289
6722534
6722648
6725146
6725588
6725811
6726608
6726980
6728726
6728734
6729400
6731116
6732847
6732987
6733790
6734132
6736274
6737707
6740122
6740178
6741141
6742579
6742601
6744987
6745428
6745430
6746353
6746589
6747391
6749015
6751465
6751540
6753945
6754402
6755592
6756460
6756579
6758177
6759296
6760488
6760690
6761107
6763181
6763237
6763736
6767023
6767207
6768943
6769093
6769151
6770960
6773702
6774624
6777225
6779114
6780352
6780418
6781594
6781715
6781767
6782529
6782555
6783221
6783780
6784009
6784518
6787802
6787858
6787914
6788171
6788992
6789173
6790009
6791916
6792132
6792988
6793037
6795099
6795528
6796079
6796135
6796208
6796254
6797118
6797191
6797828
6798351
6798372
6798865
6799345
6799734
6800275
6801529
6802840
6806682
6807172
6810671
6811641
6815008
6816491
6816651
6817230
6818492
6821754
6823329
6823381
6826140
6826927
6827470
6827772
6828368
6828617
6828935
6830442
6831049
6832781
6832866
6834100
6834477
6836321
6836833
6837189
6837277
6837304
6837887
6838252
6838866
6839193
6841016
6841074
6843394
6843533
6844962
6846199
6850046
6850401
6851065
6855134
6855343
6856317
6856592
6856612
6856935
6857121
6857193
6857695
6860489
6860526
6861574
6862249
6862474
6862824
6864163
6864299
6864562
6864934
6865177
6865576
6866918
6866962
6867031
6867752
6868033
6868160
6868193
6868193
6868897
6869278
6869504
6869766
6869886
6870602
6870702
6871473
6871505
6871803
6872064
6872305
6872643
6873139
6876070
6876130
6876361
6877666
6878334
6878799
6879974
6880784
6881181
6882416
6882496
6883127
6883652
6883759
6884717
6887247
6887802
6888558
6888603
6889289
6889396
6889719
6889862
6890019
6890679
6891159
6891416
6892097
6894132
6894668
6895382
6897230
6897530
6899337
6900689
6900756
6901367
6901476
6901640
6903903
6903977
6904618
6905056
6905061
6905141
6905257
6905902
6906105
6906138
6907585
6907754
6907933
6910999
6913419
6914536
6915052
6919343
6919774
6919882
6919953
6920812
6921216
6923681
6924004
6924190
6925308
6928683
6929315
6929880
6930485
6930704
6932595
6933004
6934395
6934460
6935787
6936079
6936094
6936214
6936581
6937101
6939236
6940546
6941192
6941236
6941829
6941902
6947066
6949097
6949219
6950584
6951596
6952420
6953119
6954599
6955224
6957299
6957386
6958915
6960354
6960436
6963759
6971030
6972068
6975326
6976953
6978790
6978847
6980593
6981359
6981803
6982450
6982942
6983277
6983412
6984321
6986556
6987507
6989197
6992573
6995420
6995719
6996122
6997143
6998440
6999019
6999620
7001307
7001668
7001788
7002959
7005061
7007610
7008507
7008668
7009691
7010467
7010874
7013648
7014469
7015505
7018299
7022052
7022409
7023671
7024094
7024265
7025863
7026730
7027268
7029533
7032233
7038348
7039399
7042335
7042393
7043719
7043797
7044784
7046215
7047496
7048383
7049648
7051566
7051573
7051588
7051743
7052376
7052698
7054493
7058108
7059096
7059645
7060737
7060801
7061071
7061193
7062419
7062940
7064206
7064432
7064668
7066149
7066750
7067058
7067705
7069220
7069288
7069973
7071677
7071786
7071805
7072600
7072989
7074775
7074845
7076234
7076681
7078042
7079241
7079641
7081335
7081437
7082005
7082456
7084782
7086182
7087036
7087288
7088632
7088834
7089013
7089408
7089474
7089908
7090820
7091659
7091818
7094073
7098214
7098847
7099322
7100849
7101081
7101227
7101388
7101964
7104429
7105014
7105076
7105209
7106306
7106882
7107599
7109188
7109245
7109768
7109944
7110280
7110603
7111075
7111684
7112926
7115843
7116785
7118137
7119811
7120110
7121969
7122445
7122470
7124191
7125605
7126963
7127053
7128516
7129401
7129730
7129949
7130689
7130893
7132322
7132660
7133303
7133317
7138932
7139213
7139299
7140514
7141130
7141748
7141887
7142337
7144871
7146370
7146821
7147094
7147412
7148023
7148648
7148785
7148794
7148801
7149655
7150668
7150733
7151061
7151527
7152010
7152273
7156545
7156645
7157167
7162552
7163136
7164304
7165958
7167743
7167850
7168171
7170354
7170995
7171095
7171726
7172597
7178348
7179651
7180542
7180584
7181913
7183020
7186565
7186723
7187001
7187215
7187904
7191535
7191872
7192915
7193012
7194956
7194960
7196114
7203413
7203667
7204148
7204517
7205704
7206692
7207575
7209520
7209550
7210567
7211153
7211157
7212630
7212766
7213152
7215241
7217690
7217757
7218356
7219333
7219604
7222777
7224471
7224964
7225338
7225880
7227023
7227322
7228231
7228596
7229834
7229947
7230337
7232104
7233176
7234138
7236592
7236908
7238679
7238916
7240123
7240259
7240603
7241720
7242155
7242214
7242809
7244862
7247523
7249828
7249973
7250271
7250341
7251860
7254225
7254799
7256870
7257136
7257361
7258285
7258668
7260331
7262693
7263793
7263819
7263930
7265212
7267437
7269828
7270265
7272114
7273685
7274310
7274486
7275613
7276285
7277889
7278987
7278995
7279785
7280674
7281573
7281713
7282546
7283237
7285204
7285600
7286053
7287413
7289118
7291332
7291586
7291696
7291950
7293816
7294730
7296214
7297341
7297828
7298409
7298765
7299649
7300110
7300296
7300312
7304222
7304400
7305053
7305991
7307415
7309291
7309937
7310471
7311407
7314994
7318160
7320733
7320816
7321469
7321593
7321788
7322126
7322180
7323132
7323393
7323844
7326133
7326792
7327241
7327606
7327996
7328398
7329170
7330423
7331791
7333116
7333887
7334785
7335602
7337766
7337909
7338503
7339336
7339667
7340536
7342842
7344536
7345086
7347415
7348194
7348803
7349146
7349510
7350192
7352967
7353536
7355065
7355979
7356885
7357057
7357189
7358325
7358984
7359270
7359616
7359897
7361792
7361854
7362754
7363234
7365789
7366213
7366230
7367726
7369941
7370149
7372473
7373475
7373628
7373659
7373827
7375824
7376150
7377194
7378061
7378101
7378114
7378316
7378820
7379276
7379950
7380114
7381331
7382346
7382755
7382873
7382976
7384077
7384201
7384431
7384693
7384971
7385654
7386742
7386989
7387642
7387701
7387949
7389173
7389348
7390477
7392511
7393792
7394201
7396850
7397767
7397971
7398135
7398922
7399250
7400105
7400210
7401253
7401437
7404485
7404603
7406457
7406491
7406544
7406962
7408710
7411305
7411645
7414030
7417922
7420600
7420614
7420791
7420870
7421673
7421976
7422812
7423277
7423591
7424746
7426236
7429393
7429898
7430028
7431333
7432037
7434779
7435759
7436469
7436550
7439375
7439596
7439837
7440086
7441262
7442167
7442611
7442648
7442693
7443722
7445184
7445469
7445476
7446873
7447697
7448264
7449108
7450342
7450534
7450916
7451950
7455521
7456540
7458061
7458171
7461395
7462433
7462976
7466882
7469194
7469577
7470273
7471429
7471440
7471826
7472560
7473685
7475005
7475307
7476763
7481478
7482794
7483111
7484925
7485664
7486040
7486542
7488519
7488841
7489855
7489972
7490278
7490498
7497034
7498795
7498820
7499032
7499129
7499741
7500028
7500446
7502814
7503127
7503914
7504969
7508127
7509621
7509967
7510313
7511788
7511802
7511839
7512659
7512828
7512963
7514595
7515929
7520242
7521972
7522551
7523045
7523743
7525947
7526505
7526536
7526974
7528566
7529913
7530983
7531407
7532376
7532416
7533474
7534960
7535407
7536350
7537427
7537501
7537906
7537912
7542858
7542898
7544112
7544780
7545058
7545259
7546141
7546655
7547776
7547977
7548775
7548955
7549128
7549823
7550744
7551447
7553953
7555347
7555349
7555445
7555815
7557921
7558635
7558830
7559392
7561707
7561955
7562097
7565201
7566715
7567166
7567721
7568151
7571587
7573312
7574218
7574459
7574602
7575628
7576524
7577649
7579467
7580688
7585047
7585899
7588730
7589325
7590130
7593188
7594376
7594981
7597069
7597368
7597657
7597833
7598042
7602137
7602742
7603387
7603594
7604750
7605868
7606389
7607465
7608254
7608409
7608524
7609027
7609547
7610267
7610805
7611223
7611460
7611880
7612474
7613531
7613638
7614179
7614670
7614679
7614990
7616220
7616920
7617749
7618713
7621381
7623070
7623073
7623859
7626907
7630593
7631957
7632133
7632889
7633556
7633896
7633946
7633950
7634869
7637691
7638503
7641231
7643479
7643935
7647559
7647707
7647787
7648533
7649623
7650870
7651065
7652491
7653606
7656628
7657115
7658875
7659103
7661238
7661834
7662984
7668829
7669632
7670716
7674343
7675813
7676600
7676726
7678006
7679727
7682419
7683141
7683306
7684346
7684793
7685071
7686580
7686900
7687128
7687752
7688166
7688188
7688525
7690763
7691807
7692104
7693342
7693449
7694270
7694438
7696352
7696652
7697156
7697654
7698844
7698873
7700972
7701108
7701161
7701622
7704366
7706681
7711182
7711545
7711818
7712043
7712332
7712492
7713555
7714002
7714360
7714867
7715258
7717116
7719515
7722529
7723298
7723755
7723837
7724260
7724271
7724526
7727032
7727208
7728606
7729143
7729423
7730047
7731235
7731308
7732998
7734045
7734392
7734771
7736148
7737265
7737752
7740154
7742848
7742872
7743388
7743627
7744011
7744293
7745145
7745420
7745439
7745893
7746227
7746766
7748187
7749086
7750075
7752707
7754875
7755915
7756015
7757946
7759287
7760718
7761742
7762761
7763048
7763330
7765054
7767073
7768725
7772000
7772005
7774250
7774355
7776030
7776683
7776785
7778154
7778195
7778388
7779139
7779216
7779294
7783122
7783144
7785208
7786731
7788162
7792025
7793425
7793629
7796082
7797374
7797498
7797964
7798522
7798831
7799460
7799915
7800108
7802577
7803810
7804282
7804836
7810999
7814232
7814833
7815090
7815241
7816858
7816998
7817744
7817797
7818258
7818320
7818411
7819129
7819185
7819474
7820129
7820650
7820781
7821219
7821306
7821420
7823247
7824239
7824446
7825132
7825389
7826635
7828623
7829355
7829474
7831353
7831436
7831926
7832722
7835553
7836071
7837185
7838874
7839695
7843035
7844507
7845748
7847188
7847845
7848079
7848749
7852347
7852609
7854869
7855652
7855744
7856248
7858088
7863580
7864823
7867549
7867700
7868356
7868686
7869197
7870079
7870194
7874805
7876539
7880189
7881523
7884325
7884364
7886198
7887417
7889160
7889705
7890761
7891080
7891674
7892959
7895123
7895976
7896713
7897879
7901899
7901971
7902542
7903630
7903631
7903971
7905534
7906028
7906283
7909194
7910031
7911061
7911074
7913049
7914544
7915715
7916861
7917557
7917591
7917711
7919192
7919910
7920985
7921572
7921573
7921577
7922188
7922498
7922532
7922719
7923174
7925511
7928387
7930607
7931385
7934892
7935367
7936568
7937152
7939593
7941057
7942050
7942263
7942561
7943701
7948521
7948752
7952312
7952343
7954103
7954369
7954951
7955437
7956874
7959142
7959348
7959753
7961524
7962005
7962776
7962891
7963928
7964544
7965191
7966225
7966272
7967919
7968001
7971441
7972097
7972176
7973050
7974705
7977847
7978414
7979137
7979795
7982429
7984060
7984581
7985485
7985705
7985904
7986159
7986895
7987932
7988123
7988402
7988744
7989716
7992077
7993455
7996262
7997410
7999806
8000362
8000557
8001379
8002427
8003233
8005832
8008033
8008279
8008759
8009942
8012252
8012342
8012993
8015735
8016303
8016518
8016840
8018189
8020293
8020934
8022489
8025600
8025700
8025833
8025890
8026790
8026843
8027214
8027971
8028073
8028492
8029791
8032458
8033618
8036107
8039573
8040395
8041260
8041830
8041892
8042706
8043662
8044761
8045278
8045690
8048865
8048961
8049483
8049926
8051867
8053046
8054005
8054185
8054358
8054948
8056635
8057013
8058459
8058878
8059011
8061641
8061805
8062629
8067124
8067193
8068887
8069334
8071235
8071854
8072063
8072093
8072507
8072603
8072996
8074113
8075478
8076051
8076441
8076514
8078608
8078773
8079404
8079483
8080527
8082776
8083065
8084269
8084327
8084984
8085071
8091568
8091742
8091961
8092328
8092565
8093470
8093538
8093578
8094905
8096370
8097536
8098373
8098797
8099275
8099928
8101523
8102012
8102346
8102810
8104700
8104987
8105238
8105455
8106310
8106407
8106698
8108642
8108973
8110304
8111280
8111454
8112713
8113236
8113783
8114335
8114688
8115787
8115928
8115953
8117982
8118303
8119187
8119482
8122714
8123347
8123388
8123498
8123878
8125452
8126125
8127378
8127383
8129340
8131633
8134357
8134466
8134606
8134826
8136017
8138495
8139670
8141128
8141182
8141515
8141782
8142099
8142505
8148357
8149592
8149759
8151893
8153056
8153434
8154214
8156890
8158825
8160182
8160822
8162024
8162739
8163418
8163469
8168506
8172733
8173296
8174268
8174562
8175330
8175465
8177028
8180402
8180781
8181563
8182657
8186577
8187114
8188398
8188983
8190687
8191100
8191103
8193063
8194292
8195634
8195922
8198052
8198580
8198620
8199315
8199330
8199439
8201302
8201970
8202124
8202711
8203273
8204403
8204988
8205473
8205990
8206287
8206744
8207613
8207978
8208323
8211384
8211587
8211962
8212085
8212469
8213194
8213740
8214053
8216858
8218108
8219394
8221509
8221998
8224585
8224803
8225222
8225651
8225884
8226239
8227101
8231424
8232882
8235500
8235850
8236151
8236264
8236335
8237243
8238391
8238698
8239996
8240173
8242307
8244243
8245663
8246284
8246411
8246850
8246952
8247510
8247842
8248988
8250594
8251631
8252351
8253648
8256381
8257000
8257522
8258270
8259000
8260676
8264367
8264640
8266488
8267278
8269874
8272154
8272302
8273517
8273777
8274489
8274541
8276243
8279234
8279882
8281853
8282927
8283923
8286455
8289311
8290213
8290396
8290483
8290581
8292120
8292237
8293075
8295157
8295900
8296969
8297148
8298396
8298627
8299263
8299977
8301734
8303128
8303652
8303800
8305405
8305416
8305450
8305833
8306414
8306766
8308776
8310812
8311176
8312606
8315272
8315538
8316135
8317435
8318078
8319342
8321490
8321552
8322826
8324609
8325804
8326078
8327484
8330061
8330355
8330489
8330990
8331687
8332206
8332858
8333669
8335062
8335636
8336295
8336663
8337648
8337791
8337810
8339000
8339639
8340734
8341965
8344329
8344783
8345237
8345398
8345408
8347944
8350214
8350393
8350546
8351195
8352537
8353122
8353176
8353186
8353928
8355154
8355727
8357660
8357869
8357874
8358557
8358888
8359510
8359785
8360701
8361427
8362168
8362460
8364461
8370092
8371610
8371897
8372057
8372618
8375035
8375453
8377859
8379750
8380339
8380867
8382461
8382990
8383617
8384035
8386224
8387332
8388345
8388618
8389985
8392717
8393415
8393762
8396704
8398745
8399755
8400040
8400438
8400579
8402230
8402918
8403131
8404696
8406988
8407026
8407433
8407764
8408256
8408669
8409029
8410963
8411486
8412294
8413066
8414095
8414126
8414295
8415097
8415491
8415525
8415870
8415893
8416358
8419979
8420565
8422176
8423677
8424635
8425255
8430136
8430452
8430670
8432664
8434225
8435832
8438002
8438724
8443571
8443580
8445254
8448239
8448651
8448791
8449513
8450136
8450146
8451373
8452155
8452269
8452580
8452688
8453219
8454770
8455797
8456785
8456810
8457158
8457527
8458233
8459242
8460328
8460733
8461532
8467288
8467478
8467541
8468349
8469045
8469613
8469685
8469696
8470424
8470696
8470919
8471228
8471355
8471524
8475083
8475146
8475994
8476023
8477255
8480340
8480836
8480848
8483550
8484304
8484605
8484773
8487134
8487662
8487823
8487885
8488905
8489051
8490589
8491426
8492019
8492114
8492138
8495326
8496764
8498637
8499574
8500615
8501643
8502700
8503236
8504677
8507433
8507588
8507972
8508410
8510453
8511290
8512212
8512256
8512282
8513313
8515298
8515799
8515940
8516865
8516958
8517181
8518196
8518727
8520360
8521826
8523292
8525267
8530699
8531128
8531637
8532097
8532542
8533449
8533462
8536675
8536985
8537744
8539181
8539745
8540660
8540724
8540794
8543155
8547095
8549936
8551193
8552706
8554227
8554788
8555369
8555624
8556219
8557500
8559537
8559945
8559980
8560679
8562631
8563266
8564641
8565000
8566008
8570675
8573133
8573428
8574054
8574058
8576058
8577626
8577699
8577703
8579702
8580491
8580561
8581550
8583206
8584758
8584811
8586581
8587003
8589589
8590464
8590511
8591020
8591575
8591695
8592502
8594217
8594822
8595396
8595766
8597899
8597925
8599854
8599930
8602003
8605761
8607631
8611735
8612197
8613366
8616167
8616722
8619308
8620801
8621819
8622280
8623191
8623582
8623594
8624060
8626227
8626836
8629240
8630716
8631025
8631613
8632423
8633753
8634302
8634378
8636309
8636623
8638107
8638593
8639206
8639935
8640009
8641834
8643388
8647634
8648636
8650685
8652651
8652828
8653312
8653382
8654140
8655016
8655806
8658263
8659220
8660513
8660775
8660891
8662295
8662436
8663060
8665709
8667730
8668560
8669222
8669318
8669659
8670548
8671596
8671674
8672136
8672352
8672705
8675544
8678384
8680126
8680603
8682284
8683180
8683245
8684246
8684706
8685186
8686693
8687377
8687655
8688768
8689767
8691849
8691856
8694192
8694314
8694325
8694641
8697076
8697140
8697220
8698218
8699165
8699321
8699416
8699711
8699887
8700561
8701548
8701575
8703875
8704743
8707588
8707701
8707774
8709190
8712941
8713559
8715827
8716323
8718203
8721129
8721353
8721641
8721659
8723123
8724153
8724616
8725428
8725886
8726462
8726522
8726941
8728380
8729844
8730190
8730718
8731433
8731438
8734231
8734702
8735103
8736017
8739053
8739222
8740268
8740287
8740828
8741462
8742698
8742723
8742909
8745496
8745701
8746362
8748689
8749808
8751068
8752269
8752623
8753014
8754767
8756690
8757439
8757987
8759011
8761378
8761574
8761842
8763526
8763961
8767294
8771281
8773305
8773656
8773857
8774983
8775087
8775961
8775981
8776163
8777834
8778431
8778456
8778702
8781468
8781768
8782517
8782552
8783471
8783752
8784021
8784197
8784658
8785553
8786220
8786841
8787478
8788047
8789343
8793230
8793583
8793823
8793846
8794328
8795670
8797447
8799194
8799299
8800380
8802026
8802321
8802674
8803904
8804425
8808001
8808029
8809311
8809508
8815242
8815488
8816357
8816844
8817268
8818431
8819840
8821223
8825769
8827740
8828048
8828967
8832820
8833714
8835787
8835906
8835922
8836164
8837553
8839576
8844496
8845826
8847306
8847620
8847653
8847818
8847952
8848618
8849877
8850459
8854035
8854491
8855358
8856570
8857203
8858492
8858865
8859652
8860352
8860413
8861249
8864314
8867968
8868702
8870950
8872618
8873737
8874798
8874974
8876266
8876377
8878130
8881476
8881870
8882053
8882120
8882598
8882955
8885019
8886686
8888293
8889811
8891628
8892209
8892644
8895722
8896253
8897541
8897634
8897817
8898095
8899270
8899507
8899792
8901043
8901398
8902262
8902569
8902841
8905424
8905774
8906966
8907938
8910672
8910866
8911034
8911371
8912140
8912261
8913891
8913980
8915072
8916631
8917115
8918058
8918237
8918442
8919552
8920128
8922405
8924035
8925081
8925313
8925694
8925696
8927785
8927791
8930103
8932672
8933371
8934414
8934740
8935759
8935769
8935948
8937334
8937512
8941793
8942941
8943190
8943937
8944050
8944616
8945756
8945830
8945839
8946376
8947678
8948770
8949100
8950491
8959501
8960219
8960954
8962146
8964477
8965064
8967154
8968286
8973115
8973423
8974372
8974754
8974945
8975548
8975816
8976357
8977035
8978451
8978596
8978914
8979255
8980238
8980261
8980383
8982142
8982279
8986087
8986572
8987896
8988692
8988716
8989668
8990060
8993862
8994261
8994322
8997408
8998042
8998385
8998907
8999045
9000914
9001518
9003490
9003532
9006135
9008418
9008751
9009243
9010253
9011521
9012705
9012735
9014108
9014390
9015648
9016154
9016279
9017284
9017516
9019632
9020879
9021063
9021594
9023046
9023094
9024337
9025219
9025543
9026320
9026819
9026984
9027786
9029107
9029654
9030438
9032987
9033226
9033750
9035008
9035593
9036234
9039070
9039480
9039774
9039933
9040473
9040907
9040942
9041815
9042323
9044109
9044341
9045163
9046509
9046627
9048107
9051100
9052780
9055055
9055291
9055695
9055746
9056167
9057763
9061044
9062002
9062189
9062291
9062620
9063655
9065418
9065503
9066864
9067456
9067730
9067843
9068043
9068435
9071690
9072166
9075572
9075640
9075666
9076466
9077438
9077526
9077695
9077893
9078372
9078826
9079469
9079967
9081864
9083662
9084581
9085292
9086824
9087276
9088015
9088732
9088991
9089507
9091898
9092469
9092847
9092895
9095700
9096553
9097227
9098303
9098933
9098971
9099371
9099839
9099995
9100131
9101591
9103575
9105079
9105321
9106190
9106858
9106867
9107597
9108615
9109269
9110097
9112185
9113791
9114079
9114408
9116731
9117410
9118956
9119520
9119605
9123944
9124564
9127268
9131927
9131999
9133196
9135062
9138418
9138807
9138943
9141968
9143178
9145879
9148142
9148162
9151542
9151844
9151921
9152737
9153025
9154605
9154626
9154841
9156089
9159285
9160355
9160598
9161731
9164009
9165195
9165445
9165828
9166014
9166533
9166627
9170355
9173397
9174008
9174195
9174748
9175187
9176680
9176719
9177305
9178077
9179480
9179578
9181358
9182284
9183959
9187441
9187736
9187972
9190314
9190557
9190621
9190674
9191138
9191868
9192170
9192807
9195198
9196545
9197667
9198889
9200134
9200615
9200806
9201004
9201989
9202589
9202689
9203395
9204551
9206509
9206512
9206524
9207380
9207463
9208093
9208448
9208504
9208833
9209033
9210710
9210814
9210841
9211157
9212781
9215245
9217723
9217935
9218013
9218319
9218374
9218818
9221525
9223798
9223852
9224708
9225703
9225765
9226195
9228048
9228330
9229302
9230302
9230317
9230591
9230782
9231076
9232065
9232502
9233081
9233294
9235149
9235181
9236629
9239326
9239671
9240636
9241518
9242533
9242602
9243032
9244096
9244632
9246281
9247203
9248133
9248653
9249354
9252328
9253909
9254893
9255352
9256837
9256877
9257034
9257753
9259506
9259507
9259529
9260448
9262320
9262727
9264242
9265138
9265262
9266997
9267476
9267610
9268251
9270255
9271424
9271437
9275174
9275483
9276697
9281157
9282878
9283586
9285392
9285536
9287846
9288975
9289026
9290749
9293236
9294415
9298075
9301674
9302270
9302481
9304586
9304744
9305823
9307749
9308410
9308669
9309624
9310262
9311120
9311471
9312539
9313724
9313813
9314814
9317329
9317478
9317835
9319510
9319709
9320676
9321107
9321269
9323026
9323921
9325331
9325591
9325595
9326403
9326549
9326975
9327528
9329474
9331673
9332130
9333752
9334730
9335225
9336029
9336709
9336805
9337410
9337763
9338398
9341695
9342316
9343155
9348993
9349755
9350753
9352034
9353349
9354053
9354229
9356159
9356379
9358282
9361763
9362639
9363595
9363990
9364549
9365299
9365970
9366522
9366824
9368174
9368479
9369267
9371294
9371864
9372956
9374206
9374458
9374684
9374995
9375618
9376723
9380642
9383262
9383367
9384236
9385161
9385198
9385892
9385923
9386901
9387120
9387865
9388653
9391295
9391637
9392341
9393263
9393858
9398507
9399142
9399629
9399813
9400128
9400716
9402438
9403028
9403942
9404227
9404786
9405023
9405437
9406610
9406911
9407551
9408032
9410412
9410509
9415487
9417604
9418163
9418264
9421303
9421659
9421896
9421938
9425206
9425873
9427097
9427218
9427542
9428813
9429261
9429749
9430316
9431615
9433645
9434183
9435568
9435932
9436661
9436769
9437025
9438438
9438674
9439220
9439224
9440299
9441454
9443476
9443903
9444197
9446287
9447488
9448309
9448380
9449268
9450350
9451532
9452403
9456358
9457481
9459319
9461417
9462683
9462844
9463483
9464385
9464835
9464905
9466180
9469798
9471054
9471723
9471931
9472502
9474499
9476069
9477303
9479087
9480681
9481888
9482090
9482448
9483090
9483326
9484446
9485313
9485807
9486596
9486619
9487954
9492064
9494151
9495728
9496209
9497433
9498107
9499809
9501687
9502115
9502129
9504224
9504271
9505782
9505975
9506120
9506928
9507067
9510066
9513376
9514624
9515636
9516161
9516626
9518126
9518744
9519355
9519680
9520649
9521936
9522336
9523296
9524229
9524272
9525489
9526327
9526624
9527337
9527411
9527856
9529243
9532831
9532929
9533535
9534139
9535196
9536238
9538100
9539113
9540268
9541544
9542404
9542581
9544447
9544777
9544861
9545987
9546780
9547347
9548902
9549214
9549831
9549843
9552199
9554322
9556124
9556475
9556619
9557374
9558278
9560281
9560623
9562773
9563024
9563141
9563429
9563500
9563787
9564713
9567484
9567611
9569715
9569796
9570621
9572048
9573031
9573127
9574836
9575367
9575505
9577659
9577705
9578490
9578552
9580137
9580979
9583958
9584508
9585650
9586892
9587238
9588798
9590118
9590207
9590472
9590666
9590934
9591512
9592051
9592539
9593080
9593752
9594614
9595220
9595544
9595980
9596345
9596824
9596853
9597375
9599782
9600395
9600782
9600963
9601441
9602473
9602693
9603096
9604064
9604216
9604576
9604979
9606265
9607598
9607699
9608217
9608408
9608890
9610616
9611636
9613764
9613783
9614048
9617110
9617981
9618993
9619031
9620861
9620867
9624555
9624887
9625081
9626860
9627490
9628305
9628326
9630988
9632512
9632740
9633947
9634249
9639632
9639938
9643273
9643811
9643962
9644070
9644339
9644512
9645051
9645803
9646450
9646722
9647694
9649216
9649496
9649941
9652311
9652362
9652391
9653675
9654501
9654809
9656160
9656956
9657118
9657170
9658803
9659470
9659579
9659626
9660062
9660227
9660617
9662036
9662251
9664026
9664172
9665448
9668504
9668755
9669656
9671079
9671882
9672850
9675143
9675500
9676141
9676523
9678387
9680177
9680182
9680602
9680628
9681041
9684797
9685874
9688166
9688216
9689130
9690650
9691311
9691375
9693922
9694367
9694558
9695055
9695374
9695486
9695581
9697923
9699381
9700342
9700611
9704492
9710130
9711422
9712494
9713090
9713841
9717752
9719779
9719886
9720428
9720468
9722321
9722516
9722859
9722927
9723177
9723234
9723929
9725112
9726422
9727341
9728139
9728676
9730358
9730819
9731562
9732689
9734622
9734628
9734736
9734749
9734829
9736636
9737965
9738064
9739108
9744273
9746432
9746436
9747258
9747903
9749362
9751222
9751302
9752314
9752559
9752585
9752785
9754049
9754363
9755624
9756867
9757575
9757774
9758485
9759193
9759461
9759578
9760423
9760735
9762189
9766644
9767767
9768637
9770230
9770397
9773843
9774756
9774897
9775487
9777471
9781317
9781688
9782866
9783321
9783544
9784189
9789666
9789733
9792507
9798878
9799473
9800257
9801328
9801383
9801630
9801679
9802390
9803350
9804440
9805747
9809566
9810252
9810344
9814088
9814561
9814734
9820501
9820717
9823459
9823537
9823801
9824482
9825047
9826382
9827201
9828726
9829404
9831312
9831683
9831904
9837759
9838732
9839768
9840665
9841820
9843628
9843838
9844707
9845493
9845824
9847656
9847957
9847966
9851665
9851999
9852027
9852045
9854192
9854266
9855391
9856042
9860464
9860860
9863169
9863684
9864036
9869285
9869315
9870060
9872637
9872826
9872977
9873697
9874072
9874078
9876197
9878959
9879345
9879416
9880012
9880555
9881253
9883984
9884032
9884597
9884824
9886022
9888634
9888696
9888704
9889754
9891828
9892926
9895385
9895783
9897247
9897985
9899464
9901822
9902168
9903507
9903651
9904693
9906069
9906157
9907511
9908418
9908517
9909387
9911065
9913184
9913485
9913642
9916894
9918624
9918719
9924973
9925993
9930073
9930132
9931393
9931436
9933069
9933134
9934361
9934892
9934974
9935105
9935163
9935367
9936487
9936845
9938199
9938463
9938942
9939171
9939278
9939642
9940811
9940921
9943741
9944167
9947085
9947535
9950220
9950462
9950727
9955424
9956732
9958105
9960895
9961916
9964133
9964733
9964913
9965322
9965770
9966369
9966690
9967336
9967568
9967978
9968772
9969895
9970983
9971401
9973172
9974133
9974632
9975057
9975305
9977147
9977245
9977453
9977720
9980713
9981937
9982340
9985203
9985956
9989600
9991020
9991105
9993578
9995364
9995609
9997125
9997923
9998735
9998835
9999098
9999662
