7018451
5796815
6420902
2383873
8177758
1965610
7760495
1881967
7070960
2670727
2594184
2804820
8270633
4139540
92486
595002
9091122
3273462
992012
8372378
3957367
5794430
7692064
8835714
906137
7730395
5513623
8038989
7904711
8441750
9150670
3692084
3511656
9151623
2357507
5727036
987275
1894491
1097975
7867996
9265298
5819743
6874382
2390345
6678742
4465549
6533369
2479251
1668090
9718632
4927877
1564880
1732916
342190
3217722
5189725
8838261
2557332
443502
7056074
370276
703059
8950558
1015130
3858111
43360
6564029
635364
3850359
2955734
5705082
8669857
7636337
670980
1428544
9792569
3372390
1909031
2344407
7931162
349934
1605100
2402887
4350253
8202831
1254710
7009430
3087987
1948761
623510
478270
4796315
7885986
7535232
3302798
6427568
9926605
4890589
3104826
196620
1998964
6970393
5773452
5588337
4503369
6392982
4146905
8900251
6193448
7454117
3613290
3776878
6389984
6213709
8594622
6488561
138605
4629714
9463427
6045252
6314943
922406
8104973
1385183
6331806
7869532
1738883
2185053
3752204
7479254
163943
4362990
5405023
2453226
4207967
2525077
172585
3887241
2626479
8313636
3280600
1575663
8615832
9223850
3695878
3735827
4138750
550703
9524049
3626819
71406
792108
7913766
8174955
88913
2236749
4992318
6195334
3029590
7066370
897598
9722667
3359402
1922490
5491310
7302503
9720147
3795827
110124
3637023
6189535
3053688
856419
6671959
2921891
9486663
5684968
9189124
9777967
9590382
928921
8348645
6164194
4489601
3565443
7637095
889081
8280105
2242594
170711
7635184
5648996
3656513
6883941
5623945
6771673
107746
7138687
6602040
3296361
4294591
1945448
9707155
8428953
7803179
3764767
59825
4921104
4814244
8336412
6354840
3304806
785833
2582043
6238913
5393076
7303487
3057986
2615319
7752337
413958
7783319
5690064
5115575
6067801
2509994
5307210
964166
9213839
9586914
1280910
5650203
7069936
5933911
4806946
6902563
101511
8464096
7914713
6612792
7200026
9223919
4918933
1043434
8543499
7127963
4047239
5999354
351068
9230031
5599314
3686190
3768504
1711352
8247840
2144949
7549412
4147688
9479194
6343416
8506081
1712289
3863789
4721991
7703835
9802342
3953412
8020742
4632694
3630851
3612959
7262613
508461
1401607
6174590
7648770
1193384
6845639
8014206
78832
6341490
8584523
8656945
7623703
8868246
7397584
1277332
4695816
5814900
8262674
9548210
4329778
5649931
6644362
3377208
3221039
255866
8220139
2086923
4486597
1232820
4133830
3372982
4102412
6009248
9571330
6848496
8066316
8482135
2047364
4789803
824147
1758834
3965418
9610020
8198789
3520432
8684376
1998537
2861843
3118736
8879467
6945565
7060474
4047152
7522798
6163461
5301480
6698591
6911487
3224073
1867621
8947406
8449642
293948
7790823
4872376
7194488
1931974
1410693
2556813
2813534
2145907
45555
6860740
8821578
8693369
5592630
533295
2938085
7239387
9671446
2014415
7947865
262387
7208792
4178248
3505880
7376550
8915096
2284007
1437868
3852703
1400199
4354722
8352495
7066562
9021996
9702581
7749139
2718859
9100061
1608956
9732291
5723830
5196265
9097394
5082011
6108995
3360041
4290527
4046507
5731135
7367075
9474600
9615111
7636663
4311140
3689484
3823131
232147
7872195
1740193
5158840
8534404
4473374
8452871
2314652
4239330
8212901
7910770
1021430
4234962
7791039
1497849
9903989
5602374
6335225
713187
9098992
2008440
4881719
1773578
9869595
4884501
6154808
3680551
4232618
6288042
1382232
949115
8222791
1351455
2523786
6562944
92759
2456616
8046823
5829546
6803376
8100569
4172364
5437885
5988564
7847281
5863994
3312736
9919425
7079265
4218542
5488409
9574885
7280071
3378663
7675226
2366667
2064527
3516836
3153360
8833959
2838589
2557182
2137222
9115918
9956503
1741386
5272965
7925960
3943937
139770
2570572
3104455
4302564
8196776
7586020
9618028
4965484
503888
4002223
6352795
8529773
317994
6346379
2939687
9876554
2185768
4208258
7410446
5069100
2996732
2236931
8597625
1253105
2078206
8589768
6268704
924546
6988770
4494003
2779154
4048687
6594676
5519921
894326
5481682
5352479
3560900
7883012
4287586
2714821
7969765
5066632
8449012
315342
81047
7720397
3325822
1689304
682228
5512872
9904203
8989942
4922725
9132073
6507321
9925228
9776213
110902
580831
3436669
9324010
7152577
6714791
6467724
3472704
2310498
2998344
7153592
6696179
3523597
7863389
7137610
3461726
5822592
742383
9664001
8447239
2618445
4710886
2291199
605685
6396685
7276475
5736222
6195327
1414361
4682488
9220735
1064098
7682304
7994161
4407561
1451363
1204156
7075765
160708
3461054
181305
3502828
4520629
6472324
2823457
1570135
4540982
5691788
5247084
9333516
9700497
6874746
4625158
6353974
2149817
9638398
9567744
7193861
3165495
4357384
8736244
743472
9533246
1263385
3893529
1645408
9117493
1593449
672537
6108972
793216
6604764
512842
8916016
9244028
8202605
1329756
7970375
6948695
958879
4501152
2863569
2601175
8946707
7725574
7072046
4386377
1187562
2536869
1355909
2484717
4081594
2857464
2243534
2500578
4740006
9325732
445256
5442689
2378379
1625321
2466398
1432927
6516190
3274176
612324
3700227
2204525
1969288
8278690
6552924
4403792
2525635
3907381
7445687
7637148
1984943
3436315
6973829
7259487
9814163
931776
2996133
1218390
1276961
5401886
5246428
8718305
2237829
5046174
1011875
5551823
1495194
7256573
9945317
8767931
3648276
1240206
1538007
1980654
4409617
357580
7384737
2231838
4497146
3910396
358395
6326708
1987815
9115577
1157277
6737074
7240965
2998112
5913654
5235288
4205497
124008
3990274
2325681
4637457
2248392
9788463
3553413
6336640
7275656
4619638
3443074
7924003
8262565
8130468
7225872
2871629
3787466
1761579
2275434
4755528
3193705
3712191
7093549
6061265
3957388
225897
6916461
8929484
2546234
7587734
2371537
9690347
1044883
9360719
1125642
4501143
5507843
7558017
3122959
2645505
7742308
5466971
8583699
8627539
1968272
8276456
1801620
4640251
300021
2508095
3868307
3173592
1394824
9114165
1981903
7650666
206018
6409572
321245
9214430
3188190
7416611
6103326
3998590
7473222
6339420
2501541
1740045
6959053
5655607
8441406
5476447
2065657
8357349
2799147
1636063
3885478
4424475
822067
3605487
5554125
5214578
5800657
1597740
2580822
9249650
3506465
3672521
7433472
9896363
3149998
3421686
7163362
2948638
4667048
7540365
1816774
4977065
9155453
9587232
7791281
6916965
4272841
2310603
6324031
6176536
4989655
4838163
7484176
4663555
4624206
5597973
1830685
9730412
5641054
5204972
6933538
840107
5925529
2091736
954796
9693688
5636123
9953798
7566896
4869894
5283926
5405661
8010175
5261596
6159006
1718777
1068694
7713314
139938
696317
7813978
6350976
3328846
2314054
2012518
3752507
8694308
2256712
299934
158111
3822950
8687659
2000499
7881193
8003299
97328
8028196
3711205
2623763
2928815
1365603
6568029
2219860
7123719
4551778
8768541
6753988
5046678
3770253
2941681
3872777
9934720
1893252
473723
8716220
5966113
9836070
3615502
8027645
1192392
786938
8699584
4326288
7608768
2079954
4836996
2704488
9000848
2570907
301221
1661978
9511805
6344310
6737260
3972033
1939107
4900001
4483070
193950
4602663
3793199
6418916
9820063
9956834
5676140
9802394
4554874
8906192
8561412
3982482
9058515
9809138
422900
5012996
9647956
3277106
6388124
3318855
1605231
4067678
942363
868488
8090961
7724397
5861465
817336
827939
2159950
1377955
6753092
7943591
2306729
4882044
3226174
2691859
4842930
8763430
1873390
3805082
6000266
4800785
359466
4248660
6652019
848810
1577553
8610983
6033535
3128521
7828719
5941910
3056209
5612225
9247180
5803227
3982306
8612582
1069009
9128623
8649909
5628423
5774643
6019697
5519526
2284426
7791849
2726165
4545834
1258547
4151714
8641763
5387553
2990344
6571007
3358509
4659265
4077653
2943226
585651
7031395
282645
1420781
9929620
6856188
1159869
1856307
6549353
4591080
9595291
2483345
6539154
9976218
6149956
1176364
9497981
8974652
6099279
809269
8373228
8316197
9182240
2317993
8420388
3582747
9621690
4541590
8631674
7860258
6691113
2189383
1834158
1642723
1405716
4902725
5703762
1113607
6579899
152550
8925005
3185115
1384060
452704
826329
412353
2510753
3375400
1063898
8130960
6992497
6797824
4251170
6724740
2518878
400375
7996235
7635490
782432
5494309
701862
2032829
4509713
9133665
6180881
2904025
2213400
5560796
8967917
1548262
463028
6790541
3002015
1028321
4203409
6869910
6546749
7084431
3839050
3495157
6819197
6935931
5346911
3116394
1293020
3880825
7377734
5688643
7491609
1082111
8177721
314257
6606653
2597142
8027190
1296102
7987012
3644501
2486138
2315365
5881380
9269990
5355411
2975280
8088165
5288133
3054185
3976170
1816483
2740046
501682
7535782
6765458
7886359
5921136
9209724
1104748
4696979
1278885
4547813
9070247
9905695
9241413
9487053
9863850
2069493
3101510
4054420
1720100
1133600
5865907
1117548
9274699
6812058
5994131
4811734
6828054
209939
9183882
3656306
3410360
3812101
1314793
3902231
5240650
1670822
1689054
7226533
5678260
9237826
5112312
4973239
4378311
6983615
8405810
1975619
9381649
7452299
2989321
7475150
7245739
8878248
6862544
8800067
2601844
7741864
4194606
1635065
4126437
3128498
6011989
8009702
9687732
153106
9908997
659614
5161366
2008878
5643060
1163454
1158261
9664730
3353362
5909991
5841998
1449702
9063448
7205350
3055418
2245008
2029834
8251262
4014998
8886016
4355333
8274763
1913158
4224470
2949558
1158984
6236054
2039690
909950
1401272
8919920
7443541
7354552
6814786
3410052
5577012
9334031
2097320
9838798
4289578
5590031
8418317
6604689
1969507
9242233
473258
9067510
9626789
1055388
2790900
7375702
2697093
5863841
5911221
8144402
2438660
3947825
9700162
8385491
1078489
8117657
1570032
4585411
7033589
4230886
4119783
1572679
7844427
2389552
5458175
2987481
8452561
8055628
2112525
6413285
1638244
7960609
5465335
1428787
5920684
4608120
8908881
9876543
6351912
9601164
4322277
5361802
7266923
839253
3401765
512160
5278845
4985087
786438
374431
1755761
6131597
3772858
4133474
9092360
3539565
9852064
8133569
9275544
2916269
1120233
9172209
7731170
6426196
1423512
7395962
7563436
6648828
1091096
2047541
8374447
4857625
8191047
679396
7305638
3361245
8809767
395003
4104057
5900402
9446330
9516308
3119105
5836814
1873478
308297
3578014
3673649
6113800
449347
8692873
2558526
2754698
2128879
2294978
5281050
6736889
3922540
3110801
2047195
7115337
6676118
1798185
2010746
8604959
8866676
8972046
6046917
5322627
1774914
1163473
4750724
5789371
7695109
1242152
9415817
6068993
8661004
1287211
5629640
1881782
8581149
9715992
557393
1216835
7932142
1781622
5133957
2979600
4094287
6934792
4905779
1661337
3699344
4027440
9013250
396069
5966628
2773858
2243269
4027536
7163476
7581826
3207983
6955691
5955684
1497318
7857567
2282407
117297
8749758
8078383
477329
9937541
3526042
1414743
4025044
8070497
2625638
915325
6977702
2084542
9571671
5707056
9202567
7006980
9462105
3895236
1081016
47986
8805959
1218516
9375456
6497949
2005295
7394707
3743952
7637106
464153
9986067
3862380
1786982
6569879
3376185
1676455
3231483
5861070
7300474
5072308
5479385
6064112
9826280
5533362
2509586
430595
538286
4787324
8950459
1195627
7475532
3535231
9800588
4811234
268944
401995
57661
1477073
3921974
4071592
8905231
5604667
1136503
2002815
8230910
597571
5263470
7797046
4359802
3385254
3416469
5124745
4680747
5403633
3920108
2568008
8582562
9586818
5047953
9954915
969309
3744487
5599358
3879265
3607539
9359408
5691788
7354469
9912545
423068
8724347
7868291
8432666
6807702
5578369
507302
4917452
9956852
2978038
3285638
736610
3862259
3505487
3430685
3579527
1825301
4075598
5277465
693091
7604270
1584606
9662865
1403967
3532106
3395773
5852830
6225802
6403274
5705333
7381155
2102037
3063733
6146625
6421358
7116077
6659104
8150866
4952547
6199079
2713656
638713
9463830
369747
6295388
7295193
5836939
3028674
5143910
8484137
5148548
7869219
1517465
8570147
1532230
2642969
7909821
9017892
4131989
8285361
6911857
1891391
9406451
631218
5470526
1590746
71826
9138069
1082653
2667632
5201466
4134762
9236730
5876942
5353694
2556706
2980851
159020
2977982
9213034
5447473
3933845
9704573
1029064
4852089
9709066
8308965
6073052
1856426
2495694
2859701
1064446
3253171
8668651
761500
3680643
5027338
3683667
5715460
6366051
4654422
5130071
3307063
5524452
3646976
1298866
8665842
1101905
1260227
9660779
5798128
3995755
7576268
4828373
5869950
6136467
1676649
8125872
5488152
6611347
5640606
1757994
6988627
9983216
428852
2599543
1722772
3456930
596728
6270592
134559
3292083
491944
1898066
226391
2692046
5736735
6447111
1112537
5601247
9232656
9044516
7450203
1776993
3182948
2787062
3957828
1766908
3274154
7993465
8631368
7478519
8971073
913315
888621
4090478
4414503
8530282
3497710
1225053
4282000
5572754
7428476
2996795
9832525
4034681
649378
5374001
3929368
9151990
2677075
4734386
3855864
7721914
8348489
3337211
1670038
2117330
566764
9607061
3360287
4484210
1051135
1711397
9964809
726498
9290373
1679211
439355
3069789
315183
6589798
9184345
5994060
6954939
1336178
5632438
3874067
7059640
8737623
179111
1262726
9222256
4656413
6690517
6586803
9315461
6733143
2733594
8248811
6152071
6176739
25801
3016307
2394266
1150256
8188682
9237672
8104172
3430034
9301666
1133871
1371752
8353330
1846465
2154830
7774833
8368016
5410468
9952202
7820640
967572
6521859
8963250
2705271
1750549
7168136
258944
9068354
743860
4288320
7231424
9578508
1567674
3052207
3585362
4118433
7113144
364797
3037358
2798584
6115989
2342419
9899358
7427807
3181651
2618173
4563282
3682709
6692071
530088
9521091
7516673
5059498
9094295
8235909
796209
6561310
1537252
6027744
8658083
2335678
1633027
7835222
5983898
3099617
9321952
3037322
7296077
5118229
809835
1490957
1153321
7389666
517437
4105644
7202105
5185663
1187533
8644123
1719614
4453470
662687
1842988
857976
5225816
9780287
5792557
2266243
7702865
7041144
2636524
6047102
403057
9204653
9690537
1511516
5190888
7711627
4367465
3475265
4943047
7414870
8403288
4754278
3419538
310399
3462444
5167361
4868770
9719851
9977192
4023024
7725319
1424932
6564073
6482885
7058578
69653
9563390
4762232
8594541
4580761
7793633
6997505
5517933
9042958
4327466
6172831
2100402
1779697
7131500
6625015
119909
5708179
8003951
9020986
5312488
5447243
10331
2060844
1143095
2321016
2691201
8403407
6485848
8013962
334413
8016929
810592
1496667
5418629
1948226
8845733
4051222
3141265
3167919
1624803
2063168
7753839
1375893
1082536
2325537
8129222
9547971
3849030
4287566
2725491
2270807
8350860
8835590
7934293
6035227
2517115
5467462
6830469
3999099
1061692
8122926
3121284
5586643
8958628
4881590
6205600
8502057
8778745
6286967
1339532
8398156
9934953
575955
4080214
5644615
7376688
4639805
9467595
4668095
4464119
8752672
9161371
211346
3982104
5558910
3459856
7183568
1731979
5886518
585192
7414687
6420473
2247349
2672982
5055553
4361133
43023
2119680
1833300
1978051
2632126
5807753
3036449
174838
3933680
7409011
9048758
1198271
2039989
1520850
633234
578520
8141320
3556294
55742
453554
2117120
8607752
1998576
6370757
4831531
5887929
8309550
5353247
8443850
7362187
5209123
8465445
2290030
12621
480038
4511094
7920234
4711885
4452402
1420320
7284138
2961856
3080780
1704436
5283747
4987654
461297
692782
2215323
3451292
9238726
2965311
7003040
7330545
3880998
1173121
6285364
3446761
3768886
6014734
2789061
2594198
5899027
1575500
2744880
3854113
6385092
7662194
8649496
1340950
4878835
6638687
451669
8401415
5723491
9166856
5178312
15112
576197
5221188
2471038
4456588
955494
3058807
1384201
3631919
1016404
8948075
9488435
1321045
340935
17550
458801
6771371
6997697
9569280
350130
7679834
7978447
5268631
800805
3328697
5863503
9421026
4905115
6901990
6597670
5562114
6768524
4118497
837143
7670528
485092
751638
8413053
713572
8096762
5358065
8737300
330588
6042624
4190156
7053037
8775510
1638347
7994527
5256755
4669567
901229
8363535
6761791
815236
3011629
8601155
7113106
5638104
458400
6559010
4179105
7709857
5165505
2660456
9428504
4265718
6135923
9070393
9778578
1284162
9560516
1561455
9208108
4563945
5508435
4853944
7480712
6097291
4065915
6418203
6607554
6248138
3637918
7763087
1158066
9723867
668895
6186322
1570359
6750266
251421
1058822
8120788
7728879
2072754
3011688
3533608
5713569
6691396
7965751
8696193
5021269
4813385
4440163
1431777
7598320
9475560
1047963
9223990
9790074
5180137
7897820
3102295
4189384
5025140
4366029
7091306
9314307
8020547
1959666
5064140
1463419
970459
5994820
9592009
2697813
9326211
5705740
889142
5217306
7425880
7530935
8356414
1167159
2682146
3908999
7703416
8545438
2234307
1027339
6400976
4356146
1944324
4562770
1950152
6928369
6749316
465206
6796065
3053823
2448148
8998263
6265898
2603822
2961287
8825232
1607773
8279149
2301672
3430630
4284934
9371769
237417
3039752
2346394
7857960
6297112
343516
5567178
9083643
4920078
5248277
5848144
6994638
737602
4143809
9450752
1041333
3437080
5953718
3898640
8292049
3121673
1714385
7457433
837420
350895
2381581
7075171
4118188
1833723
7658672
411852
5319562
9515397
933870
6960877
4067942
2662221
1273127
80106
7617359
819927
833287
1838704
1652318
4302728
4558090
2006363
7524849
2805379
5899704
1251169
3549530
2158412
4641011
4498043
7762627
6289793
6450763
2491707
3060116
2433419
8174805
85430
6424659
8586310
2232651
4004372
4709210
3503352
1693667
611302
128437
8428484
2237211
4044174
8422694
6832433
139462
730518
2971585
1230559
6957602
112410
4023495
124651
4660925
3821666
4317400
9789089
6859197
2405314
8262750
1166885
7944815
8859312
6156433
8338110
7746570
2536832
7255828
419262
3186440
3726216
8113916
123779
4283362
3566436
7321608
3535105
8156460
6727278
219690
5859025
7018182
2226879
8361155
7244188
2405875
2730652
300193
2681709
6353780
5211414
784382
233629
2233739
4061901
8887487
3235299
5850658
4760168
7310232
1523758
8351756
7641348
808307
5746486
1833804
3507312
7702960
9447237
3867016
4607164
7129037
263076
4085517
1098340
9509811
3377582
8492338
9577426
2226260
2786236
8172950
8703350
4494084
3666967
5648337
1834643
4754945
8639487
61138
7124948
1608086
1368984
5777857
7857136
4697247
2036477
7865668
3402222
8739392
4134974
6205157
8876291
5605073
2038665
2532003
3377627
8424250
2911249
7368396
6909978
5881666
604040
9504730
7703236
4363940
4088865
9617285
9419349
5841505
1535487
9705356
2486275
3262063
229364
3893847
1887489
3756691
8945963
7802104
6038582
2177736
1185555
5541593
3910588
3585339
4483396
5673032
9736990
9256043
2988133
7176597
8790
916990
5302702
4788020
5886929
5112982
4604138
2934548
720772
604755
2677975
8767821
169714
2434088
3570088
7272038
3343820
4655274
2996698
6840917
2661224
4102325
2171191
3227742
7683908
5840367
160015
2354767
8993167
4768816
2584304
975921
3984607
6670220
11203
4530817
7228503
5997984
5969614
2623691
2953296
3841837
4277110
1269624
6108101
9627070
675610
3264148
6217641
4133320
5952181
6831693
2189553
4076075
1250392
690113
7553019
3882768
5951180
1852275
3686445
3565588
3537357
761564
5166473
6281283
8803694
4448614
272965
1183200
5619762
4297228
7699719
8785801
9091941
5546284
5952484
1519501
8643272
4222072
3256173
898821
1907423
7021419
5674528
5831412
3804713
2042119
2690772
5891035
180263
8574910
2945308
1085088
9841957
4324364
2754530
7261289
1866424
468725
5535190
6841789
2482847
3944990
1306257
437665
650809
170877
1102363
9026673
9196703
6548428
7752114
6807715
5313799
4900283
720225
3860052
8450979
9018224
1955550
5345556
6327759
1076675
2805181
8347640
5809911
4071201
1986884
8093211
6086584
6698326
3276567
1338830
7819251
9398196
6913617
6574259
7815255
3320777
9346707
5620466
2651136
3880115
752400
8771261
93185
7777476
545286
6110141
1265004
8323502
2571232
8001664
7856676
9619844
9705808
5858762
3138906
8827838
6973239
9318529
9994227
1275977
87446
6288388
1958658
981592
5356274
6060489
7168470
4643365
1685877
3767317
6108423
7493120
5326720
2815076
4252247
5709617
2450390
484150
9065372
6000428
304082
6678770
2155583
904060
7924798
5633811
7491045
4183901
3081480
9858903
5320290
4262994
6748685
1707
8541962
3481334
2998433
4298394
2052419
9266135
3764671
6534551
4116638
1232226
7218510
1991924
7770833
1617603
2608240
8361351
4958222
3007554
7117463
4110475
7650674
1496712
936148
6276721
4578880
3462473
5865323
1576190
8698200
6923506
324504
7393791
7328751
5085098
6772599
16583
2845101
2550810
1643133
1359158
9807855
1781798
1491864
5781998
2825939
1998092
3275342
2589175
3379752
1832121
8967812
3866085
2764434
6644154
8247520
1391661
6164178
3342421
668725
3055201
4173988
6678763
7744816
8769701
606600
7496949
9065456
9724692
2837468
2161049
2092486
3964761
6933989
6517770
6502243
5735512
4262356
7450519
1849209
8892554
2542307
5128232
2882048
7402036
6243822
1572453
1875288
3045485
4823467
4712757
4210653
4878614
8236015
197864
5629532
8501634
4396081
5716914
4408397
9925916
2559041
8146680
2690676
5564584
5008688
1736134
3270883
8262027
722133
3400737
785835
103558
6409622
3416167
4678022
619073
7735018
9197244
5230834
2815826
4955204
7039758
7161755
4169704
5492464
8946887
1707450
9886357
7832580
7155899
5069257
9913573
1236791
6249481
9741807
2942068
9006250
8869589
584661
7475650
6195673
6751990
2559155
7278077
2392576
2272869
9812114
1801866
6326046
8823034
3373494
4268549
857636
8965002
789809
6070179
8467364
1747129
4386022
9040639
3787038
6953537
6480272
6137043
4216391
6214644
368330
5411655
3038993
8575360
5269662
1256196
1374830
3958710
3127437
5190068
2905860
6931715
5161769
5313385
2362046
111723
4179756
2051090
9725167
3547491
3810416
1014354
9118674
2194042
7016074
3534096
8203035
9444541
7745911
4661269
1095387
3073519
551104
2863783
285900
7561779
5052942
2917272
6211612
1242955
798987
6309693
5197746
9027737
5923115
7778417
920826
6574109
6650066
1761913
2592272
7206586
839180
5242893
2364087
1078311
5131479
1605781
8824256
6906810
9237210
2929784
2280579
8778824
8492988
2823961
719509
1074715
6595795
7117025
1846086
7213716
4004136
8499121
6779570
378443
6736724
2037160
3837591
607573
8810988
2751235
6652929
426792
2065146
9232045
1423789
7489
7085414
6613648
5669378
7300180
8365006
6855899
5961303
555345
1225464
5477327
2568169
4688364
227782
6348555
5765038
7574099
1437987
7350316
8757206
6729685
9034843
3924929
9521511
8453081
4141451
5605072
660529
8978820
4931252
8016008
7517075
9025843
8783017
8554564
5346541
2067760
1930963
1492494
2698033
6365722
9671351
6739905
6856093
2011931
4906784
2709240
4311608
6184152
9854900
7637148
8038635
9983898
7335114
3184288
7693799
713053
325076
5446444
5488670
9263681
2384038
8028632
8254456
5042743
4434450
7930943
5703
1965564
6299221
3750937
4692671
2274196
3685465
9470574
3984629
1601555
4528776
1086491
6758683
8038109
7601822
9958004
9685885
7476742
2646625
5337033
5330788
9278196
2050018
6200802
5413336
3803662
362813
5604240
6682571
3795360
2943938
9831006
9592243
7309296
9470248
7754022
5943686
5963976
6914668
4510920
2000656
1060858
2608307
9424048
9578809
8197040
8891657
2095418
9501673
8577375
4238316
3893260
2972926
2880973
4642146
2559471
2383999
3904445
7481018
2196849
1539510
2827184
1425229
2585247
9273650
1083808
6426701
9032779
7732229
5112586
6987911
7272187
1970596
2716444
8925373
4125827
2398634
490188
5790313
200310
5782843
6349210
2485975
1483586
4820184
555358
4165184
9041755
3289708
8736392
5206081
533330
8970217
2448002
8032514
3367025
1056783
7939338
2251252
3436627
1402718
8315883
6694911
647328
7387561
4728516
3969647
550580
1140101
3162559
3583287
9926588
2156143
5081223
3338632
7738519
1716402
4346848
6823592
5899781
8188818
3147749
7793496
2451310
6556396
8811394
3111003
8232278
3785133
4458606
247071
1079776
494325
4496476
8567146
5587158
599888
9585808
5077721
196902
3329157
5086836
3051380
4514586
2253795
7127979
4793744
2431549
8584634
5220354
4097509
7140644
1123135
5361150
7259905
8941407
6058019
957345
8987674
7750124
2742470
6003057
616261
1424877
6117281
4525151
1253976
4536840
706179
2954824
2928278
33235
2788172
1321111
493582
6637865
6972187
8774615
7420483
8867560
2053886
7058886
8177997
6323825
7684627
9080839
1125709
6309896
2145693
190073
3798407
2588452
3540766
106114
865899
704206
7886847
9762424
6798203
8299040
4970443
6361908
4204079
6633021
3861868
7879628
4622623
5450896
8342307
4538872
2062469
4776628
7353354
1308990
4595650
9872003
872528
342270
1567122
3291681
3252468
663386
8630255
6870032
9889692
8029861
8089897
9358686
9605357
6696329
7333097
444843
5711328
2973213
4577210
6819481
3548042
4296152
5669078
4643435
2179683
1532939
8236977
2629022
4517088
1451472
5484846
5534672
6970017
8224902
6758156
7209685
7884904
5886810
4610529
2328737
1648633
530005
2477132
2044374
5282924
403968
8525511
1409211
7317001
2231820
3916650
7858777
9755930
6429885
1253784
4573519
7852877
2165080
2422449
5031114
341689
5811933
8733603
6702990
8064925
3811107
2296157
6929959
6941163
3685858
9070886
2689383
1526123
821545
544583
8577000
2422963
1489649
525624
7006735
5685732
7268470
4659420
2741899
4503965
1780964
4069482
4320726
4059385
400192
5056805
5735334
5826822
2986770
2761567
4517641
613532
9232374
5802522
1381846
9017724
8449503
3465034
8298249
661586
4500185
6484454
1722054
7989628
7548245
9494743
9036814
3172633
5608744
9863739
8711803
9085275
3637555
6837570
145367
4127261
4329117
1140629
2299651
5858714
9337009
9836094
8091921
6171595
8609757
3589229
466970
9780118
8601152
936114
1553885
8032798
7189066
1277965
510073
9792450
6952495
9581220
5445591
2854969
4939056
2991945
5864372
1709796
608073
8506978
2642239
9792108
322194
3813882
5194370
4599776
9154320
6261289
9832714
2582213
9778787
9694279
9168558
1198851
1661306
3187834
3471864
4850646
553641
8088124
5345102
1004389
4758807
2733232
3388326
3139816
448405
3401643
4509930
8561975
4873564
9000128
7952298
5782344
9260473
8467176
5528880
7180604
4232541
2539708
3690471
3675265
5732149
3589011
1154065
4854902
4396716
8838087
8476675
9665861
4128124
3115741
4391099
2325774
4839179
1564930
1626158
8568364
2999554
9119856
3147316
5145056
8837827
2609275
5488135
1359334
1814741
9447101
4029991
3590583
6628992
9482960
6848515
4644433
3445811
1612291
1973586
3368625
2025076
3181003
3366535
1737993
6890947
7057111
2696591
1583593
5569161
3031240
4387741
8399961
5504920
8425683
668059
2199041
9331604
1653537
8531679
4118182
8538097
9878133
7909127
9119876
83582
2916593
1940749
458553
4169655
7527830
6180181
2573332
9223316
9204172
9704075
8160968
7454068
6530963
1974194
1962958
8007434
2520600
4785919
7580258
5019721
9743254
2569436
3329017
9333981
1939654
6610998
5423941
4490642
1602497
2259227
3804128
1663590
6740943
3891579
837421
6289182
5161698
5544789
6402116
52882
546607
3882822
2643988
9456017
8515677
7216554
1907498
8209065
6370900
8937603
6553553
687747
4529498
8060696
1919401
8467897
6222027
8458634
2368186
9423777
3321441
7921578
3217937
9150040
2829742
6519456
4355787
4817744
6823615
4652511
6148770
1584602
1634183
9707375
9746606
9311219
1759998
2855591
3895431
3880788
6351161
9838015
9910085
2209255
5890306
6625962
118698
9228328
3718835
393100
7427969
943559
3276670
1982553
8165035
300885
9756041
4207436
5297762
7542622
3633112
8555057
2207692
982292
521050
9521704
1014149
6624386
5197283
4782221
7130637
4979482
3250730
1857531
2087418
6142565
5458234
6496661
7909149
3098635
2944221
5469695
6672980
486554
5591937
588714
7496722
3821527
2186318
6788611
5389077
8872677
2342963
198606
7348803
1215360
9322251
6900909
2302730
8353528
9252770
9890617
4122771
8860211
9085663
9826836
1478181
5675543
3095610
9727192
5532188
5290265
1749661
7140973
9647798
5519054
4278642
3349613
6988568
1509171
60651
978484
3319736
9129389
7792363
2448323
2549294
5348822
1219427
7271613
5786623
3831452
4029515
3277974
2947736
331536
8570319
7481566
5211674
120497
3552151
1521239
160850
8359747
1741008
8856546
5112154
4356278
8650120
3189848
6853079
1282749
7919608
9088156
428735
428033
8019712
8336001
4139526
5564070
6101426
640586
2981890
3738559
7401660
9036614
3074856
437087
2775284
1107508
8630108
6984381
591822
2996507
1387144
2421748
7596388
3604559
430782
7763753
5482940
6223185
9696692
197408
750141
9028694
2143667
7631199
1112315
3373141
316319
4184972
5979233
7479555
7466486
2108899
2276314
3156123
7451969
6077642
6141654
147056
9582498
2441706
7590679
9277710
9730416
2377248
714308
3797750
5619303
2084606
9418202
1934883
854162
2011687
474041
6651293
2179013
1018304
398318
8731869
8647047
2088365
7976237
6631616
921208
6535977
9780625
1883506
2327131
2344112
7396997
9777790
1445587
7668507
9377050
2542254
3968998
6373744
4487612
1697269
1491464
9059197
1875851
2030234
2803306
3033963
9948115
3003853
6684832
8248929
6564838
3349921
9580146
2165582
6234611
7304125
8200714
3225560
3933312
7624537
2758542
817552
7858125
9070267
1603165
4857140
6029972
4332572
696893
5523677
4221047
926451
5884204
6113651
4744852
8118644
1153703
9863633
8427841
4020755
1966081
3496329
3048289
3789222
6718561
6083436
5151214
7984322
5785316
4518519
3331534
6193317
6544889
2764876
4419659
9611083
9732969
3987566
8309900
8382256
5420817
3556028
7355161
1947705
3968182
7698404
9743126
276421
1233864
3114548
3462078
6026306
1567334
9849925
3544722
6184430
1263624
1041814
2813737
3782178
1457414
1610834
1637183
3597095
1109893
8105002
33664
5306012
8649113
5592020
7696045
6837254
4297428
8334422
4401019
2309386
7430862
7591041
6049997
5726863
3586923
8177937
3875729
9343898
8819780
3849428
4854220
9802929
5185919
6851454
6425566
9074525
7391655
6057987
4975633
1204892
2372039
8737267
7737411
6089404
9465079
2928112
7994796
7060648
9966730
3689964
8007556
7297751
1887782
1676303
7413195
3992777
2213342
7376059
6516928
4590345
1598635
7764807
4012416
9300394
9691992
8755772
8545886
9021826
1606595
9441155
1037027
9022117
4048705
4448475
6711713
4730305
7027065
6689392
9659567
7598799
8341010
2130386
3330012
1427957
337042
9349095
6302019
366746
3750191
4534535
7672922
2759599
7353435
9134231
9509168
3117113
9703448
2111680
1534153
3611011
9615612
6471192
8417415
10566
1176407
2878540
2993719
3499729
938151
6462924
6404061
8932443
7102727
4939450
2126003
4226504
5505207
8898271
9032649
108900
3065253
1351926
1737841
5628772
6679460
9942357
5824423
5120968
1405793
2114306
4030040
4214503
199415
4477754
5950474
5424951
9626791
3405517
2410324
2260738
4087455
8099677
4482687
6610309
3360856
9754276
3386840
7964988
3692187
4081071
3584341
3758233
1257395
2335853
5251468
8522671
2989174
9838603
1012213
7512
1750118
6119730
1543607
9841079
7454963
5987623
3256971
1725830
8998671
2781813
571959
856236
673997
2071896
2742679
5228071
2099938
2347417
8598584
8458417
2736214
7663671
1571144
1230784
7671138
4825389
415689
7558923
2223531
524894
5483680
9201331
1130981
4228257
8835841
1606418
3676247
3797577
5302138
9387390
3331491
5202153
7305496
6481910
1891362
3201230
4062346
5609611
1639873
1866462
9268468
1819168
9086455
894346
9018073
3841593
6503825
4577332
4308355
3277019
3633426
4104958
8048350
1493838
2295522
8633361
7101445
5569099
9062885
8084350
1096543
9175417
5252997
2045781
3764458
6559625
2066684
2900950
5970289
2534209
6513033
3619814
2269519
9221009
8737255
1681658
2653486
103439
3594693
4208189
9046300
1380202
2416508
2595739
4724937
9460898
272683
7941205
7035266
1537960
2966275
1979912
5948501
4440962
9694653
10490
4250096
4733181
4349483
6964111
55617
3587436
6868769
7164869
9018806
7386203
2046327
7155851
2897153
9705376
7441899
5674897
1492231
4809077
8162171
7945393
7281270
1905934
2805222
192966
4601327
387898
8237371
9256448
9121791
1112752
2415004
5820428
1171780
4629482
4739800
3146300
1469017
6076041
7736064
3782208
4000169
4138222
3379277
7858474
4531197
9532605
4978798
803594
3944641
9933353
962094
3091775
6697042
7140264
3848699
4446306
7672348
3863904
8357467
8997143
5135048
1994684
7358409
8176145
5601972
3734248
7322524
2266821
2861200
4971120
4208162
8377913
4403182
1048286
5598331
2330825
8034141
7034172
3555814
4373736
847146
7557009
4683921
378849
979428
5716831
6135320
9618455
4044368
5092634
5464670
183291
6066637
2741553
2761794
781558
6381089
2705750
9801102
1342648
563683
8161992
591387
9704647
4784881
7963833
6523736
7240901
3961009
5571322
6693313
5559821
1488225
5231124
616177
1105955
1372597
4862255
1173383
5586253
1857465
4514281
874344
9644174
9435055
7904511
1333666
554341
2033290
213728
4493975
1016069
8489115
2627898
5079585
2681391
8424175
20932
7777673
9636026
6978878
1161424
1327697
6828005
1630032
7356533
8684755
8700225
8372706
9679193
7453014
4801236
7461830
7255373
4275124
2046356
8521522
3004752
3901712
3522656
8306784
8801708
2084428
9899309
341442
6158812
5468526
1386124
781827
292368
8581942
3312408
5352408
4342776
3829369
6430084
4456658
87971
2262662
7716615
3303335
8921642
9453237
3621628
1670022
897271
75380
5943833
3063597
2704635
9768806
5348938
7525528
8305359
9003129
4102461
4178973
1207723
7089712
3411722
8542159
5904538
1545068
932863
3782911
7454790
3285103
6032513
7244254
7120102
1864027
2289727
2807246
5707917
8912192
4700123
5880673
240882
3929831
1290122
8374385
6810751
9676358
9195359
8316307
4298673
2864105
1887698
8289341
4959962
4159499
8059570
9516495
1017750
8438888
7507438
1612881
5563522
5535328
2971212
1351114
6246165
5097188
7720145
1197843
5465904
5479243
2179938
7989481
9428637
2959456
8870547
2597742
9886941
4242527
8671755
6604238
4052246
9327608
9048870
7841858
7373442
3142810
9276455
1705669
5933901
7024231
6677033
4381054
1591680
9096560
7187504
3874658
4616730
4568313
8652955
3422676
5158155
626574
8091987
949195
1611365
3761952
5534145
9552403
9835241
6681869
5659714
2296377
9603473
5988553
9301703
1145925
7499475
6685860
9677925
634477
3577008
8136641
1175117
3709607
6922412
1254960
8967544
381796
2070614
513419
1062384
9617120
3518822
741368
6614574
6198956
3089654
5810595
2918840
2770082
7155706
9098808
1905644
3102577
9816733
653017
5520161
4454452
3489318
1400305
2531299
321849
8015466
7997498
6072664
6008486
5671529
8217283
7817835
9883092
2484166
9377048
9308388
5067151
3844851
9426153
800682
4797561
1891511
4349612
629795
4681535
2593858
9569373
7694371
9179926
8928382
4561844
5435721
9481961
2785018
9604316
5459024
8759673
5333649
9670036
828642
7101215
3536943
6115941
3978942
5878417
554204
4428562
2302352
2474036
4366386
3915809
4397266
3179016
711611
7644863
5933142
6843188
2459717
9081976
3635144
4887149
4469805
5820332
9222433
4982902
6443026
5782930
2099069
9297616
6129514
5369467
449081
6266224
5296874
2071572
7028747
7338656
5163415
6041710
2642652
7406577
2905759
4273554
7835588
9481442
5076703
3560928
2909721
5150544
9577072
1041824
3860075
9311094
73344
1114973
1035844
4310820
6345577
7962891
5452744
1372781
9388951
5684285
2817956
1910356
8623363
2802220
904092
911350
5818849
1780083
213661
100244
2003708
2014485
8309459
1785265
4795444
8213382
8926726
3876008
5262169
4838271
392199
591697
8646527
6138793
8462726
7132757
4620005
7645577
9031675
70543
575315
8694741
8510117
7033248
5372326
5499670
3047834
429686
767981
2685168
2182191
3612020
6447133
935858
919630
8317325
2564439
4583226
6910416
4335999
1567618
4623114
2136714
9820969
2388441
7947302
8828910
8317340
6762851
197078
3980181
180514
7968892
5560037
221083
8519654
5009147
396227
7739827
710268
8209939
6362388
7709859
769751
1340695
8827006
9647843
9192182
7227471
7023366
505146
9906634
5774712
6297073
5478740
1282757
6970705
6792959
1119739
7874390
3797479
7601359
68978
7052919
1562995
5900319
636328
1281426
3507720
1018624
947944
9565818
1281983
7430800
5939202
4415476
2975733
8760269
6506860
5918417
4803976
8751811
7480612
3402072
4105489
919176
7964288
8180601
9264854
3191517
9870259
268628
8559696
6365316
6648258
1652824
4914456
6208669
7428927
4659311
2066174
4197167
6238748
7659094
7836241
2364177
3068534
9895572
6860499
8717398
7603683
8587484
3871833
2713050
658761
4508306
3042955
5574883
5933241
9536575
7209854
939886
2159826
4055090
7404691
6237420
9964348
9241292
5340553
5979507
3524350
5968417
7134701
6614171
787064
759363
6139756
8047743
7140589
6189070
4287285
7997255
2598368
2037917
8872967
2938851
8615970
7322978
8394151
4042145
5009440
1857432
490936
7468707
5280383
3751069
5003433
6537244
9855486
9662276
7763426
2236155
4194063
2713954
5242485
3541164
7200014
1066249
9410264
6618609
1029555
5547586
8508377
6496576
6007000
8447220
1211714
2814634
896604
6889936
9177457
1042329
2015776
3817355
7101212
4374297
3192687
8846299
4656851
1198543
1581827
4795130
4575283
3554121
8845802
1811031
7298216
9229483
9589328
23597
4470627
3639899
4457632
676800
4142748
2575139
1906045
319778
7553719
1423392
213205
743087
9657208
9653753
8053476
5602515
7216939
8719535
7330302
7279329
3362063
6371990
1608257
2066756
8935629
8547917
3361938
7057145
5448293
9013543
8384520
6808371
2807106
9544880
2577233
4582339
2202229
2224174
444021
3939986
5779319
3585211
1375485
9186105
2232413
8234223
7094063
7285042
9721805
7583316
2942779
3751566
5059184
1709512
4742018
1575000
48262
7859085
3981340
3606136
2720653
958533
2695609
7995930
6729593
9873954
5565282
481192
579379
7671573
6077274
5527309
9683938
3875242
890426
2105133
5439552
4005836
5168730
1624240
9400574
6543364
7738535
3410015
1413560
3400344
3018977
3249774
9741812
5679921
1163936
4902746
5105562
2272034
1427247
3033062
9502838
9850696
8073379
1404759
6097195
3476469
2047266
6137877
618786
4414457
6742641
4815223
4516536
2988903
2361625
4660299
1461561
5597119
1692276
7710355
8359967
3126072
9452973
4013194
9580704
2353317
4486764
3571503
7307261
5741554
2815100
8323952
2168889
3312946
106926
902751
3197736
5344150
589730
4772259
1196867
2667236
662786
9907383
4006667
3217907
270155
6268001
8568258
9720431
8973729
386794
3828372
3010006
9889183
2611977
7159437
5688667
2173120
5579608
6702185
7798912
2321793
9424046
8866550
317611
4538289
703035
4054450
3921513
3328404
9236380
7141050
668007
2548726
6816964
8790623
9247528
4578384
3828243
7369149
926980
9941025
3709999
3169415
2070246
4265070
3001350
6660920
1531291
5031779
7508665
3454682
6419553
2706388
8753887
3942407
1634988
8408397
2122869
732997
5923163
5384902
879671
2170233
4131474
4253279
4141841
8965019
1412831
8294598
4396300
6670950
2086159
6207628
8504098
3018464
1300787
2171703
8768926
3634866
9058564
1037396
1009131
7042587
2942720
9969883
160662
4653598
9315435
3841966
8893940
4266352
3664190
5911293
9627008
8745800
2649137
3278079
8526566
155117
8200618
2841205
8432060
778097
1811554
5541845
726892
58263
6561182
9527674
8903221
802607
8307277
8107547
6690418
7377105
3487247
2919199
1315895
8818581
2200253
6906153
4521205
9758122
2929491
3892881
4758682
7564317
6011909
5173030
2469646
2280852
3508855
9826107
7586577
2106901
1213492
1610085
8366054
4883858
5206187
5720214
4364243
7967244
2701649
3939589
4004394
1884181
2578991
6236433
5546595
3491938
1424970
8504735
5553939
3522684
3684342
3723684
5700307
7333065
3439105
1963070
2480265
890654
4985982
6916102
2485589
439971
9549473
5551553
8581627
8628007
516633
855810
9567906
3247630
3907224
4465646
8363271
622072
382853
8470246
326627
6752900
91695
5252611
5021352
9540829
7759731
6656062
7301937
5168211
2286133
4573639
6391496
9040917
7034683
3231590
171519
2160921
9732059
2781221
2324885
8127672
8672543
2164671
8401826
9367545
4557746
4048529
4817438
9847218
4721173
692085
7979236
8192052
360502
8333718
4062431
3033995
3417728
6006790
2269400
4708877
9141205
57701
929743
9437303
5209058
8738358
7565962
459176
9054810
7470357
9270719
6861659
6984403
9059281
775540
2851198
6662398
8893645
2644789
742201
2453729
5237360
2302735
7350165
4311587
7392157
6734699
451709
3020003
3283827
299130
2294260
1852294
1892925
4026686
2735806
9303366
2223341
6244165
9927700
7518533
5774088
2877716
852889
2045114
6901170
6562613
2213126
7760894
7232099
8006421
9851596
8843191
2415222
7913895
8582483
7917723
4007084
1246414
1593692
1424175
7923731
8515636
5986502
2176725
7729801
9135229
7101491
5185983
5814249
5887108
3082262
1241404
5893033
7093115
3601109
4222176
4735638
3331810
4500387
9806589
9552986
1741109
4090179
8570274
8164927
8422356
3331931
3475502
623510
9927797
2890029
5684647
2160246
3016325
2150359
6567529
9123995
7950292
1252603
5202043
6344501
961917
9376347
9706944
9102914
9764422
1603671
2746210
5524741
678996
4450798
4730352
6256042
4231355
3557751
3864898
7102172
7241356
3452585
4170431
2677449
6736594
6851621
3173175
2747005
993693
3297953
4309493
5256828
515963
9600586
734402
83434
2805005
8593898
1461383
5386035
5707233
7889757
9217232
7705937
2950396
750511
9671185
4018783
5495678
1398171
4143551
2539075
739163
1052716
1073336
5462953
4999474
5378840
3965960
1095264
9245682
1577486
8708563
1357460
318420
9291391
4637340
7628154
5173791
9338293
9791960
1298004
300740
9495251
2955287
1319725
7609259
673534
1563557
5828915
754271
1367932
4008865
8184523
3757214
7126220
7947418
5808189
3773683
8340592
3271605
8425548
7789308
4707898
4725696
2900097
8770968
476370
8922172
878516
7450509
8202917
3724138
6042408
9672068
4922565
5827680
8563415
5597425
1049989
9464919
4521173
1874117
921227
8899323
1070105
3293
5811711
8402323
3505855
7161466
3322160
1844735
4848799
9848411
7425744
5996707
9467899
4674878
9417158
1324373
1981519
5001366
2343605
3237805
3412892
6639931
2032756
9683304
8663490
8718395
6808991
6964624
2418825
1600934
8716580
3997275
7069218
3929856
2392981
8469899
7616501
4907407
8687261
2594122
748267
4951434
4833600
2086317
6477779
5393426
2781224
946566
7903350
7469715
6651209
9747237
2156035
1837327
616462
3520102
9122918
8620034
5768352
4024027
4582742
3742122
1982839
2494245
2047949
5573046
8458653
2829238
6487775
1825756
1722784
2496908
9585556
2886370
105270
7426845
4296125
3234648
4903832
8460511
8407668
7143867
7330646
8226855
128664
2243674
9609293
5907220
2333797
4038243
3915792
1662820
2639275
3853623
3384419
8163012
5416584
3694972
7962250
5430980
3887993
3363050
2078194
8324712
181007
5777151
7625224
9670492
5161600
9888023
6310638
6313691
1299273
7818768
1343787
6706229
8819491
8855953
9906805
8102276
754531
3772086
5035936
2610129
3929341
2991319
587454
6524991
6162931
1149505
8009883
1095969
2045766
9019612
6775780
3002062
6652332
6109401
9500999
4459387
3237088
9454509
7585112
5308418
6364101
6569093
1941432
3435315
6293399
6510378
6820999
4290360
8391764
5430919
7754752
5558979
7200478
7777299
1589633
3678109
3730885
9644339
1051973
6955941
966863
9234686
1592271
3936460
4400939
1447887
4549061
5899455
2914827
4366969
8470026
8048319
3147617
5164790
7717129
381182
5902513
9208092
7075595
3357210
3856464
5420760
2730241
2377996
7232252
5339096
9252108
7125083
9042948
2866907
200527
8547655
456084
5526609
3435804
5800473
1437040
7955864
2252866
5533461
1855535
237846
4132891
7244397
8977070
9465306
3537582
2909308
1068162
5034812
5284050
3474582
9375838
1894198
7402640
9317532
5417911
4500283
7922410
5435319
2593335
5609355
4761809
6514846
4700713
6826298
1384996
540547
5846487
4311354
2730070
2493691
2663991
480555
1917332
8791288
7638154
6033877
2076767
1551052
6198324
4028581
9004935
6499919
2597521
2084568
5784376
212050
8604302
883009
5276844
6110012
5350216
8117101
9918330
6226871
554435
3540269
5488782
5696710
341527
2884108
8546238
9288912
6299778
326407
3592286
490113
8134753
5029104
4862412
5856095
6270619
7388096
6237829
174915
2915343
6234165
7223224
3400394
6923327
4598860
5314591
9841220
4117868
5099621
9836658
5810495
6682027
1041918
1088912
7043720
9131611
6767313
8526421
1054604
6892981
1242553
1735564
9466614
8726859
5805298
3892152
9994278
6758086
7804706
5755253
5025350
344227
8263012
5023886
7846161
9421468
2953122
1191350
4435748
7980388
412628
7951613
4269548
7243116
2212544
8988270
6610859
2058274
8148723
5734891
693797
7435507
146837
189415
1172980
7520542
4778151
2126015
3749543
7311935
6809579
1949687
9801265
8916271
7343909
9640538
7851243
8507027
7816803
3830756
1990500
1183845
6523650
8591036
3160121
7227301
2879155
6671995
6039042
3441043
8822688
4967825
8683333
2629912
3563346
7290267
7601761
3362146
4835183
1004277
7647133
1846868
1996091
3859302
1489239
7303090
5775801
1052837
589416
1943588
1709756
3262788
6086816
4743481
4324721
1604032
6569901
5316398
6332576
1420729
9870552
7436715
6503387
6937895
252689
9443779
4260331
3957306
5783722
6293950
677998
9926514
7853892
7799485
7045243
918619
368832
6019527
6140557
4031758
5054598
9466684
3844189
6666087
6743276
4463643
9191587
8519794
4161876
790376
3287273
1211218
9508027
7676072
4067823
2154300
491447
618666
1241379
7242940
5645507
4612170
1533351
7341726
9004546
6220779
1776614
2866787
2881518
7748269
6199941
3049893
8845358
1226818
7004890
9647147
894384
2232211
6614759
8157481
7701322
4366096
6788635
7636835
7207412
5814629
2420956
3002261
9045778
5738358
5768888
3651892
4257960
1864269
7308168
8195435
8583956
8176228
7060325
8211874
3991950
5669640
5040117
7850536
8873581
9375414
143077
600054
4278065
5554267
4268709
4902617
7903753
6900794
28583
5621987
7200066
2281555
6070233
3447994
4213949
9181625
5381561
1600106
3843768
3331556
3362820
7114249
1648256
5685877
7525221
691415
6513454
1982583
7913682
8880059
1309704
7688715
4593079
812601
6285959
992732
883602
7897214
7473364
6887092
8924149
8384100
295864
8973051
8308962
3505064
8628331
4059807
4297963
5082532
245959
8718013
5905483
1705827
9613433
6922415
9949519
8854026
5744163
2654888
2037063
8119285
1858151
5497451
1196985
1586462
3031457
1639826
1622966
2003602
8671990
4295100
841554
6020983
1967413
8673324
1685974
5119626
2455762
571740
7317221
621724
6915332
5670769
7004914
1402338
2684786
8542478
7250824
8493250
6749802
5511504
7995584
4519336
3321638
622753
8228923
5972941
5340334
6317960
2033844
6607993
495001
7160005
8220697
5680000
3043590
803442
580549
9999090
628539
9152079
5938941
7990303
659015
7005773
3527076
3822849
6238628
8764158
5878969
5338928
4321147
2828297
3531296
6723569
2701628
386391
3040003
3774882
940915
9590481
4773078
6800723
4535620
7611190
7137533
7743686
4816963
5463390
7577462
4144409
3345010
6972121
8279197
7181459
8529648
3114573
8501737
3331665
6145930
516215
5396903
3945866
7252839
1949177
8502997
567648
7728074
1196936
968010
483452
9788280
8706220
9188585
4529050
8759648
758037
2697434
3297700
2101335
2689919
9447277
3866119
4292487
261361
7984167
9506425
2517299
531085
1784932
7359790
2878727
3415399
2926483
7684402
2650914
4977575
5205418
2053613
2465107
3340053
8825731
7336609
7022305
429281
9336192
461264
2723129
2841132
9448785
9479540
5427730
4504034
3960634
8254177
5450667
405478
3762365
7304051
7162087
1247209
535397
920221
1991480
8810944
1601545
9936805
6053543
7368504
5183541
6669806
2585018
5825522
5225694
3095374
926658
2895340
1956941
563018
2765098
931376
4576129
9880229
2800729
2444978
7827453
986402
5929489
4637783
6640076
5089083
3202068
5766726
8130050
923
4487005
5441726
3675669
5097649
3088286
7247985
104996
9011670
3499664
3855375
2761446
1186037
3637100
4488514
1213674
9771504
7430605
3749235
6150526
9605584
5414441
7550823
8671795
3466462
3654509
8446974
1569932
1002417
54448
881519
6834537
5501393
5684142
9726402
967636
2978023
4667364
5095014
4240256
9279405
1627666
4596007
2062047
815485
943257
6099038
4246682
9051280
1878819
5932601
6799453
6318100
7654486
1476976
1340548
5405230
9604651
9250447
5814247
829296
1088155
3837759
3431149
12608
7540317
946666
7198695
663857
1990241
7235545
4078959
8087953
6486252
8203865
2984171
3778001
7244888
3697222
334117
3588490
6685266
5406917
276008
4096988
4842603
8638549
2662339
9310045
6452478
4642710
5979459
9580734
1975220
5329474
6242649
8389125
6716713
8502318
7316771
205132
1992123
9412755
723019
5774173
2467389
8571726
9431814
5540404
7664240
9841838
9670512
673165
5229561
2918093
6272983
3309792
838859
6779806
6929873
3793090
4240143
5950045
726847
1608956
8503174
888669
6458166
4733676
7566403
7598561
1146161
2085240
3132374
1566110
8121917
6498893
2695680
7769994
3711940
5592182
2867507
4098823
9698598
5504683
9209095
4893672
2803920
3690765
6171835
5901593
2453162
9180543
9503393
1968652
4258403
6529208
7306520
3556029
2274891
7268625
5498462
6486192
7327657
581174
6079566
8752256
7891516
4565978
9272355
7216823
1126413
8615579
2800922
9970910
1222002
2188942
138660
8060730
6974072
9103991
2485048
127773
3186077
2317638
4283318
3231642
4997258
2963139
3487925
7988151
4016793
1566684
3550327
7124051
4283101
1076635
8928610
7584412
9397586
885624
5280846
1059157
7965904
1331037
7929685
354607
4422361
4340918
3012142
3618182
2391765
203343
2060648
1312169
2381598
9199812
4103565
8513664
4057237
4304220
7116569
4996989
1910770
1230441
8301371
6943101
8438091
8463279
2275631
7320451
4225655
3270569
8564767
7779526
9833721
7740820
1750642
911452
3859358
8957677
6654495
3141591
3553963
4824928
1580263
3137971
9034772
3408848
8258195
5498767
392718
6856296
7258635
2977031
4385814
9149748
6629608
9421852
7499248
4772965
9047462
5870764
9349280
226211
3072128
104353
3029344
9737064
8534095
3226318
6399088
6770457
3402141
7991869
1734515
8436195
8167663
2767014
3957994
4424658
766337
7907898
1936825
9746674
5010208
6730875
3727539
8238
2391049
8311248
5730458
5436834
4583189
9488808
4121342
5253188
1587581
9941665
5628186
1933103
3864019
9948930
3579655
444511
8160269
3871091
9690353
4745222
1342075
2699314
3880344
4869666
1315679
4095403
3716233
335087
4247771
3413266
4833512
8841257
8213277
3756649
957260
2393162
7629031
6444817
7855404
5729239
6178216
6957127
226790
5524611
869934
691215
6147214
6589145
9018801
9135622
9004772
7096880
9186478
7555745
7455018
2292524
1651313
2650488
6930017
5330991
2490395
7135901
6236140
4499611
1184218
2119485
3253766
371489
8704596
4484461
2138281
6977905
4886558
9434321
1012060
8924113
9008165
3440353
1850810
4439235
5288446
9402174
4249463
3479076
9598867
813672
6930569
7812746
1692975
1698047
9401393
9425991
737234
6735183
3961345
3189609
728821
8596033
885925
8905545
5574429
7004905
7582737
8386949
7627110
6881225
8420644
270695
5884747
9527502
1251214
6823412
4444980
4903203
1020319
1679448
817649
4590950
7542593
6681834
9968923
4904208
9614026
2873820
8220783
1676047
6579317
6430035
2141003
9668031
4418881
9798859
2624556
5510711
3921576
7928838
7075691
5448275
3472221
6641443
7318198
7793688
366579
4962608
9371413
4254124
3582554
2021450
5233975
5411034
8855160
6983567
5213719
1022101
678378
4683383
5482612
9417999
908417
9996666
9955777
5520316
5625329
8807485
6729749
8413288
4599845
3918969
5336634
4805231
2571296
6492334
4029015
6166962
7947381
1034932
9801769
9084203
1336839
22
3217325
1654225
5397065
9585413
7551180
7120622
6310550
8240017
3586056
1836185
471719
961938
2577268
810056
7521819
5826471
7839036
8720434
610382
2827073
3847301
6388537
1752259
3800724
8535114
1098709
5370253
9713076
7543964
3329199
2114886
6363079
5992463
5763136
4792286
34326
9627030
9115554
4653651
4357605
2450592
747753
5430328
7963533
8896657
1637686
1368333
4090443
562635
4011501
2424408
7819779
4594449
4242907
2005352
5089083
9660474
3998988
7562283
1621377
2296648
963388
4440789
6787042
3916346
6145284
688386
2000081
4792667
2159651
972146
3874678
7392090
6291314
2628057
3874431
8011471
8468171
6807959
3702357
3169356
873542
1741059
2304150
2361190
7149630
5964947
9487582
9433399
8033571
5551887
9711932
2184715
6510485
1200288
4041456
1926368
3859607
7366898
5947860
5911310
3728252
8869725
962651
4155946
515051
4267133
322545
1274092
6168079
2852842
956607
6321112
7730742
9232799
1101108
382614
8472559
4298299
4129559
1931620
8456174
5647914
3910385
2417154
1140586
8177075
7558678
4700473
3260704
4871081
6317196
690875
6423154
4448011
3469377
4207871
3970137
8786010
7574938
5265130
2155076
70434
7445394
6453913
8214324
6866307
683486
1480656
678215
7456569
57387
4486599
8071650
8671647
7168969
7517331
2030479
8276882
48801
2361947
5310950
6334451
9470610
9350884
1136417
8796837
5939380
2436789
9512232
2911095
6546161
5640962
8224347
9263724
1603691
5999163
9043224
7774102
4179804
7691908
4106437
1344954
6666810
3792193
4945453
7311551
5872457
1740335
9179265
1834102
7842621
1558514
4471080
6497735
7388609
6488184
6586966
5865059
5031756
6581139
3311176
8870459
7103578
3525819
6443132
5257464
1278095
5343333
595587
2606531
9306350
7004425
2915251
8503445
2315994
3998789
3124824
249347
3489378
7379058
3111070
9831901
8849280
3260943
3785409
248109
7706508
2414982
6601444
2869206
7547334
5412682
6957813
3927150
4464507
3712837
1482959
4487285
8586734
925240
9340981
476441
5417638
5292487
6231870
3080524
9035674
2583911
6205652
8014692
4028225
8948591
5853840
1235208
2985968
4457776
922212
6205744
6839707
5593843
5276677
4191018
1126452
8860870
9210330
1567761
2470403
9901206
8214644
3473665
769035
7199496
6916334
126030
9803446
3259866
8606549
4569822
9790443
6894648
5449768
7067494
5368806
4295011
5872977
8650560
3306158
8264634
6367401
6114757
9791802
8847588
5237717
4960864
2846033
2166711
2561366
8037855
2040355
9501627
3990158
8069060
1336925
7230653
2610631
1678304
4990313
2219326
9373858
3722919
5554673
9726983
6922447
2867231
4148415
6190625
5041657
5704453
692739
2980695
731911
6924703
5408779
2048238
8796438
5423330
1972460
9820417
9379266
9576010
6519783
2027902
7897027
2017979
4174214
4208855
3497919
8132122
326822
9006239
9708738
6805948
3308819
8915014
2539664
7307452
8341886
458285
6664750
9984665
908769
4000930
4011537
2214564
5118678
4137369
2448247
2428200
6790726
6038431
1747264
191093
9238877
5639419
5071706
1620354
7557280
3526268
5544960
3011862
7272922
8674763
1247726
2014686
2980156
3438980
6867034
5214652
2005202
3104959
5973544
5752926
4149414
7673183
2927417
55147
4873249
3096118
4523933
1939286
1791390
7529199
5720252
2475835
5079775
2543687
7238535
2088258
3451191
9175050
4256213
5911818
9812013
2957800
6209538
8087904
9062583
8584735
7669385
9849987
9142868
3787506
3653469
9943666
6605178
1958213
8668393
9966886
1278151
1187448
2185862
3061419
2904202
6070546
7552347
7413038
2857126
6835269
8072581
9358139
2929495
7359983
3942214
5873669
1974170
7818373
1437359
5092848
6549269
5564647
1037863
9741736
5763918
6443249
828849
4263577
8108119
3240023
1973804
1461920
8357702
7029347
2256940
9575817
8514828
1035609
8121577
9833365
2020523
1492807
6733546
7190300
6988138
4550623
2493334
5438813
1449211
7894397
1830712
9438145
8004692
2157659
1707369
7568375
2780514
4793356
1759034
48048
6438612
9289816
5922676
1151668
8861636
864884
3167506
6522433
6775586
7087685
6279929
1890148
4222231
1439785
2388413
6320468
4732237
9098946
7361889
64386
1240536
1640430
1022871
5322440
3671178
2207851
5493527
9802422
1761847
2975122
5227568
5001877
1273325
7018325
7284098
7397589
8172051
7681882
8253256
2694077
5862076
739604
5674534
9878561
4624931
162937
3976925
2730219
4183038
7411292
5887949
7090206
4504450
6122303
3622277
733376
9844289
8410278
8356323
3574522
6964240
2896897
7579009
3691902
6165132
4478846
4777274
4810803
4927420
6879240
7160663
2206025
6023552
2149440
3033696
2875668
1665478
4453376
7654088
8806975
8904234
9457891
1709202
5244198
7292384
9172504
5689864
866400
1090180
2159587
8945350
4440880
5936592
823133
8194755
7287407
7294139
8663324
6953
2769225
6688906
672430
3969281
2896169
850772
2518384
3800387
554640
1551324
8589564
4678998
905642
7771630
1676281
1668394
8369554
9825428
6515965
7789929
9296444
8002167
9510849
4700717
1102829
6454022
4475656
8167778
6816711
5694690
4694180
3143221
9451795
5439624
801547
7028609
1419793
3671113
5539296
7203160
9521214
8285977
2567139
3977278
1731130
8890676
9891359
5237705
9525851
9493174
6818027
8427977
6511598
247823
6713801
6082108
7728970
4831308
774600
4540517
5636935
1420820
6028981
4482050
7670292
8016219
1126725
5629446
8747967
694234
4580544
9931743
3220137
6325067
934772
4306525
7900721
2127870
3839133
539117
4807635
6712505
4037239
2826792
680018
3125134
6683166
7799737
807054
1145720
3380863
9411833
5500894
7843881
5184063
1910975
251976
8421041
4967901
5072718
331711
8594731
2061741
4784767
8360311
3532633
555860
6065545
8330575
5667393
342824
8834187
9046433
3205351
4211775
4476658
6364255
9230250
3567697
2524917
9859312
5804787
6665103
5108109
7054640
5717134
412946
3365080
1976169
249825
2810146
4243131
9511336
9618064
4556017
9955517
8097431
6060984
454231
168465
9135134
875835
5723401
6497988
7485343
8223633
4210461
7295180
1403678
2143597
4084329
5419271
147875
5932411
3811214
9465514
5409114
7941578
439901
3466022
9054965
3139443
3233714
6967924
3530909
6882757
1032092
572305
5720311
4491474
7215714
7248651
6537255
8606155
733894
7199923
2668223
3027019
187232
7000862
7660895
3139357
2465528
3543173
3145545
8848570
518544
6452211
1789072
1019297
1517039
2566603
8368599
5619132
9488578
4738965
4351250
9993117
4522499
9398997
3102723
841816
2199968
7560045
1963294
3654587
4923838
1847946
6167731
6047390
6940676
8085826
4952530
2444646
3944732
8872344
492916
3342485
4944624
3037205
9275965
1221134
6434719
3791319
9031055
7464469
383973
2532885
4665277
229361
3774586
9571007
4414995
7955565
9607459
3317136
3523423
3788201
4866249
6193162
2237133
9879786
7593395
3496787
3194623
9346109
204339
8800421
6302418
6668025
540324
265072
7505548
5759621
4833368
982630
6479786
3339849
8597354
8395610
1085167
559906
9510561
397227
3053288
797116
307681
3493364
2801308
5371015
5168362
4077934
6646006
5974213
260434
6833445
4225866
2870539
5331583
9922572
2956553
4436311
4378730
215693
4461201
7665828
3394478
6200616
4599710
9947352
6989366
8725746
493512
9812396
6194630
8612482
8095819
187708
5478588
3688919
3581119
3489009
8655668
5420574
4233130
3190556
8411094
9963451
2048520
8774809
6188301
1836255
4438278
5604648
8914875
3198651
5551171
6853716
2734865
8044090
4993088
3215245
5334332
6320604
8446729
1193433
1141936
3792848
7246528
3709432
4186278
6563809
4153222
8615713
418601
1808549
8442147
6432855
7770704
674578
7621993
8431070
8154312
16034
5734949
9283247
1571175
3659563
2233323
128721
2250526
9942254
6614908
5963893
348302
8317964
7860225
9131642
5522287
2561986
1248266
1763644
182144
2027803
3301346
526222
2700833
6000798
2518461
9523894
2582686
2489703
6861317
4431192
2217117
9252031
8557641
661183
9629257
9817877
8386685
9853559
2445141
8586353
4452932
5562788
9730274
395368
5619128
4792359
3236410
7303799
7151000
4361548
1920851
8076846
5596114
5547295
7427596
2567162
3612315
3171242
2034621
6188812
2532018
981382
1826804
5800396
553083
4905229
6979066
3647963
7676817
1486494
4640624
9690936
1895354
9412473
2861540
9314664
1708171
4443426
6209651
2499195
1290832
1726590
2182175
8313441
3744451
3092012
7963111
647865
1442588
664184
3944537
3077412
9108133
1221381
5761473
3988801
17695
1334864
7084163
6813167
1033599
2636833
8855110
1382014
5992699
9457086
1516068
1349550
3501608
7206831
9244544
5987243
5167639
6419212
5609832
7676203
7562029
5377225
3691241
1040557
3589630
1421348
9395818
5180524
51109
1704408
8349276
8876797
8324186
6784411
6160999
2361690
928179
3287404
9529999
6959513
2499053
6050796
9834302
8456835
9484039
3832500
9058274
9704958
6817075
8007850
5502633
3052071
2323636
671853
5149909
1694696
6613217
680133
3638706
5158403
3160879
8473467
3432485
6959502
7489600
2078048
8929422
9933740
1339832
2688733
123979
3707962
6831635
3532691
8335882
4315718
6217544
1352271
9438550
9567263
7338182
255429
5709562
4925879
3497218
7784622
2345323
9999380
2985002
6793472
2604679
5111744
3660819
6947882
9875725
28314
6949505
3479684
5330252
7957167
9723020
4809040
57880
7065568
4223599
7426923
6554179
4618311
8417524
3267230
1153700
2056849
5560075
6508727
23787
9976433
3778609
2155909
5426527
3665899
4371464
4291430
2701451
8226447
1436524
1321997
4633061
1082003
5275167
7924670
8243718
5725397
4328374
5931797
233560
1557117
3440426
6477595
7062141
4787082
7000057
999848
4769875
860512
3833225
9130497
1712651
699448
2070532
9612837
2207611
1933401
1794787
3197883
4004723
272594
1273997
5990647
8915426
6342244
2691211
2786248
9945093
3574423
6051871
8174331
2113443
6120255
3421776
6704858
4284980
8311437
7346029
9758654
6557711
1317316
5077179
887884
5235804
1594928
8519784
1750170
6447261
1184860
6303986
1997378
4134052
2342933
8737780
6148844
7111930
6014789
2016243
8475480
1347538
3900691
6362707
3886189
452773
6956345
5785757
3485891
6251437
5889433
2777853
480107
7104985
2548318
8262504
2617969
6988723
2006871
3472360
5430555
6398207
1627615
4016820
4674291
7712526
1720596
211890
3949516
3906032
8987812
4289729
4317832
3034567
1255783
1570590
6958878
9514130
5961554
7358880
443265
5111360
3933800
6572410
3743949
7513806
2927517
437890
7901098
4249339
9151371
5332073
7680410
7595908
8386600
1157130
251298
7225517
640892
5398135
6959100
318965
5734017
3692001
5238579
8844162
3842834
2672990
6277407
6513197
2155924
6357277
8756209
8339273
5049477
1695358
3177872
5704639
687430
4708938
97593
8804207
1977740
331469
5541956
2251127
2223527
3721289
8369819
1431311
6439262
824173
9279002
1922656
9974436
6205347
9962236
5716039
7184703
8900163
4982895
2173979
6133887
7704779
8385342
1233532
7266160
738169
2791072
5647022
8440946
8286191
5617404
9968486
4501016
3032012
2607011
6622187
3130673
5284408
2486649
8865197
3640937
405720
9668581
7194818
7888466
9153224
899348
3554782
6350265
1237349
3389620
3605094
1255982
17729
3135419
6143304
1078860
3743250
5150439
2163359
1048872
3003975
6696741
2286448
7014403
6669206
7056929
5891032
2574530
4324399
8850034
6338136
926819
9279111
9062255
2052052
6839182
1662154
2943392
6439613
3254716
2186742
4929299
5533276
6985664
7667932
4888449
6318907
3940395
7892179
1484743
9368430
7597059
1403836
4862475
9369131
4276222
9881131
4419051
2797769
1262045
1040312
7843551
8964575
2452942
8278540
1724866
4363142
4496441
8383615
8056441
1493007
9475634
3384547
8412014
8284802
7375024
9531863
3190687
5715357
5175895
138645
9716387
2576674
4431662
4068183
3107743
2695397
5456872
560
556821
3104849
1124146
9626331
7035625
1376262
816406
2002644
254368
1277208
5679787
3814720
770750
9691841
7652123
5644966
1841738
531908
6631613
8494938
5793198
4268648
546356
2390962
5692801
5463321
6628338
5564861
8922210
3687939
8538997
3301764
3668613
3654004
9959438
5489797
1468796
2229482
8972901
827086
6199253
7881710
3766199
8205970
4763412
6593349
3558372
6209808
3304440
8381154
3977220
3473514
6328883
8884385
275577
321885
6235163
128652
8505864
4128369
6550772
3201419
375749
3907389
3838927
2856636
2268176
1141947
9221989
168944
7726653
714061
2363611
2326654
7859258
3698207
1991559
4495187
985480
4642736
631212
5160554
2649242
7760004
2273868
621496
297306
9799366
200027
1709146
8381525
759051
9262140
6079734
1165651
6386040
4624726
6717501
8609356
9430560
4195961
798119
1857467
3796371
5301357
4358828
6752239
1231371
5770805
8793195
918224
257313
568737
2763237
6058087
4754039
7216932
9006600
1688040
2701801
4386868
7474133
3353270
8310054
1375249
1137095
2635244
8002854
993888
7800396
6990881
456645
393757
3231373
3948928
5925809
4007627
8401481
7715060
8660559
8091705
4243954
2392352
2659499
2187966
3667615
8519915
5044753
6855194
8936942
5712588
5847238
8977425
9987904
2010145
7884639
8169331
5293833
3893268
4468711
6277234
6736997
5122423
6606036
6242369
2800858
7061808
824182
8542490
2213712
1073044
4637867
4036717
2346827
8341111
3969612
8528126
3252135
5139533
3763653
9356183
4747363
2023697
8310983
1886408
9461750
9221239
2802489
1810703
5463364
2375238
4142165
2985787
9166604
9445367
671880
4106118
3534793
463949
367496
443469
6027889
2046246
7428315
1242015
6844795
1443742
2093970
3335720
9678837
3508267
3548556
1500743
7870275
3280806
8033065
1540285
8778930
9118292
5704927
3278742
137695
8237008
5662138
6095081
1273463
8996349
6346401
6436813
3205419
8896244
7208493
7987209
4301662
5754051
6598884
4000148
6243509
1004225
9421519
4278365
596368
4981275
8620441
8257780
9680099
9489413
9114153
5799405
8994421
1961861
2160600
8214479
3617323
5973909
4257862
694776
3816683
7914292
146850
4758927
3520955
5844646
8882391
7723069
7488074
9293511
4751417
8598329
7777597
4143924
22229
2362385
3838162
4892695
1154190
7365959
6771679
3880964
9230846
4740908
8773297
3834647
9971521
3124911
2394240
7181187
757893
5306892
7117119
8938671
967306
5797881
595950
6189905
2804365
3008803
6479616
9594883
7942603
5423441
5745799
7566164
185853
7492344
5820612
6099151
5604908
835969
1407823
8681246
1563379
5558498
6121150
3570627
2379237
1689239
1902249
1423322
6177805
8693588
6960887
6138306
6672751
5003919
9265598
3100012
3638735
8435875
6252669
8151143
5320437
1162992
4691383
9811881
3393094
3963752
9360451
7772135
6763942
982244
7743179
6495436
7247693
5674944
9896804
9200556
2393204
511151
8456831
6762993
6666230
707630
2643952
8645874
471458
249116
8991687
1045224
4745097
9582541
847892
4455561
9201962
1131862
5435728
4297442
6604054
3477325
6775401
7115269
5533242
834088
3471697
4429232
8870679
6860279
8624823
5710650
9123870
468902
6943609
5405589
1833777
7682514
4923506
3950077
5710608
4613388
443327
8402498
3110578
2791974
2299050
2079862
7173687
6885644
505053
8684925
5712853
2067137
5753318
7878849
2686207
2772038
3976509
841052
4256873
4141491
3560162
1118917
9571762
8260519
611932
6906791
4703107
4676905
2738895
8503004
1289634
4586962
6847933
4799386
7739713
3891347
5440616
1483772
9438398
5378768
4253436
2770861
3101802
9098315
4093346
5817235
160842
1556326
3814425
6359117
8041793
6728747
7962239
8099544
6740096
2246495
8383174
3229532
6334233
9206558
6054858
8382313
3115193
6956412
3717043
9045835
5603491
6132672
1435671
8147330
4644721
5354439
6375879
853622
6266940
9570284
224988
1092464
2795883
2900542
4079327
3463502
4793559
4834981
1154895
9209427
4820579
5222989
3622755
2235837
3200458
7551215
7304153
1325129
9863036
3696230
3529359
2256606
6006292
7772941
1813434
6329580
2364909
9791120
5891672
3325543
1351172
4635993
3901725
5785160
4744600
8439392
8358054
3754840
5182385
7377163
174404
2829385
7729287
1179115
1860615
3446657
4874399
5956256
6554810
935880
5371942
7753292
8031064
3621825
219798
3586155
3636329
2213000
6793982
8790894
9041022
5599167
4410344
5024997
9372181
1923105
6569633
202317
4339071
203567
7596927
2527282
1788136
5560445
614465
5049558
6184097
2677200
2005218
3305031
8235745
1991636
9735633
195627
4285585
3440500
9355144
1913880
9617280
5929972
3160279
4916513
2614126
282524
9528852
2648177
133050
9286178
4642553
9399920
5693304
5004641
107765
579925
1482656
8848330
3762205
2229576
1235444
4361974
3226564
4748381
9879280
4806871
2178792
8659817
449525
455403
8710032
5437140
4077153
5222409
5030932
7556745
3652215
9145656
3909050
3452560
3198355
8054692
5019842
8990871
8828290
8232873
5077788
2210746
6320554
8825989
8409192
3373011
1941465
1614098
7241292
4342603
3717295
86417
9477044
5521467
145613
6076051
4567632
5636928
8654820
9943158
6291671
6930953
7934972
7510553
1034903
3939319
3617902
5300449
6985217
5662462
2364953
2091581
3793598
4212308
644721
3088647
5827412
6718425
9929723
903825
3492092
5641611
5517619
7711867
7381158
7312907
1512154
3465028
7382511
8902010
4732938
6729256
4209995
8170628
8252791
4532011
18722
8668533
8983364
209402
9470370
9131299
6279264
2416163
8153184
5067415
6038263
3889982
3187211
8996890
131353
2193437
3164526
447248
1443843
3381295
5857562
3848772
1721442
9054136
420581
4539979
9517049
8562785
657993
7648753
3425232
5535912
5703314
4604057
9948856
4784664
3024225
233309
55750
246668
6619030
6534843
3375304
7279668
3347286
9986060
2179740
7798574
3987208
4805093
8754349
7072782
6073646
8907996
5339650
6455802
9011603
812643
8957519
8144919
508568
7966627
5121798
4130526
3754622
5328515
6788232
2150635
3996331
4125690
2753932
8572031
3953613
1613548
2695273
8270258
4631195
6115172
4317981
3563637
3542434
4598599
1411025
1063058
8022758
8305050
3190454
1799326
436011
9793495
8594331
3168183
6871279
6970556
6269357
9855504
505768
5530546
8985657
45814
2364524
9169026
4780917
42922
3890887
777435
7080353
2368309
6934926
6548112
8084612
2782787
2113364
6909394
2051230
5472554
6152938
3538479
4175132
8822786
3347249
3446760
5445243
6191236
3408441
5164430
2826886
967387
9807598
5013671
8885297
4930385
7804866
8507745
7776845
7017786
399921
6760891
7255354
5789245
9318643
6197875
4984657
6612491
3028894
8022515
3885075
1871492
4626622
7759173
7619097
235587
2898212
5260355
3945656
9713689
4368435
4065706
9296535
482752
3325548
8035332
246095
7057458
1865123
1661348
6405827
4794045
3954331
1027157
9196171
4684822
9804138
871125
6903765
5752882
828967
3993660
9648409
6051127
7163463
1246271
8097424
8796776
5723581
7201265
247418
7249108
5238042
1521474
7383625
9596144
1180246
1137797
8111603
2878976
5360745
2965169
5362502
51812
5763366
4511966
6048693
9386632
317853
6083977
9214135
7689159
5932855
9365760
9176732
9745027
393077
3919504
3645696
7059206
223775
6412453
5411182
7196666
2347680
4169596
8706974
6973117
4405127
8913328
9915409
4138459
6474761
7996890
2659224
6819984
2884271
1422031
7060905
5037654
5908458
350796
7317813
30504
5390670
5504512
8847197
8529928
4825373
7078737
7729800
1971864
7222505
8184748
1621348
4463063
8897093
4946352
2962011
3714731
9095181
7000341
1621638
1039765
1235100
6200478
9967867
6136027
5232715
1438675
2576403
6682181
2274335
2548885
1947512
2352794
47724
525058
6069271
3538442
6348810
4407313
478010
7231711
5836326
8774206
9516925
3619808
9846693
8678059
43478
9298779
3499832
3616380
7276933
3980262
7526733
5284666
7716098
8560422
4074459
5110264
5449954
7476406
5024299
8597509
2088094
4909613
1548737
9061626
124587
994831
1877888
1909607
3108599
9530917
7013293
5637586
8826052
560900
2816847
1154499
6846972
8579017
7074209
3940173
3746804
1077935
3368159
1617542
85433
4699530
7006987
6998815
6583958
8577260
6046727
8593171
7823459
2902622
9306353
1683838
4458667
384523
7698216
7534557
391652
4247669
884056
2737524
973333
3147373
937138
8012730
1871823
5419029
1183126
4575667
3812598
6126279
5896271
5391654
1501637
5954267
2032818
7525087
824632
6579195
1115958
4595580
4475275
261263
4365947
5103327
625827
4522638
3096500
3534654
9215173
847178
3680440
4952019
8680843
2209218
4995945
7018078
7079076
8940101
5200941
6325605
5825540
4845536
4533611
4597448
568586
7025128
8017165
3016469
1922217
4571336
475041
7331723
2928122
4011468
4523595
3336238
6950656
5610573
335283
2161428
9346075
7184173
1148691
1680634
750753
2787333
5181491
6240107
3494970
9724512
9196934
9679321
4501765
3718162
8945736
6167179
1872471
5086317
5221789
1757150
6481362
4788510
6166373
774755
4213814
5898161
6205740
7923249
9394674
3640838
1464485
1546009
5187299
8610908
9056620
886191
5961186
4437527
4069988
717684
2035768
1861478
8492064
1026001
9966900
6142440
2475052
832495
5405654
6736288
694160
2853765
1298084
4903455
9475921
3178490
6363868
9657901
2119941
4517256
4679762
8371143
6878564
4443269
4926813
1097252
3404058
1158000
4058493
3164710
5647121
7861203
1490371
8713971
9737625
3328364
5427221
5466209
5161491
9275670
7355934
8954664
2346662
1752432
9698027
8688447
2117044
6237554
7859997
7543282
232993
1003521
5282382
1772166
74910
1517296
3075946
8074034
2486224
3902486
1434198
3663119
5872449
5625065
424130
1739301
8400951
920203
2235387
3393671
666232
1224186
2905113
5596495
5624568
6841760
2064284
6988046
5453106
5485781
4581682
1033285
1842668
9836224
6134940
7168595
7358084
7128263
4464387
330629
409556
4003989
9029120
1211212
8250947
5583913
5928955
6677363
8435252
2592592
7823623
761516
8783637
7619044
6286283
5145711
4880119
6106024
2333573
5575643
9993583
7525947
9430051
1963353
6553962
6342200
6712906
9137547
1226039
2345816
4812479
7452444
5153834
8755043
3776015
7193178
256144
3838165
659506
2531314
5061226
9293032
1402734
6136068
420011
4150560
6529293
7847340
7129538
727397
6975339
2505848
1951576
9158868
3167619
7597221
1073506
768871
4579399
9594860
8234687
3872525
8552797
7687114
197169
4284540
8525533
4222224
9210711
4230012
4259078
5757042
2717228
9106902
6307684
1164017
1713469
296177
6268149
9216772
994704
4099888
934558
9348497
6661614
4083125
6345347
5594861
3195633
4555138
2118163
3000576
8340625
9270123
8683608
5817629
6172995
7100386
7638272
1758320
1516563
6746734
4825891
8101279
3173547
3156076
5915984
2625520
3557051
3534205
1595951
3400871
4188743
783138
2184628
3960878
5823800
1591674
4034892
6644382
9020984
2289182
3921361
6764060
5350825
7127487
1554366
9112126
3911877
488361
5015081
9104948
5173513
4455388
1191806
6860944
8035436
7911464
2280775
9361274
8955947
9417304
2621957
6454266
9054157
4447333
2079698
3056010
4507229
585325
6250144
1640413
8698606
5933
1543525
7312135
3102768
6154243
174916
2186094
6692180
4947029
9442896
1590506
862721
6267528
1228352
951948
7329139
3849851
61288
1007328
4300343
9024035
1387080
4273849
7558896
881967
9125277
3238085
6884267
6957097
3122454
484164
3651692
823681
1278421
759044
4377820
7370048
933929
3942811
2917757
1914281
9357516
7975499
5042945
4492962
458490
861710
5875775
7310382
9074474
8032078
4746683
2228767
5189852
1724275
215434
1674608
5935635
723685
3977944
5846874
6332430
5089439
9595542
7931019
3185329
9473498
752454
7224644
9437093
6782133
6655039
2762193
546084
6321877
9295609
8246463
3421569
3699363
542185
108694
9261668
5692634
4900188
2460062
3929245
4977344
7380732
4032021
3020472
5517332
2341825
4677203
8698528
2635826
5740516
6120956
7314908
1674250
6582226
901742
6375722
7122056
3953384
5105458
2085058
7697651
9877523
6023025
1389856
8207427
5163187
7716973
2656744
8743585
7055459
4862584
4049068
881252
7585864
8693339
6371402
6155108
6615266
4366155
1799435
7370519
3001425
5604930
7669597
2667016
2336254
776934
6894002
3426700
5715850
4886448
6429313
6265131
6385856
1122056
5655936
6492516
9059023
6170870
975326
448316
4360015
5950626
1379490
5474121
3241034
1145947
9303437
7362945
602649
3604585
5633006
5249859
8358301
4028702
6014384
6706987
5173671
8608474
7665317
8079230
4298638
7861466
3666976
3218661
9473919
67799
7041880
582577
4152530
7190359
4911712
5528676
4429192
8466862
5490278
8937690
2293905
1256817
3309558
9970020
9536900
6349974
6829572
288587
131747
922781
9841979
5171711
4038388
3976959
5067700
1169601
2773697
361745
3303341
3173883
6627003
2849544
5122401
9168070
7967367
4627191
6171587
1060280
3645384
526972
3808504
9015617
6300774
6388964
1455923
3692685
4217001
2583980
1994327
3055513
6631742
8619028
1167517
191165
2351276
3246245
1375583
286759
833249
4672791
4404318
7350970
3689825
4378894
9240331
2389276
4155945
2128036
575403
2758736
8902685
2677790
2195280
8705449
1538024
6490650
1438375
5432385
3896865
3493327
6530470
8858298
5367449
5639308
8855107
3985411
5832028
9191531
6422364
3209025
4526491
2751332
8283208
3238482
5332197
9486508
8324147
5860475
6822715
4228080
691046
8346004
7220790
2691775
2265397
2195692
2698146
6010341
516855
782376
1080364
5080141
1216656
4987061
4704047
1762508
6665489
7444213
8512606
158365
5301859
1712584
792989
2174302
4080116
8699399
3801971
1669671
5885788
7497145
9301096
8832650
5399804
2156545
2510815
3661871
8916497
7395607
6416058
2873051
1896325
4775457
9028216
5329530
2008417
6330041
4947019
2333359
3271434
6019637
2198630
4189970
1205706
9116938
2811996
9901703
445192
8313348
7283945
874343
4657034
5025748
7984560
2633356
5724802
6982026
4148212
3798791
5369964
7645922
7819783
6358880
4532088
6146943
2381258
8992691
9144531
9152571
6183159
3711981
6758862
1246186
3878760
9476492
9438785
3043355
453294
8019801
4928902
1787217
6168503
5413391
3644688
9502475
1437279
1840526
8117808
7302672
9087777
595635
5856526
5621822
8231499
9472868
978939
3352277
5908351
7595831
360124
8439078
3349119
1061758
5974033
2337719
1589135
4284196
9012215
6128194
3184225
7791196
9365837
4758521
9287758
923685
4966669
7352145
4530918
3687214
9071111
8309880
4304900
3784127
4277632
3925814
1400548
5863876
1807103
1890119
3535205
1744923
4728837
1744582
9329484
6022693
8941342
4765941
2087949
5467758
2424654
1607492
5190213
171490
586120
8050758
4755167
9107018
7237309
5292930
5652545
2416787
9660740
9225213
2310704
5636183
4362093
5495060
7270227
3516145
1125501
1521551
648899
6986144
4642427
682113
316444
9685721
4929524
2919817
2527025
2981464
4749361
5398995
9305736
2801991
9703638
4831456
681097
4049958
3527007
5522075
6417962
8883261
1179416
9368249
62252
2852788
1341518
1230429
8377657
1187988
1662318
4821472
9480117
7909971
4187293
1989085
7202314
673500
3308634
6273805
9778965
4524848
512476
1535537
198897
2508104
7356072
5897554
2320578
9885846
2302735
2657802
8841908
310874
3758246
6373340
8853821
3054291
5547153
2045842
8189559
6963066
9633390
8593063
5799173
6256903
5444028
4814114
6487376
1104615
4904907
9181856
1371364
1968465
4578740
3899562
2764079
3814548
1348660
246048
8716256
1341876
8129642
8781708
1520494
9146720
8996162
7140292
382495
6608777
3461131
9563642
8792505
9043422
9399217
809943
5691468
3268718
8333275
2879752
8671441
648195
724647
4292210
5396691
177691
5688644
3893944
1678846
3694994
780732
8347107
4061710
7374553
7941960
3324050
4083522
3700411
7268147
6923750
9123243
8369959
9696264
2330834
6005140
1137973
7733133
984761
6987870
8144052
4312573
7300363
9870228
7567346
1071716
6532939
218535
592869
6919632
2219019
9857619
4491624
3819323
6294456
5299405
8897742
1098361
3950785
1360689
4451977
7341344
4359822
3863113
2955744
8795433
3425709
6275510
4566943
3652190
2535538
3952084
1764244
9930470
6658906
3057037
6665474
4196948
1269565
1638267
5557101
1217068
7692736
1495388
4526811
373209
607800
8206316
95574
5963737
5956327
1353073
4961779
8161067
7629888
7994976
895337
9273309
8552871
3082231
8335031
2051505
6153640
2489021
1730605
335464
6979045
6763730
9804514
9575912
458304
7735607
5086889
9591129
5664015
4652131
2279677
8458459
7866008
1970044
6156169
27634
2866926
6573552
9673921
6397774
8028027
2032528
2177503
805649
4063168
8473819
9689891
4332037
8036809
5616469
7858905
6267755
9935527
9124839
1721181
1750696
9843856
801012
9051382
739692
8524386
2700957
5572767
7447344
4876545
3999255
4903194
3181532
3818391
3698370
6564554
5171390
5715591
5225798
5253484
6288522
2025064
6246981
1670611
391881
71646
59117
1113985
553059
3077160
7593998
772500
943017
972492
8807593
3584079
7793846
8260881
8534988
4089040
2426299
4221304
7221023
1915443
1535603
5459557
8327610
8824325
6427194
7650466
3166773
187754
9988887
4527216
9365776
8162662
4437056
4451219
9967177
3861980
1196221
8268319
5994194
9412168
4667365
8517163
4504235
265162
3911594
2815166
2433843
4286455
8267682
6039658
1828490
9306957
9718374
1479446
1897227
7691736
4074542
3860934
7552897
1627223
7355596
5931755
7478184
4765429
5931491
456158
852886
6683017
9724862
7938294
5387426
2685270
6067262
5763496
1935673
248758
9574906
7355048
6443548
3399947
566836
4422131
2377602
2439709
5871487
8300491
7449640
3323702
4624252
2419320
6315434
4407972
5632343
7038605
9558832
9243316
6431604
5042474
2561717
259269
858254
8678552
2411888
590902
2972485
7166288
7496933
1923917
8928468
5870995
4524187
6202796
2521956
8128114
9637363
2918554
5104370
9994451
3821135
1441107
4812360
2798593
5588607
6723315
4827684
2997437
5514607
7835234
4956465
3000059
5031921
3095511
4185832
6692038
926604
3627061
8221258
7757078
4111100
8969946
1776240
8751725
800453
5915052
6282749
6700914
5616849
635133
6021634
2230126
3537827
5876253
6841709
3314512
3714968
5400424
7332621
327818
2141048
9063017
9825281
1328146
4984154
9519898
461081
2101643
8895969
1982231
7173042
7611548
7510929
827089
7327565
1414817
6697502
4052550
3832600
5162875
7706517
8341967
1478310
4507144
9766534
6212283
5515613
8211792
1388698
7920516
5704775
7456415
533109
2943394
2995006
305765
134911
3895043
4495294
2979413
4834313
3254813
3475679
7408405
7912568
1518389
5056432
2534362
4450045
36135
5070070
41541
9602526
891258
2824935
3825905
8757063
6907223
6934065
9350586
5171315
