6747493
8880362
3144070
4062282
9090075
4583665
1293530
1837123
9289750
184423
6052817
1757240
1057993
7729377
3232710
492941
6884564
7193041
7071277
5954533
3707943
4263198
5889664
9108997
8664911
6211578
8838062
2207899
7525341
3327567
8085733
5023310
8570042
6636083
8452279
2506626
7617869
4967597
6558047
9413195
8392030
9560239
3910755
7893727
3486834
6046747
8045575
5594996
6005543
9671769
365358
627164
4749963
824447
2727883
6005241
7322752
9562063
5859215
2859863
4191894
8771666
4046579
1023798
8179872
3066243
3712715
1817860
1804768
2168177
9512906
9341559
6996104
4425519
144127
1511029
5849640
6494402
5591111
6501039
2305099
3549831
2860830
1669343
1529330
2136621
8194546
8125765
7162556
5923973
2467288
6737968
2739979
9375612
9046962
876645
1170527
34184
7309276
4710208
5452164
9922048
1091152
4827655
7476328
7864751
170466
7663399
7473193
3949723
3912328
2428847
1196943
6939728
1542984
5834192
8288580
4881556
8970664
7176130
2711821
6670492
7100274
1673330
9353741
6431362
7092244
927877
9509646
8560413
5489616
7748083
888107
548757
8178953
3683808
7270351
8794996
1246967
3204479
6083316
7285772
3014943
2050455
1637700
5281475
9523375
659601
2772118
350736
4606722
2490412
8982572
9757165
991121
6802682
4402004
4377010
1044655
6621589
2134407
8945299
7461190
3162390
3327882
8624203
1075539
4454444
5809057
1015979
986165
6979935
3282914
3598476
374055
8431488
7218184
1274045
2996834
9594755
142329
950698
1159938
6084029
5181138
5950746
5304092
8013501
2996567
6136780
8166357
8368342
7558516
694757
9482202
7508682
6052877
2980258
2299853
9458819
1116156
1259869
5413955
9373113
8411633
3647378
1250064
7495360
5423131
608508
7179353
3885627
3733935
7032266
6277404
4282512
1524121
6086529
3461465
74636
8068415
6477222
3241857
9129507
8005507
6806512
6655928
6000946
6561381
1574311
9693315
523350
5592830
1651059
8855063
9236223
4502351
9210575
7041337
9485240
2315038
521742
3123284
1990716
9985542
4702830
9342720
3577245
9462043
3330795
9280202
3111045
8602298
3533440
3572677
3638807
2436049
5845934
2305360
112684
9926570
6141266
6762818
934936
8418734
9256719
6388211
2604839
1678332
3621987
8718254
19343
2632300
6956621
2600715
2713067
670549
2892237
3340940
3938633
3649251
4700712
4291924
5623594
2437407
7172262
1579806
2661634
7114299
8542298
1094153
6011523
1675220
5264905
7332
4168745
8691865
9973557
1704495
7763433
7456349
2213916
8174048
9738377
4342905
5656130
8182615
2030797
562977
1398795
9737704
6832342
1605185
2884374
9275684
6162492
990669
425528
3200983
8823618
1349861
699720
9295854
8218248
1597372
3406153
997660
3303792
4836399
8860651
3012030
3227910
8937025
4390379
7839377
6563046
6221466
6650019
9006317
3063698
4265891
1018708
9500822
1547920
1110068
3899669
6190791
9392571
8364553
3876787
6316278
4036969
2567044
9316612
3897738
1024749
422115
4473318
4658238
973729
1983210
2675950
7118998
2967755
4411015
7600452
8913053
8493735
4291393
6499453
4088242
5478186
4010223
193536
8664551
3902274
6578624
2265216
4519165
1661783
7049336
5153564
3870343
6031318
4306446
1533795
4594905
2389961
4517971
443453
2832657
4702438
100558
5164214
5591608
219660
5959152
2227259
1883439
9015329
2143042
8561031
8929407
9204042
7382914
9621539
1593551
1834950
6104638
9721752
2537108
9113998
9175133
8924324
583309
7059592
174524
827039
1457549
1972017
3326063
2750099
1165141
9243209
3818359
8053961
1378063
7958443
2461244
2161290
6752778
9061227
6272034
5116311
2725404
9648320
2863569
9820612
6461220
6125631
9902788
9363472
1945962
2765816
9330465
1354124
7045799
9448415
5909300
5043256
6456316
8127995
3481893
3076231
9805497
2087516
917024
2069552
8044898
4699717
6608303
8495240
6385679
8551930
1345362
9309296
3386441
2283021
1182852
1878311
253554
4396057
142161
6902043
2859450
2763330
1494567
8490094
2892009
2431225
1578214
8627545
239699
9013442
7233446
781704
3385556
4887218
7668033
7464224
9807850
7341273
439828
8097219
2151090
6404720
9189322
5086395
473575
4936295
3115060
8872479
1536783
5696533
3357008
7052068
4470167
8903838
9943409
7041514
9601170
4691582
2951384
5039313
7674209
7454210
8234873
3121160
779917
9610227
3175419
6379358
2861306
8376986
9574615
20952
8119281
5196265
3385044
8867011
4119331
3156979
8438888
9956165
2524494
7173851
5622806
8242342
9120741
5026352
2555851
6503479
8894321
878950
4125436
1612326
659537
5842400
587433
9303455
5694337
1073785
560570
3939502
9211150
1949628
4658254
2939844
7007994
1265609
8833080
9221472
9640801
4037528
7816227
7891139
4619305
6143671
4052246
15761
8220317
244487
5002133
132030
7728643
3691908
9324506
796487
2531614
7454976
6278993
578656
7905466
4462071
3990591
5135933
9175888
8277108
3101127
5241490
7081192
3884405
8093233
8968437
3482686
1633473
291972
1585028
1930845
2646147
2956304
3714614
5636650
5616305
5238808
8946281
8044185
677780
7014112
8315122
7987341
2778970
682268
9512147
667604
4078301
8052972
7331409
8943212
9799999
2946244
7978147
1933241
4202744
1468977
1666584
1749431
3963515
4021331
3075654
648823
8289751
1030469
9480445
2682080
3277330
6001494
3459142
9739481
1873809
7236782
7386787
3422568
2869445
1495368
2629719
9426351
1133308
2724306
2969783
1690398
2200499
4850732
5945350
2091905
6453036
8372038
8515488
6415879
1977451
35826
7086637
3291144
6953805
169653
3184411
1454225
598284
6090624
4462362
8003160
2794860
1960295
6586891
3106954
1683777
6365228
2993017
681227
8547344
7536114
980015
4090429
1347324
7586802
5068112
8220829
6195853
3660186
596700
7970753
7725642
7668489
8664342
247892
6308493
7892292
2500198
7534410
3301538
7216412
1492038
8029200
4268747
4185422
4489492
440991
3902546
6252674
1782240
3003117
3222013
1523340
5545239
3482206
2078039
7343951
3951398
29550
9084288
1614664
4374168
5522792
5406011
3487912
3150176
1447038
1436155
7305945
9677232
4089770
7418068
4878777
7361084
7144554
9969922
6050892
705758
1996141
348631
5212836
6718444
3580091
7358142
2873780
2246335
4060223
7826429
2550954
4468055
7290386
2255613
2927373
6866911
9952607
4359013
6588404
7999021
9562342
8504355
7332395
1973323
5753600
33446
1436995
2233255
1570823
6177078
7761919
3566033
9319269
324024
6467521
7060254
8305598
3282998
2893372
9153263
2979522
7617423
6656778
9740464
5668394
7640186
2776151
9562113
1119427
1748299
4869149
2212238
2836277
4797728
6268739
5727561
7362223
4116972
2284184
9641996
5761194
8348500
463556
2464387
2126787
2095557
754488
3317848
3723965
9940013
3165188
280994
278015
8984878
1708895
4299219
410936
3251344
9396467
3229359
9275223
3306451
7204233
5579954
4697672
677033
3303044
7977112
6986721
1007604
9949555
7284282
7767419
4370711
8508385
5879508
5285677
1643977
5739851
8344174
9117795
3810254
5233087
6335018
6614825
4500072
2332120
5989152
788331
4019500
604831
1638792
7381405
455186
4721571
7517522
7957806
5091686
9468260
5234946
1389291
4082480
8835865
9561058
9719702
3599521
1542337
5443123
3214211
1083265
8529616
8630441
3259758
5981965
6128449
1615941
3319142
5876939
2376953
9907640
5267534
3446883
239202
8284514
2670859
5017799
8669314
3338750
4882195
2563780
5346334
9672069
3710255
3467796
4991690
6177463
159564
3681943
3334847
35992
1301301
4488346
5389469
2465862
5893088
5294842
7714653
6586781
6165145
2243142
54125
9671666
536531
7189291
5132419
3042405
404084
4557682
3714898
3067696
6693612
9283118
7295686
995419
3048855
2082375
5327124
151538
1789576
5821688
5617693
4967429
7954709
392052
3223613
5150919
9074481
5490441
6302184
4984291
8905644
8400028
513925
6498687
5496260
8048434
9436911
3723259
5767262
3192296
1942927
4410384
190018
1102511
5050235
6605822
5499112
7752085
462204
7029598
7568363
4759094
747586
4598732
3573477
5454616
5552678
3211362
8160943
8604352
9752224
7537543
8260843
9598993
8858302
400972
2254293
1551559
7578383
8677978
179691
6180743
3374728
6578848
5615763
4022028
5605030
1793557
2793734
2021092
4797207
975538
5645231
6090502
8191669
1064511
8360773
8033844
9798856
5711014
5651801
4951551
