1440995
3817751
2328045
5256984
825379
9134025
6729610
3423297
7980658
1140462
2351791
751081
1022688
7422183
8595701
8364532
7869393
3417857
8657954
7172414
4466305
800415
9295572
3204743
9227875
2636549
6467277
2349541
3267162
961971
9463561
5570693
5916618
3417410
5701337
3761970
9173173
7069999
9709942
2011912
3026499
4237660
7487351
8162036
6838154
3575128
5310361
1332582
7096754
6869173
7565331
9044529
4946036
6832063
3721248
6256031
4934253
5800002
2433544
6266001
4948787
6399159
958915
9389814
602949
3749231
4522346
3295440
8537372
1298023
7419821
122642
6339546
2722397
680126
8481883
1006783
916250
8919213
3048892
8552835
9687109
7916300
8725352
2110978
1973806
5501174
5408751
4977516
8706545
6021697
4508577
8201989
3971803
4473999
5488533
4029334
4251054
2878302
1925441
112971
7666993
8623613
9730667
131931
8302918
9465311
568553
7358272
771041
3021727
7162020
9169992
3675767
6481740
9175890
9534371
1864426
6136811
7663348
9201014
2472127
9495789
1036800
7051318
572427
7160960
8695284
1851090
5944944
7511898
177074
7909170
6237612
5981362
8642177
6491582
2410137
6406106
712316
2488960
86066
4933648
1012282
8240874
2482397
7610956
3814500
1082889
9483486
4743319
5421550
6002304
1019121
7393261
8079698
9242033
4804849
166169
3472579
472618
13701
2988089
1261665
7712183
2897262
9015733
3966776
5214491
2499526
3181573
7029084
8787845
8883872
9341108
2474679
8573162
6157115
8985589
5430184
2007200
3904786
836358
8691802
1904409
9692111
5453637
9854186
3592936
7462888
8978020
7807806
369058
9749069
8662851
6885855
2895092
6695938
2805573
999185
7231798
3967501
7409074
2351236
1827909
7766539
8834493
6375108
2997969
9358854
3658051
2733110
860279
9102297
9998839
82358
9549285
7352663
6017507
1979855
7302978
2669768
2266967
6812602
9225166
8462242
5251484
9947821
2350244
4608930
8507405
3218703
6921658
2329165
1632099
2096606
9472430
6944467
2416443
3342206
4060059
2820977
5669961
4181849
6213625
2695562
1771621
5544085
2930688
8430723
2726997
9553285
3429900
6913277
2693333
4845740
8850014
1992317
9068348
8194290
6008905
9655130
2280077
6610000
8982388
6123712
9489074
5596844
6660168
3721040
3974317
7194887
4214067
4637605
4599577
2473225
2847332
5554490
3592770
4609554
8858723
2652144
1021196
5809383
2953468
4352754
9358874
1472585
6248514
5947671
4437458
4407885
2335251
6358731
6729715
1236257
8635871
2891985
4476584
5534758
8825601
1483362
2957710
9866864
2384454
2161436
2738687
3783499
4683489
5225609
8818805
8760558
4086742
6526467
5800109
5524382
2533858
9252446
7977235
9464164
8432012
4659685
5634802
2108239
8593246
7172183
725607
6012538
9690941
1710926
4083218
1854706
9441720
5435905
6593636
2186570
3194733
6638767
6220129
9349014
6501604
8600803
4324414
9922503
3913762
7818537
7261746
1585769
843240
1640398
2734151
1629498
2122811
7855896
5486357
3861840
9038824
6549992
3491832
9779678
2362310
602464
9749233
5302135
7770549
8474206
5315933
2327377
6405755
6720820
3172185
5835571
7929310
2964583
552773
2621379
9188546
8029014
4669263
7899285
5812751
3101043
7503507
9490864
373741
4168609
6542364
2024400
6858643
2967491
5544598
2308243
5089048
1867767
7050207
2509653
7809979
905820
3968996
2604382
944468
1008430
5880191
569448
7161742
892681
9331744
60210
6908566
2223059
7621655
9218217
5275353
7919361
2488100
5091079
6207878
2500758
8516790
5786496
2784361
6728662
963013
6293773
1371496
919327
3566146
2242487
3737902
4930720
6225281
7163765
2170587
6470719
2101535
7207557
4646679
6022951
2794488
6118272
5200076
4914921
1711449
2468566
8353567
2834564
1714217
5180290
3805794
7556669
8491947
6279019
7615763
3044805
3530957
9050822
6020134
1644576
1324012
5914191
651644
1219070
3378899
6949315
1578843
8311374
9009846
3326754
5378256
273204
3228939
8611317
9666432
5222502
7750221
2675546
8426675
5374938
9194467
7670015
6077870
6027343
4025861
6973203
7221365
6785169
3046637
9019215
6640154
6327150
1324272
4372038
8226298
6005960
9475826
694050
4000155
8873257
5627149
347376
1462192
2597372
6795723
8939659
9196947
8747042
8010705
9335224
6230631
5309713
2480190
7449864
3488973
7440811
5691676
710882
7095230
8801107
81126
6741142
8123947
3339765
1473216
6579801
5442892
9468044
5272971
3265599
951411
5181875
3162082
5361256
4349084
1077053
1192734
2793716
8855617
3854939
4014360
4621556
2005098
1562122
2188461
4976773
3906467
3376577
9484409
455805
9886308
1365527
6929996
3963525
3238254
1973755
6214476
4208251
8795845
8789241
8068304
255156
4584497
1744869
1696
2234553
2298913
6996740
284729
525092
7524445
7044844
9520261
3908204
4136759
151963
1991084
7668099
1436435
4660256
2094721
4118856
4836350
1569195
9635643
4971165
3593641
7541742
7550461
2251787
9847433
4651366
9075510
1902539
9560975
4924847
1191566
5412242
8343122
2792691
130861
4476293
9487682
8182311
7057719
1412200
4279999
8131887
664826
3100801
7041178
5593317
9830600
6841652
180288
9541518
9061785
4626315
4033632
5736023
2714483
9435557
2600410
2889100
8573362
3118013
4074187
1021821
4411465
2099603
1267716
1654987
8204000
7360501
6326085
2395321
8954521
9460199
7163259
7675923
2719818
7739582
3455673
1167530
7556214
4449727
4695547
7474253
3600028
5102660
3298492
1676732
8711425
2728190
6955688
5226618
1142611
8337825
3430129
8044890
3882577
6140917
5453287
2811459
1559028
724524
328123
4960175
6241810
688554
8570341
4115572
1139737
843931
4268555
4358352
5615227
6915769
6952229
9330796
3653618
1769265
2815378
2113992
7396780
3760291
1564023
3051173
9679675
1880184
8391097
5639882
9248382
5522182
3997502
7553373
6910165
2970883
9836757
9512933
2648790
6489434
6985913
7086204
5398439
2678234
4003142
295382
4199072
5880238
1296005
7244508
5335388
9585564
8186743
4468632
3720364
1193551
6047443
1104578
8434446
7338009
6122739
2516550
805589
59588
2230334
6360506
9279333
2246977
7845478
5907780
2901956
8595951
4546924
2563832
3366857
3403163
4002880
179597
1396595
1333561
3892151
5080017
2459583
4449951
636541
2890183
2077514
4642808
9739398
6469148
6790601
1078647
5944549
6054025
913367
2777104
140767
9605122
7034333
1427659
7777282
4498697
9494994
2503848
4460105
5782108
5016051
9837108
2012317
447179
5854791
3671605
8701756
5191624
4906156
1949352
7160612
5563638
5845641
2819328
6730137
9348798
4851933
8847749
3583116
2423600
1927246
8411063
3662673
9946985
5850863
7590330
3617158
6469845
6807878
7443535
3171152
2015532
540850
3251485
1898467
6292821
6727091
9993593
9059385
2997022
2081295
3975311
8125324
4170530
8418432
907875
6662994
7276787
165111
7251723
8295108
4398040
3612164
4574224
374991
3142855
2817372
8411754
2549614
1956180
1304976
474316
2024743
6500912
6291713
2051241
5998773
6229710
1191794
6858883
8630963
8911108
8872156
3454303
722877
675857
5576555
7770296
7827000
9158059
2502543
2116786
62426
816380
4219480
5613905
4765753
1718302
8456376
4354604
9086459
5859028
3258547
179331
8969945
4071909
5725163
7463747
7503261
4332316
2457500
9094156
6373290
5501372
6897615
7628618
1957721
1628466
900518
97070
4575726
6307259
5859963
1690284
5181955
6750278
5619022
5323293
2563663
9433607
6354003
2573848
7617759
3596420
8330958
2167847
8049154
1737576
287142
679712
4035884
2634244
5961095
9166873
1527231
9917256
7083285
3958914
2609758
4629943
3916568
5383698
3029396
1429964
4473408
3175708
8860733
512737
2800260
8976887
2443318
4205973
1050461
929911
4377772
5748416
115880
2349259
7718159
3951177
8017873
7974358
7369204
6344105
3832790
4268179
2458781
9131813
8396284
3705575
9020330
3404788
1797319
1260471
9142203
4923326
5622648
6265481
8116908
3405488
6752964
3147984
1674302
7251099
875579
1210250
9902347
4127810
9882355
3219310
3850378
4567556
3954882
3687689
6034450
9321823
1551903
3359992
3399573
6056567
1866683
9855443
7982960
9352586
1034423
4037075
9314880
1119674
3176970
7139381
778199
4887197
1807827
8073535
3012132
2840307
4568490
3393838
2180512
3763272
5606534
3124980
353672
6669269
2267169
1768569
3575939
7506631
6820513
8985105
5729175
8024849
5897218
1844811
8033893
894902
7538363
3139490
7145547
3736994
6128369
4969212
4111537
3114355
5457123
5034013
1791884
7665312
3907169
3468382
4499251
2616130
6958915
9326561
4242009
243699
9777574
5092616
400941
235696
2212608
7005386
6207870
3175730
2083929
7629680
9528786
6167906
5720953
7461833
905292
8830647
8120907
553316
7523303
4509278
8896299
792165
28004
1603084
9003032
7716446
4545510
2676199
6401019
9498708
3505819
4107687
3236013
9406341
6527875
1361194
1919526
5192296
8985062
6977608
5607229
2362587
9750743
8636694
6923770
1219959
7164085
7134606
6309995
1629322
7262484
7594301
7299229
270124
34634
5555111
5186156
288281
6896566
8090311
2916911
959181
1285006
8443457
6478893
4043547
1597
5331863
4896996
9353077
1729920
320248
7502491
1053622
7251626
5855401
8216993
4719355
5444592
1098480
5809099
1175440
3358507
6811383
8323210
8073769
9798411
2651760
8245151
2726644
3415323
7561124
8464217
5250529
9887455
4106404
9160530
3618423
5828408
1487065
5803842
9216066
6538514
9156365
6748672
9031691
807541
764938
8546301
5860481
3255220
2091679
9722865
9745720
8912956
6930867
568090
6654349
3746301
3306697
387609
9159909
6107595
7581134
352460
7996386
37097
3409163
5255072
9783257
5709352
7649724
7631977
6978231
7029138
9154458
4498097
1796149
5605958
2903182
7703755
1794285
3667902
4494295
4764517
7472094
2006075
1865498
4700350
2622183
320060
523212
4565953
959566
8365506
7786474
9193747
608148
1669798
191035
9078967
6336006
4449260
9490988
9057934
4594915
1528537
4798989
3784524
8984345
9356356
586763
1847353
6805516
8965007
2639887
3725287
4134043
7626050
3694795
6484991
1976531
8178349
1014812
7625709
2724811
9549556
2522634
6459261
1839386
3109225
7871836
2170354
7530489
7801959
9791510
3466390
7752041
9595951
7800243
9042933
1995490
3758294
2556553
2184930
123991
3836767
1456435
1415563
6660054
1058986
2033375
1237609
885384
764105
3658294
5192887
2591806
4135727
4235877
5476454
6739418
2207209
6264384
5727852
8711467
8268166
3969156
4541978
9304189
6396845
5472855
4480937
3052126
1614190
7905229
8781608
8961525
8133054
761658
9536400
395201
6553575
3164886
9629179
9862792
7693027
2303667
3014291
8238848
8772753
1222924
601811
3261534
1674334
168811
6169967
9140573
2289117
311339
9939670
4341854
9084837
295275
293338
2704470
3191063
3122188
9004622
7024557
8483739
4791024
2365483
9915932
7206663
9684591
89011
3274030
2241060
1934575
2882068
9230288
4816168
7204369
3714308
6819902
7009317
5413073
4417126
7102320
3333758
5752353
9479828
3804272
3742456
654910
8896767
3081742
9706225
7900987
7003246
2012398
316434
9995244
6939957
4440640
2302158
9418568
7612691
3521081
3538428
8293776
5410988
2984961
869628
1601965
2098292
4750503
9894759
7000995
8057304
4768332
7644498
4837760
6900898
4298117
6783035
7258842
875942
7247819
5334392
7401903
4687136
2515104
1800794
1030170
6903879
5356404
1303932
678702
7543873
775736
8189383
6463268
751462
4981467
618269
4095445
7143356
5747108
7181174
3540030
6716173
4251113
6249802
4116868
9922411
3728847
977277
3106564
1514574
805509
7517
5234027
294678
2503194
3263235
4209351
7682793
9612659
5133406
6031418
5987146
1771317
844939
2507970
8777739
6930396
8168758
902218
6488708
5472182
7657097
4886503
3265672
4080616
5263978
4632332
8971417
1734097
2434895
1079646
7499986
6566727
9313117
5571488
434423
7665557
7010365
704828
43474
4602560
9481138
9085067
6950954
6335449
7532448
2774928
2470397
1907750
3942010
5714132
7923820
8239948
2694836
8618590
8572721
8950318
7805852
2425631
8233023
4471466
7468471
2548516
4926793
6072787
8616712
6052557
2016411
3538654
1887068
3954246
1090674
5154609
750976
9257952
2292137
9029938
5979326
5515988
3358180
8184082
1652963
4123257
4238345
4375195
3798102
9433450
7051806
6530607
1571040
2478016
2614114
1515048
5981958
8045306
4757225
3828040
9474094
9130127
1206411
287230
8954437
2882494
9517443
4028506
2032060
9477743
8420331
3034930
3625015
14570
8266550
1023812
4746833
5764336
6527108
5348319
6433842
3130098
8552170
1705237
3365640
9754258
6079474
3459328
1851065
2939791
3190903
9755851
2994747
7450331
6030206
4865536
8629631
875204
6615763
8299373
5533469
5537052
5346357
6658756
1423762
9553699
188376
2218393
9478155
1130046
7562563
6595800
6177034
8256996
2898445
4073841
508767
8247220
3149309
1500320
4912312
7656890
5081259
958031
8074018
2353563
3244810
6101297
7989421
8078875
6497269
5742451
9798742
799856
646515
5347793
3378589
3846530
1660257
8684661
1003303
5087170
850651
1163382
6962503
7444351
1441778
5075339
5406888
329570
5396971
6450071
6778703
3768227
5627072
1848774
5454937
5718436
7539926
9613924
681913
8721086
1973261
4780406
8811661
5222624
3879195
7128880
9936852
9560662
9936757
8710053
4092884
3218318
5143326
9010190
6176574
8886476
5760359
8397212
1747161
8737941
5523737
4078697
5870251
4127163
8594004
7399791
3819740
6844569
7645359
9713302
4122909
711492
411502
9983544
4112133
8569747
4468087
1360297
9570342
2824118
2548780
6646651
3961288
8089718
5945519
4458734
3554605
2897833
3446614
4015447
2959607
4813747
6992211
215472
1703469
4538636
1706450
9269299
951704
2345924
5885618
5727353
2982631
2041149
5841547
8636415
3127860
3045486
2869140
8071903
5918979
1528282
9698307
2648352
6274526
4282169
5276258
1022313
8939293
3869988
2655279
3237592
8393324
6742880
6929802
9882602
2200683
1011260
6976092
7132654
4049161
9926735
4694183
5841992
3120371
5480647
6733583
5641402
4190688
4155440
8879296
4134940
9785117
4458276
823293
2450296
3602123
171610
973168
6558693
6665553
8173051
8220593
6517050
5279470
2762766
9298227
5106103
5383808
5277412
2114796
8250323
2306275
3788419
7847491
8106443
5891852
5272912
1181120
6440960
4118197
2736510
5491985
4978892
4964391
6484856
3853516
25118
1673376
6790361
9976754
7607236
4966259
670405
5369483
917616
8750205
3342009
9797932
1400955
119348
225759
9147739
5035099
6776625
2584494
2194078
338317
6358161
2447854
9905606
599032
4106149
1060650
2180490
1823059
950413
4935734
6344189
9049166
836090
2826197
9387362
5372994
609683
7537385
376048
2269185
7490406
868756
1375628
3087087
6544489
9505321
4104088
5470272
389807
3511253
8017873
85783
5684526
7273157
653275
1822034
6718396
5695636
934946
7089224
3984827
2475146
8119235
5984095
834497
7619063
5313127
1021000
3539237
861147
149182
3611513
7989355
1257263
4268727
3030347
7823604
5686447
7383182
6774166
9275435
7415968
9101012
2006808
7243562
9577683
8457460
4949242
2895575
1960279
6801040
1288141
381884
2598483
160666
1798545
4245742
7467469
9307397
7182295
8911964
9717356
2331373
6697945
478065
5571118
4698893
1340101
3200137
9233886
9575409
7170299
8651033
5880822
1452636
4365512
3577511
6786147
2415673
8151710
8386132
4100881
1706469
1828230
2352159
5706940
380328
3457096
8761737
6140365
931558
4634375
4663983
5622191
9403616
5558839
5671901
6582341
3513192
1703555
7339899
4829440
8359133
1007288
7301868
5442736
7519329
713414
3801957
3883100
7111243
4326660
2563016
8964191
5178689
6550974
4893762
6906996
56305
7808510
1313412
1842532
2647550
1361103
3726591
5162598
3660783
147419
1668293
3398917
3050533
6338216
1456483
8070900
764228
8105442
5931164
7823216
2082144
5117083
7602703
1433939
5369266
6796942
2071706
2680760
1082581
4584900
8176748
561170
6813772
4396618
1883365
8659386
8313720
9390219
3668568
2492975
1790455
1609562
5497473
4489020
8561778
6118697
9957696
768113
7346951
1582334
8491704
6409688
9281164
7513337
6605985
9941324
2955531
6103317
242362
7043618
3607241
9589718
2085587
8013256
7858864
8432109
5948622
630047
4487531
3125971
4560683
8371519
4143676
5786681
8888816
2640016
2088802
2735919
6857004
3040928
9058363
8341872
3691701
8635526
1722561
8881158
873465
3714582
9586098
5459011
3502009
3814227
8943304
4063434
1998803
8830085
2148126
130361
5457519
6723291
6126987
4936719
8270094
177644
6942728
1686019
9076192
2891360
7577173
5282974
6078400
7857335
9539420
5093185
3227748
2682205
2515257
6830499
7224538
1738110
6608262
1342279
3063942
6800379
8071327
4740566
2001277
8098131
6796391
7645130
3079898
4094630
6709273
4472745
193744
5974503
6421485
7958077
5090271
6842591
9440283
3727503
3959298
4707157
4783807
6917953
5702734
6694918
5934933
4495801
8578281
894200
6081190
1826589
1498739
8745156
2571484
7345042
3858296
3016404
3414740
5923720
8761549
1630256
3642908
7137285
5755814
1121615
4974957
2633428
3876374
1413532
1564380
7348601
201662
3203741
4772615
7321878
4609749
3911639
9755956
8422351
8546025
6870727
4360628
8560326
8441800
1210631
3661504
1992765
9934387
984845
5745840
6479701
5247756
5935458
1553434
8949792
8823650
1814806
2378479
7925505
8062794
5682910
3512917
3950218
6997036
6820553
7745584
6852903
4037067
614633
9990026
6723455
6570859
6788514
564015
3132112
5055290
955411
3219310
3645287
8214008
2847784
9005324
2086696
5432611
1704927
3194643
3565185
6842482
8486588
4440215
744789
7516669
6689473
7065120
6078789
989917
2956619
9959966
6881461
7830984
945769
9396117
6059887
9504850
7685570
8671058
6928303
5503803
2988765
1325241
7726234
5106135
5507411
6623587
2372826
9856992
4363816
5688109
6677748
280996
7516091
4184957
6400305
7224578
912810
5659240
2291313
2116969
4635687
9236375
6984136
5664678
2667801
968170
518754
1406383
4479164
1614013
9145160
6460552
4152498
5496297
913930
8160926
220928
6865716
6873080
3771252
8911511
874668
7743461
6883989
3235898
269074
3879394
805309
2026632
6883970
9794660
5388458
8327424
1337695
1742504
5355682
3861640
9965073
7343810
1518239
1856737
7991134
6054373
8386527
193214
3594039
9001639
152895
3708902
659083
3178316
2557143
7608320
6657802
555800
5666930
239199
3605102
1127443
3136722
3287092
9802981
7615367
8565457
7951656
4313604
5847992
152325
2903833
3941814
2073150
8511022
9858229
7875306
4090147
8715134
7040532
2486890
1349265
3267725
146343
2774531
9339610
151232
41040
6001326
5402237
7404469
6184110
3231565
6010127
3115568
9654072
2116953
3684091
3934495
7643471
4991991
221852
3624503
3317147
7591235
5632711
5603469
9772597
6751805
7405846
9737533
9816453
6898203
7716226
7516935
755422
1869029
7714210
9818495
807919
6366460
6968334
4162996
4716763
3646887
9939293
2151545
1398088
9143604
3777572
985832
6754212
6704061
621337
3615313
6070732
9054125
440795
1149339
1342454
6283137
4309429
4181180
1969113
9210893
8849838
1555891
4054652
5282021
8285777
5395682
1512716
6856870
8134971
7331701
6362956
2974055
2675013
3746686
4948778
2243685
7350911
5762212
696825
7097991
4390343
3288018
1419958
722411
4341374
1153728
5108384
2086748
9706449
7314734
9296264
4698937
9625413
5275135
4123223
3666907
7635077
8270508
1087518
2053808
1732793
1601924
7672027
6288592
7425831
2078401
369554
1826559
7048221
969870
8070669
2247351
5692249
1361281
4884783
1782158
9308427
7902888
3651188
3041104
6845010
8794424
9125301
9075833
6106122
170603
8873092
1020540
4720618
8915471
9610658
1439224
7389053
7766017
4558018
8541686
56744
6811108
1657272
7564614
7603714
1693480
5560630
9100236
2784138
8014406
9294301
5516849
965888
3804475
5524485
9772238
9293390
8092817
2450279
1955075
1981715
9929369
9437379
2881425
6384841
1136629
5896047
1895349
1777166
8880628
7609264
9528451
1620920
406546
6141611
9429822
9071164
3624552
8355460
7650846
36495
6901781
3021635
6425204
7136321
1866341
2337367
229183
1251026
6653388
2764729
2280865
9512575
846654
5755878
7773362
8273908
7748262
2408487
5196332
87213
9591794
4733286
9036499
9581098
1629094
7850349
7774685
2822048
9796831
6637662
9614058
4905185
4814857
7208935
4054575
3232319
4268213
9566972
2721276
5580693
922635
4939430
5062993
1234641
3519770
6133440
2030972
6357643
7555922
3824264
6547782
9889951
8988468
6475399
4432108
9456720
2438385
1916346
1814871
8232137
9307960
7058858
6614535
8611522
9165560
7137654
1411165
1103562
2919485
1702836
9817245
8585024
2053055
4243038
665476
357015
2855076
4219838
7270283
7793839
5284323
5073201
9132176
819382
7259077
2645323
3732287
8724522
2980274
3924626
4151020
1334194
4736074
7123537
6395826
8210269
3547998
7771414
5334246
6445661
546973
6833933
7934942
4216274
7983973
9095269
4270055
4471777
7055977
9417212
5017981
6767362
8535068
3048245
8566480
8813556
3188957
1463820
979158
8262127
3281101
1898265
9020339
7707449
6396916
3471369
2458129
553536
6664731
8031501
9810246
611478
2407824
9019584
6788245
6447645
902372
7920748
2263286
8008600
4088698
5044473
7930424
3867847
8573782
8343499
227265
995838
363491
3053080
5404433
1795078
3254638
1968662
5036278
4352483
1599887
3436165
9823787
4043689
1573295
236086
9172052
2371242
8615217
4809025
7898012
9656234
1517691
2305158
2560803
1156453
9419390
1696510
163690
8876233
269739
6963812
3532743
2809344
5256656
7766877
983174
719873
8206982
610392
2989675
2609933
4844471
7585301
4538634
1126403
7632613
1140238
9538169
9175639
3208429
6958245
2138922
5574968
7425208
1480895
4212027
6746356
5072970
7357144
4125219
5453107
8292657
8301156
3665470
2595641
1244397
2322961
3614776
4186463
7565719
1887802
7929884
7035702
7836318
8619142
4517723
8787415
711183
4203619
2238303
7164091
2615964
5802784
9595336
5078582
3380709
3701651
1167362
7864049
2308751
5743897
4711472
6155249
687725
81225
6361022
6659257
4400182
9739505
1389402
9689273
5916444
3624403
6192559
8844355
1715577
4906401
1510955
113182
540094
9452525
635056
2010305
5339002
2633077
7430683
162727
2560308
6587710
3949607
3191833
9873635
3603723
4472366
6408868
4412025
6209355
7593162
2853886
697
278441
7837825
9732523
9281712
7128288
5904549
3022434
9380444
2502031
3722160
8999038
9433043
2591244
1758404
3206321
6295757
6150795
9770178
5685486
6871125
7103507
1107444
954335
5203816
7845986
7299178
4036490
9277693
2986291
7032996
6034416
520468
5310661
2905968
6152386
9100564
3121410
9811710
4196941
8566937
6904538
8066049
7935505
8029637
2896389
1762282
4023345
7271765
1472699
9457001
2058607
2389594
656810
9668364
9396300
7979330
659686
248938
6468127
5611466
578693
3907841
753008
1985079
1434418
5117023
8843387
8368680
6775408
8793870
1785357
3210277
7071905
524478
2848457
7257904
418611
7966939
906548
2726272
8255984
4323339
7015426
9237816
46788
5881102
9558470
9822679
6708552
6774758
6513458
8927906
7512858
7057851
3226010
2106268
505820
1029463
1694334
2162914
2891111
2640706
5382836
33873
4935740
4333607
8101646
5873002
700528
1520051
7413569
211185
4685558
9725364
5828976
7355597
4724913
6140717
6853090
2696743
2498958
7107949
1754466
8239958
3886932
4369115
319043
649929
7560979
1676181
875469
118472
3941873
2523798
9017771
3112861
757645
6513803
6350646
4986998
7528141
5275119
381558
9636967
828601
1788605
6374717
8733439
1628698
8809421
9682325
92544
1502397
3697922
6791381
3236961
7452232
9209433
1721170
8639498
7392573
4272845
5240779
7580141
873038
1703910
1267840
1090705
9153847
5448629
4187142
6728569
3473013
4572073
7291169
1946781
8574763
7552397
9409626
6442175
4617051
1397569
83468
5414988
1022396
8836694
4454717
596992
2678775
788722
9639890
906614
4108036
9711461
7058686
3382389
7176210
7855501
9798738
1142810
936363
1928772
5419877
7757446
8593405
4268397
2381491
4611394
2778767
1149343
5975301
6433598
8141414
9565520
1711916
9155729
4561839
858946
6967027
7835716
2857817
1785410
2871931
3555544
2894378
3407289
7973521
3301744
7761841
2870360
146905
990949
1804493
204109
716002
94015
7654236
611728
4902864
6756953
522949
8101698
5186014
618877
8733963
3430727
7065983
3369262
4985708
7891122
3650902
882652
9545207
4399317
1665324
2689501
6772972
5949720
104122
7927316
6387421
5649463
8784153
9969301
7857380
1793316
4118294
8581559
1977872
7174945
1434195
9871481
8831610
4110466
1167749
3691143
1437484
5013459
8043442
6073285
4479968
8532184
6283562
365007
4727906
185290
3815232
2371095
3212800
9407130
6116223
1308963
400645
5876096
461794
7274350
2192101
8675865
168288
5272520
378005
1618894
9003910
8179876
4903553
4112700
5040785
5194678
1678627
8926862
5893297
6968583
2626082
9119650
8733926
8931400
1822129
1578685
8860158
4248585
7571758
731467
9193931
227883
8114902
852349
2833082
142743
1586641
7542958
6148853
4413791
3432286
8038809
4737732
2535351
6989611
267991
8804783
6628906
6735562
1351186
388058
9691906
4798271
3214677
7759089
3285028
7147836
7237887
9977710
7007193
8558763
201323
7427820
3810324
2536149
6391919
2413102
3101987
1120213
2573247
2555925
1488414
4325089
3915580
4904952
7015890
368729
2253900
5492840
641368
1837316
4782606
8913008
6034749
8912736
38544
2626349
9386881
5517315
7699616
1405702
6565682
5022931
5741782
4466832
4965341
1910543
4220468
516552
8543295
5538257
4028335
6782214
7533345
8119271
7404043
6916942
4764548
6090817
4578741
4794637
6015500
965393
6294437
82618
5011972
7329573
2231488
7585201
2316969
5225166
7563247
4287201
4752013
5146588
7644686
1943784
8608893
9472693
9188483
6009519
3984309
3228154
9164505
3016701
6908839
6669651
1468006
8133015
2213570
3515064
4790586
306185
3316384
821186
1929930
2023476
2962805
5362287
8271760
4977857
7837607
83745
5046329
211618
1753860
850453
2328336
9060423
6910603
8088713
5386145
5170648
8352809
1187723
4696363
8544455
4146604
5816517
4825752
4750587
4096617
3846002
9175726
1466348
813440
3855748
6182484
3665212
9220088
1687548
4846977
3444864
5007908
4197304
9638212
8138845
4276909
3954616
3431797
3220060
60595
3243011
9548813
5410079
4365426
2469412
8831074
9111592
5610115
4467091
4146969
8004765
5624167
4385763
4687626
7141530
7379506
9143026
4667462
8581022
9884472
6628975
9051483
9514917
3750245
9593511
8756825
9779784
3461168
58758
5221990
8671482
177005
4847193
8572756
2660468
7323180
575024
4413709
629411
2442417
7438540
1127941
2666886
1984798
8067511
6522489
8326583
3870543
548957
9505847
3690627
3096906
763011
9217741
8368086
4542945
6639919
4153055
638988
4427098
9468412
6838463
9583387
7724472
316774
4553387
7036085
9995257
7430950
4577317
3929506
5895257
7319860
7420089
7963420
3192878
3222182
1305191
272297
4165425
5882312
9076007
2846065
9235820
177857
9230130
3184688
1753275
671547
1709638
2508679
8581050
4301376
6937569
8251827
4725096
1182065
825997
2715536
3187023
2842014
6794167
5568527
6858834
7602329
6172146
4806415
8656690
2528490
8754491
347152
7356081
4834675
9544038
6654226
7322550
9913733
6038764
6734190
7130273
5656014
6501466
4862204
6038083
6707855
8937745
3354541
8989069
9498688
8335596
9098733
2484041
5168788
6545353
6548177
8089669
3971206
4371379
6598583
701816
2279694
6295451
4066385
639650
2757796
7255502
6238136
7777923
3360184
4519132
3634226
4829330
6111117
322456
6041091
6312169
2591644
3378659
5979635
6968135
4281649
7351513
7172516
5775905
4303813
4291267
30750
4291864
3805746
7906171
9306167
8143514
3226393
7728453
9952144
1948380
5449159
3909749
9146961
8354286
8728854
9945071
1852847
9212023
9680672
3881029
6518713
7312072
7614558
3812355
4017351
739900
4595714
4142435
2348253
7268722
9924278
9048358
3719907
2830067
5728416
2619985
9305218
1510986
1521974
1840819
9847476
7759422
7652642
7290081
5094971
4337919
5675983
4095656
7905032
8260698
7156510
1114058
3682264
3159263
6548110
4382661
8328029
2330334
8694505
8290349
2988818
3719060
92117
2418045
8086758
7153409
5737390
6982143
2231696
1564119
7928268
5319475
360197
3817388
9011704
6178487
8658383
6495471
1381571
9362093
1365021
8356813
517464
4695684
5562042
4329303
8418129
5410639
4323780
1505033
9284160
4666863
9943797
4387034
8966138
2394662
185716
7774763
3791652
213394
3436549
7570165
9060458
5865017
784269
8271065
917104
14238
4462176
42976
1534842
6751987
459253
2119032
1210826
1832285
6694494
4584487
4157738
9887141
1755326
8952763
9850118
529690
6431402
6130693
8515956
5710296
6574066
5244681
4595270
1372490
2858815
4739234
7096783
4902381
7478894
3986678
7268218
8048207
5138661
6049415
2608686
6334867
9179513
8587216
7118452
5693426
8489303
1022372
7754681
4570773
5164097
7362366
2232724
270457
2358235
6470421
3019997
256665
224233
1597961
7792749
4310873
9948070
6876529
1801973
9821598
9291707
6748101
1542279
1809031
3747585
798861
7933227
153470
2080439
6466613
2146307
7656130
4829544
9155914
5291247
3151591
4268291
9857931
208963
5842820
9890009
1865569
4396067
8471308
1297567
8058625
2555988
6288471
11669
7670516
8722455
2123137
5237273
7362304
3907880
5291416
3201905
9217128
9831437
6153377
9424640
2723338
2748830
1597631
9661460
4384787
2493295
1857020
9625611
6836878
6885129
3483278
9339581
7356820
9767148
7619180
8976749
8758583
1029165
7636994
4771712
5539562
790087
6727378
1348489
904137
5613972
8271709
6228085
7080667
31063
6893169
5957753
5377761
586941
2317393
4253629
2210024
2766666
8718962
5324042
6918150
2760398
7865416
4610745
446322
8392658
9085542
236449
1600618
6947161
415735
8805599
7758441
3414078
41750
4402211
3840912
5535850
4256566
9323083
820963
4640375
5300902
6165209
5362803
344048
84603
6812918
1057958
5912015
1698292
1060875
9231156
570391
3551710
2743983
6329505
8245474
5365236
9879621
7542898
1876810
7948525
8296475
845965
7098135
825699
5877634
794196
6406660
5258152
1890165
8931850
3799673
5427068
3845885
1975979
2983443
8415131
2369430
4818960
4329141
3442252
8260046
1647701
7861039
3631477
1752826
1286281
8984609
666033
8284306
6590024
7333749
6027960
2361275
7558238
3295713
882048
3071623
3787574
1396471
1625341
7500369
2462844
3640
3956217
9998464
6711520
9242917
9320896
2366847
6173146
4067612
7998217
9717850
1174997
8697606
2033186
5685237
6837580
7532874
8910684
9360632
5989627
947882
3762581
9841497
3933857
2354985
6676280
910486
1702314
7985458
3926923
5483400
4295748
9625105
3293362
1505038
7670992
9171315
7267291
9137082
9196012
4183266
7843414
8969024
6475768
2204351
8776406
9487489
1475314
3275099
4217424
7585956
6845177
6030562
4121959
9632787
9961489
7995291
9526044
7561501
1678553
8902754
6153988
303524
6963160
2160357
4613439
1910289
292832
6580014
656615
3673809
2680388
410515
463246
186005
5358684
2135995
3932147
2663865
9450270
7091756
1642701
5927948
3699020
7153231
1179324
1080161
6424055
137553
7284622
7554851
380078
4757137
5748898
738461
4972019
9181405
9093574
674174
8578821
4263098
6184137
3207761
1111684
1874680
4051906
8178847
4477737
8313105
4555705
8921035
7817179
1164708
8224561
1504562
1709405
627154
6825529
8113601
4083517
9392098
2458855
6297012
4516885
4029971
7747183
2229719
7853615
9807443
5398278
1469887
5185405
7183161
8563905
7301570
9141760
3053924
5374772
6546224
3904266
4545444
1361846
4033929
7669170
7051378
898163
7657671
4192380
4968735
8948038
9002827
1134132
9094881
5363583
8697773
625185
737383
7531287
667514
2571139
3590640
3372221
4512535
4660730
8158945
9175361
2209888
3744537
4610293
8625279
8682279
3348912
9962595
4193012
3956929
5642894
8856552
7725095
3987787
4409603
5429918
2228901
2885878
7211272
9660161
8201470
9195276
2160123
812813
3454009
9323211
6582692
8392462
5522907
9440733
7959619
1894443
8998749
7770603
2035603
3859033
8803038
8525766
8279974
6435911
7499070
2605722
8695139
6633512
4221491
7368772
98000
3332181
5838330
9601996
9120598
5959453
6198768
5237574
4601476
301695
3979518
6447025
2042983
5850692
292433
7225670
3422922
1814284
1083618
3710964
7622128
7499764
3655937
2247750
3968702
5003837
9312125
4879756
4298200
7840713
7788083
1197040
9925868
1894024
6721858
5306177
133819
8400706
2787340
6932971
2603026
2436355
9422456
5470413
7925511
9860839
922646
7987255
3646044
7063480
2388735
1390981
9632871
8040814
3402065
3924468
7207864
6132623
8568114
2534981
9146696
847367
6788123
792226
3024365
1840233
2383929
547691
876534
6037287
7012794
8675593
2543719
3488710
7576682
635702
2804256
4371623
1861198
932663
2254965
8830716
6557932
1836880
2152585
248206
5463359
9368921
4278838
5146205
2505562
2799220
8985506
8664194
2999252
4316644
409992
3107392
3191174
5256228
1724251
4362710
7703902
1196875
147874
5715981
6004806
8851429
9452068
2818005
5861271
8849266
1391814
7579411
7658247
5853854
7313639
1843745
317253
5321131
2343990
1200613
6236069
1545739
1054123
3905891
9271843
7250309
4125294
4669619
9872898
7949300
5604083
8594516
7838430
1593924
767287
6181558
6393789
227723
8961907
5230545
9251091
174082
9524915
5591236
7104334
1948302
801711
262551
4515785
5946983
4302981
2614850
4767308
5331583
2298421
3757362
6965306
5852334
5308590
7962416
4000704
5442444
3230997
6600001
2426759
9645516
906693
7953356
6222009
332334
5734459
3574891
7181171
5391903
3515823
883603
6069631
8568975
4961796
7973232
682689
329112
761936
8490928
4381974
4058961
5722750
5547123
5965532
9114587
4859687
9447210
9808261
4590293
3982826
8234530
2790739
8284247
700957
9340059
8249476
5085091
6582071
62700
2631429
4298364
5153174
579236
7653527
1349382
3195599
1807475
9908366
391699
7018239
7677618
9719612
5618977
4098892
526447
7370183
2924904
6931376
9673325
4541879
3630617
1313952
6567291
289847
362890
7586531
1611749
8718260
1822856
8894452
7090346
8481754
8228874
792909
279270
8990267
994806
9829349
4465700
9412568
4385326
7064996
5561141
8712640
4713688
1144993
4011575
5712139
5378613
1638844
2537551
9545153
3014146
8591902
778985
7629414
985073
8490438
6493353
6462986
167325
8882286
782910
6586588
1350935
6443431
6608952
1504902
8785114
6525544
7833051
4456724
7864769
5566030
9184868
3832975
6767669
2734164
1506647
9001107
6582578
9130282
2864388
1127313
5785894
6681693
6179903
6675907
900258
8034257
3881239
253275
1409575
5337044
8232855
155778
4748466
5390434
314411
5384875
2123085
5661266
8244592
3063067
5835469
9946705
8632803
6635740
852595
5123214
8197703
6970699
2136005
2261295
9575526
7165584
6884414
3920467
4933384
8477527
3444462
9208108
5173750
3546661
5031990
5342592
9975052
6211650
9701356
4234242
2698877
403645
4588962
7735239
2238415
3328657
351673
8851834
7746977
7474987
3823514
4420124
8645949
297775
2383721
8817877
8329578
2105596
3290034
5918146
9234759
7647796
6725658
601524
1906639
7313444
7551860
2495691
9403937
3333774
4450806
1464934
9291975
370071
9501259
8141055
5702564
9276147
4753562
3897824
6274739
1940580
2657343
4801300
1200804
1826094
5764251
2308444
6028035
149047
8972187
8758046
9959791
3056500
7503863
4864352
9276574
4315507
8788331
9032716
8717401
5751810
1787835
9755481
2893221
8722791
1985060
1314708
8385609
8710693
2805352
2040573
6565428
5851030
8627017
4360762
3535123
5059112
9548260
5506002
3820790
4965475
488876
671488
2152233
7526924
8836145
3730093
7967025
5473854
8611845
9696767
506786
3186507
2666553
4890486
549302
1898921
3098797
8320773
6568673
5697387
9823040
6863906
7062212
2716756
86600
2142544
8693564
7635410
2774374
5208799
7175414
9648513
8350956
5010643
783766
7095914
3433976
9706265
1842359
4920831
4576954
9657979
3225796
6396716
6227033
9882762
9114080
9811290
5293610
6667085
1614370
178966
1679152
5096720
1762231
4531556
9717717
4183930
4857333
2673598
4246960
7192341
4759943
5089609
5511265
5549170
7579395
4120244
4891338
6161356
8829875
8413564
6032858
5218895
2302791
9988560
928153
7475374
4005668
3906106
6831656
3339205
3695126
750152
4793710
1860111
1844517
9692760
5751576
2142646
6325320
7908172
2453917
2615886
9452664
4537649
8795783
2303320
5962651
7498832
9556802
9949678
1522301
6931994
5772403
6801554
8502238
8825652
7101722
4654007
4082114
9006658
9604313
7447148
9538359
4198385
529240
3360992
3942323
9540515
4658558
1727017
3368444
3481217
5929468
6255970
6226970
5150116
5032026
4446025
1388629
8804846
8976197
6290374
5805449
9147199
2701163
7200126
153096
4632914
4191512
3575041
3980364
4548684
7519202
4701457
8105629
2473948
369803
2611628
7142395
6268584
2234701
8868907
8575852
8714131
929166
7154685
3373068
6157619
7114976
1218596
8002826
1064257
4091795
6280861
6056693
5608689
2275857
372778
7105198
5040811
6114721
6402149
9451274
7570951
4587277
5264043
3007597
1376290
6389547
9551733
9111476
4753369
448982
6773088
1981891
2409809
1161873
8333075
1015932
737201
8692651
4476350
2621907
4871899
880220
1602368
3090323
4536912
7013360
3490525
5768914
7688371
777137
4184720
8207743
7415667
6632551
2215893
377465
1591966
5337571
1918760
7689141
7191281
3671391
7490413
2073803
1052415
33615
5838330
2319187
253992
6860069
5910249
9842330
6309765
758872
7546176
1321183
4016162
6951786
5490260
4289611
6075822
7792508
607196
1728693
4263676
2972264
2437422
5253610
6777841
8670786
9576236
9161927
2200350
4936935
203204
7417466
3531845
3634098
8121921
5010637
9726308
2851024
742820
2726480
800694
8745929
4748400
2988683
8113612
5225009
8529513
8465740
3027857
3652187
3777606
2713508
5702549
4404558
7233252
5950686
5110568
3759534
4557512
1603764
6416646
9014351
4003123
4263698
3405390
8310168
7032463
8159643
7165432
4339257
3598132
1123732
2052960
7338736
790157
4503994
7980717
2132075
8522254
341183
3156192
372228
3773321
4022501
1725327
1969451
4082232
2834275
3324907
8686745
4667765
4425068
3578688
8947875
1839386
7061000
2346670
9984593
5274764
7887825
2048274
9879083
6393346
952806
9847252
5219732
7321398
6941634
7924111
5180267
8863120
9070097
4945425
2958020
4399819
5755456
1426864
4820430
4143447
9429817
7006488
3373325
5715815
8449601
9536020
8833115
1853731
5566993
4754738
8013879
2339306
4173820
2484351
9222720
2318611
4724557
2195970
5600410
6735655
3113860
6113631
257314
1258721
9661110
9585695
5017452
3105748
8896965
7828761
6638297
5872111
9056523
6051621
3978049
8767847
3670696
4311967
7730593
7621799
7487027
7199801
3066496
1696596
4468001
3046306
5563483
9708469
787285
6853597
4681139
6680302
2801364
3111956
9961701
5972769
3742019
1402488
8532831
9328449
188399
1243625
2880042
1579806
3481998
2528490
8002967
7307472
4254126
9748207
2136671
8152589
3506297
580482
6010073
3300856
9232258
7316156
7142128
8513452
231158
9894209
6537534
6900274
69332
8787827
9879303
6963514
4641321
4947010
416053
3199079
2203603
1512406
5928881
399940
6817229
2634674
5222612
9940333
514563
9679788
3232942
9153368
6993361
5811814
7352882
8683721
4794539
6134457
8441008
2728100
8496122
185429
5136886
2002217
6541024
6580736
9659858
796473
1608164
1113510
6579412
6124406
3260519
5503002
5102456
6669612
7349286
8381994
5027062
4289199
2620052
3763751
193842
4148836
2315226
9666310
3035797
1529149
3113740
3345267
9926152
1159953
2936260
576289
5737938
3402311
1117523
8108468
5364450
4489054
2122909
6918004
8398813
3420413
5626330
6724160
7468648
7489021
1531898
7609477
2093824
9583940
755922
4701898
7688274
4454494
8419489
375547
1668613
621548
4712863
7894489
9225557
7551347
4694063
3903499
6962110
3224555
7378149
7150821
2235402
4455204
6197023
6797131
1033459
7221281
339676
1643565
2429839
4537025
1834833
8425868
3641103
9049751
4619961
9080865
7206201
2056008
7005525
7997610
8359762
2666290
2924440
3420577
8929111
2194664
3587094
7379558
294961
4943060
2194942
8127228
2361005
8391356
2788433
5644366
8221411
5845316
1771446
3076414
8461317
5422826
584918
9751036
8663691
5970031
5617063
5188446
5576063
1203923
7852097
3406640
197189
2035702
688844
8610289
9604233
737048
6462522
5768750
6151633
8069216
417224
1928931
9867740
3170587
2650359
8771593
566525
4366539
9955994
5094384
4539620
8033980
2147981
1507441
5945364
760783
8707741
6249615
7710335
1354862
463886
9991338
2520926
5031673
1581193
7065811
9117128
2805075
9156544
1601516
3873303
1969987
431499
9941117
4510187
9071318
4578999
5867220
2366206
2477577
8572342
6862646
6631446
8205736
2869119
7582705
2410706
866745
9678664
600656
7454412
5912069
3825480
931404
8377759
3644319
3647502
6124201
5932148
8035111
2863410
65113
6517758
9149961
892184
5256807
3840860
5818124
2653539
5554361
1624290
7855569
8360675
4952550
5839318
9948530
1407499
9962647
9833647
9150920
683904
6607727
4726381
3461746
4933654
8181335
1879164
574779
9271967
5188447
2534338
4729361
1230096
2917177
7673479
2331658
7136919
3892101
5664368
6028890
304263
5983660
8689368
9498586
7162247
7058233
2236731
9382155
2077746
7180703
926101
8367922
7504415
5092964
5162379
5024691
424651
2875636
7654900
5786724
5734050
3095862
5801479
2691866
2648103
9157794
1176060
1943965
153381
2828252
3047483
5681198
9905247
2189470
3906172
5223728
8219354
1000812
2810747
6934585
9324812
9270463
7519893
3456186
1355942
3386158
7185297
7249691
5036524
8350754
9571615
6131232
6755995
6402482
5111378
6416590
9365648
3961885
7094004
2956927
8137151
8532545
7112093
2558919
1808577
6663639
224689
1169716
2735368
3644571
3526377
6767118
4792
2293857
5489254
3707962
3290042
1764953
7768115
5936172
4027187
9390070
2719809
1256657
5650104
9152727
6292952
7914289
7306359
6088898
556023
2688022
6739992
8596272
1502924
1730809
4241685
1666819
533159
4125086
2188282
6802402
915654
6794855
8429701
6027834
4452895
8066872
3602551
2062838
7787667
6312712
4918097
51313
1386352
604144
2819079
7789458
3150429
4128750
578392
1288154
2234206
3813065
5068015
8707442
2721902
2013850
831797
1557475
686450
5720509
3941793
1662299
6135970
1421275
7622474
5153909
8717611
7373518
4283891
1096011
1795045
8684859
1876894
1193768
5748255
5239195
6543457
5155656
5020911
8928690
6275154
7832126
3671451
9108638
8757769
5986936
2456617
4259042
9853860
2738806
8709852
9690650
1786383
4878161
1632924
4947863
3596187
4209836
3590553
4080769
5933155
9447034
6713978
7091281
5630509
770677
5001684
1160985
5447003
6786078
3363375
5291365
5403280
6830998
8328422
1583836
8560396
4183910
7374634
8215929
9149181
8938960
102672
4308688
7176547
8222760
2191767
4287405
9814472
2042581
3587018
2014200
8558637
7542675
9620960
7028214
6951784
2060811
7792926
8305699
6688644
8039077
7880679
2896587
4748726
1731389
1067465
1067189
7730452
6402782
4368249
803353
4528613
8015114
6359576
4059004
5977365
1527964
3187936
1381590
9071621
7905477
3759173
9232201
4051149
12060
3085816
2670691
8453006
368827
18051
1195624
5103128
2934251
4089793
2291902
8474699
7065031
6822563
9834493
3768890
7238200
7414527
2916457
8972312
381329
7832177
5216760
2132193
4451788
3618388
9458972
3682159
9277635
4596463
8228459
7969401
6973710
2337173
27157
4577484
4423799
5172884
2596763
238104
3435392
5612365
7931823
644466
9759476
8476240
2018942
4652474
9741681
1092849
4568747
7713237
3875465
3004556
3056267
3860334
5566402
944333
7788337
8056464
7591918
170426
1620111
7482858
8838121
8906394
1404526
6731808
1720948
5859491
3283825
4275195
4664354
1857589
8506111
5830971
7549063
9233191
8235885
5700477
4136563
5559833
4207476
3252852
517149
4226054
4400463
4803615
372008
6198313
7931730
5198479
9780849
6935295
7438220
2486077
7080835
2108583
6077526
3304267
8254105
2884702
6968645
9453345
1557888
9861870
2196972
5645316
5749015
5768880
4809925
8126859
5002983
9515058
676145
7904872
1483552
9819377
61063
7703345
3674297
613742
9156879
426645
4214001
2918538
547809
1572739
697238
2414959
2274044
3443277
9838244
6138776
552856
821577
1901342
7462353
1625574
2430920
6925632
9597782
6119668
5730862
9641884
5576013
3763447
5757690
2925481
8809280
9824637
567809
902088
8108386
1878891
3259770
8080475
4067117
7503955
8723072
6644455
6096497
8339839
5030326
4449421
7372340
8704052
4112335
2106481
4895139
4600882
6918461
8123626
4817345
7390924
8801735
2064663
7704882
9307035
5527529
8357280
4360693
2034098
3803292
7471217
5632503
5171613
6951453
5400788
1689795
363206
4589279
8842820
7882495
7705751
2478112
4710647
4669360
2862028
8818477
3106143
1516545
2839243
9602653
3904015
8219501
3939527
36040
5580790
5275572
9906930
2373909
7385798
2990387
5732756
5967086
408093
3020311
235934
2335207
3043752
4072609
1100498
8300927
631563
4664777
2849886
8552451
984117
6022442
7708438
1793963
1519671
7080601
346502
3309626
6698503
1495671
7996171
8808946
7816064
6234957
407626
278026
4193954
1012774
3167949
7431181
9893942
2391407
5752856
2568210
7557715
7500811
296253
1696880
4821328
9094415
4131646
2451720
2291029
4822174
7537416
9940449
2190244
3309826
2098449
175233
4860095
9767713
6227361
9200047
166064
9805549
1117090
5864742
3435646
9612880
1979165
5096342
7721660
2518559
2659054
6684023
569507
9923437
5045882
1479278
776322
5384468
3453220
8237283
4094120
9366819
5819109
8598630
246059
3934839
6888326
2864241
4441913
439316
6360623
4651095
9901328
5162553
7538927
6286976
8900348
9794861
9381938
338389
4841568
8453233
9827526
1230622
8689620
8090440
124188
9868975
859195
2039746
1714891
6166867
5746379
6157987
2348806
7040587
4226171
9494254
5993615
7500650
7049360
7190763
7345251
2736500
8177356
306273
6498071
7733593
2867380
8905801
3614199
8103295
9982782
5314877
5599170
6031224
5102436
9464883
9355969
3472648
7553781
3757915
2512894
237459
8443477
5380825
9908797
903179
322293
3292043
1244365
2736284
196023
7541283
7723194
3529789
1391379
6527149
393896
9176550
4159079
9976603
3030834
2672112
6765124
4525964
9269089
3817268
8965998
8003136
7635756
5667315
9910145
6345047
5860397
7013388
3756030
8787682
1110626
7229751
5548421
5332293
1372483
4102495
3457922
9244446
5696018
9936159
8122540
7174746
7470289
7590917
5454002
4832504
3119410
7080014
5378246
8402462
4549539
328237
8978090
8238240
4266447
1178297
3824838
5658075
1482039
8614661
4171843
9262376
2426074
1868469
4965787
2054816
2889021
5001973
5335524
8266351
4478967
2795774
6234496
1093178
8259328
9916147
3405147
7211720
3862703
6406215
8392880
7714151
4539233
852455
8766022
7554030
7064590
3629485
1195560
8792722
7451745
7346579
1997666
4203758
4233134
8701671
6821561
5779908
4918743
4245138
9701395
9992260
9992154
8542447
2510998
2800752
2553569
5842893
7043869
6533309
7729614
5923480
8946678
8457781
3817043
2530605
832586
3388030
9390021
6735816
1332515
8356040
7939872
2587520
2442260
3912066
7684070
6793019
6011094
6104315
7493342
8779904
1346421
5127270
1605699
9952713
13984
51479
3288539
2352631
9425074
1037564
1184357
2001463
3189900
8195129
3163044
3631509
4671966
2382932
4883976
1750994
574201
9020594
5324269
7533088
8697326
48455
5864040
4973633
3381586
4905266
596086
2895519
4760303
7671415
3212638
20899
7696596
1946514
9531181
4581753
6236261
7553245
4212436
9191051
7062514
7855842
2134091
6892442
6392881
1567091
2707292
2586088
9935585
2690092
8813295
8192524
1829532
3410472
8143212
7199531
3694523
4835768
5607083
6029868
6189609
3678094
2391382
7649196
7806733
8047495
5216089
6361954
1982041
510998
2748481
7639749
5295240
467040
7892608
4543548
4876286
6514830
9197043
7770068
2434052
2901664
4229272
9300290
8964051
9362462
1571016
8806985
5135504
9516957
4567814
1827214
8603240
5350488
8941921
5653433
1224340
4195434
9902283
3052162
8819367
313479
4481953
6040013
5204529
375812
2858845
9331470
7357385
4843243
2317312
5682331
5279243
2078988
986788
9080489
3003661
4882589
2522241
6858949
3134632
3184657
1579068
2712262
5712172
5933244
5903684
2898771
431192
3903100
3178398
9720546
4584379
8532525
5341745
6832388
8700462
6097182
1419056
4479136
7607291
1543662
4506681
8307048
3443848
9976007
3896168
4628249
7153646
1081979
2701042
4006202
441825
90343
1856368
8667446
6568223
8475578
7828706
7142652
9769048
1801588
4102427
1026596
7313248
7926025
8909820
7019647
1200158
7910238
1397421
3108759
9635059
3522045
7769243
4894470
8528383
2605240
120611
8457841
5504108
4105221
9609682
6937884
3678245
6357979
9388979
9017829
1029135
2986854
9149156
3074898
4679106
62941
7842193
8784978
4176420
2036625
4163161
2055538
7672026
7428023
7158773
9084930
1175642
2538751
8562785
7194746
4498098
5082047
4407039
6624415
1464448
1933201
2237975
3689940
735600
6887187
1345218
6879581
2897319
8008066
4576833
6673185
5088227
5683863
6061275
5749782
288214
2974960
9851015
3902899
2248918
7681838
8528267
924091
2952018
1416810
813169
3305262
3615743
4321769
2808698
2901753
2325221
511202
5772395
8847362
6873715
9814706
7950592
5138465
3706390
405561
3049961
7334416
4925754
5342650
9053032
4187634
169000
5409690
2661585
1734644
8150103
8318748
3959196
6398185
7384432
6154555
521246
5811037
6669690
9548007
1117580
564048
9125162
4290933
3324345
5983055
3086752
914144
9577360
9692296
4342694
3471182
6525150
6045175
6313293
3868069
5022127
1956451
2191336
4867362
4080420
4964966
1656142
8225892
6796962
4114556
3849225
6203602
9746243
5659005
5887472
492500
9204213
1954115
8637062
5357851
8477104
5583576
738550
5858037
9120375
3367730
5968290
1180649
1247521
4417852
7806623
9393508
8122393
2533360
1350646
7293090
833157
882911
1927087
1928694
7781307
1732658
5595801
6340396
6051733
7080043
2333563
4724889
2059505
6667385
5968318
4236223
2994348
7822056
68455
5540199
1223645
9392663
7797944
194507
7369505
6505558
5197407
4963995
97747
3026317
13041
8148783
553368
1329056
2050037
7743784
1288625
2462780
5117935
3419849
7234579
4307270
6675253
4669682
659238
8578938
8814495
8424298
1064167
4013373
1984821
6283315
6555019
634448
3430947
4105494
7334873
3352610
9529909
8236952
774639
3898033
7543766
5167330
8635402
6706704
7959055
5337575
4235092
3170733
6470978
7552882
5731607
1353673
353617
6632659
3016530
3210439
4891717
4028790
5307668
3012794
1512347
172026
1165132
6096786
1426981
8015966
6328120
9665608
5661182
7647700
1854031
5984141
9086012
8072367
9629401
7603626
7493234
1189026
8707310
2405672
6728384
6486250
5180559
1458289
531731
534870
7165476
2083605
9416
9677597
9409429
7277126
2867524
1999187
9767207
2357478
752361
2539689
6224579
4209012
5800744
7763248
3121976
4285300
7089552
1878840
4383254
9587070
5131919
6951380
6149050
2685597
2172957
1411327
226799
2139749
4918246
7247919
5995105
6894104
6028789
5406504
9319568
5076815
9262875
3598798
4088706
3276635
6023299
551087
8505012
1985029
1276752
1889223
7461612
7269291
7443449
6964546
3619978
8147771
3339591
5348546
4059088
2491699
5305547
6136026
4611571
9431450
2891370
61759
7220754
4746009
8862302
4712165
387480
9914087
8993282
3643089
6033422
2868629
7922573
3545869
7300983
700752
1269672
6500616
5609958
3531063
1583889
6665137
6962529
1223304
9784008
9424276
4020611
6082626
8615261
8812156
7210427
2194622
9481325
1554800
8308659
5827564
5599284
8484148
5469676
1592444
8063681
6571534
9908790
4317616
6004380
6861603
1345380
6338692
1427750
3935711
1544032
661900
3582172
7850279
9451636
9503687
9090174
809139
1568834
8396930
70158
1782636
4214802
5761634
3158603
630914
83228
1996581
5500075
3196640
2708906
1687762
5306796
3523006
5759694
3542712
3553127
2881660
8568443
8064484
4222994
9293193
3220886
2992031
3710277
163745
6469584
9631181
4603276
8314700
6465418
3554052
8700638
610699
2841788
8635256
9292055
3070492
2740310
8748786
1063333
9513272
526628
9524475
6834826
968422
4690746
6856717
2221530
1854910
3884868
567239
3975915
5755147
9506630
860189
7721879
3272972
5005685
7518023
8017413
6296830
4320959
1981057
4724432
3017376
3419483
946966
3602125
2454328
1504205
8021781
8143393
3163880
7077825
3763144
3660329
9868689
681384
98646
6643699
673214
4283022
3836908
4158057
2326294
9559633
8759417
9870779
505849
1858208
1358373
2746399
4691585
1573065
4814991
6471381
1940749
9580284
5909649
5543359
8694298
9361944
5655058
6760167
3453254
8135544
6411641
4017040
8845385
1816858
5364827
8790787
8124980
8998726
1735064
5209044
6322796
7189971
8390595
6798053
6393263
2416734
340429
3074159
8312424
3315228
3158335
819001
4113765
554887
6580921
8759474
1789433
3823001
8047236
3311803
628060
4018339
8228953
6550030
9774008
261394
1670210
315771
8715951
5464216
9484872
6130061
8845078
8350272
7460961
4694102
5646370
5912322
5365929
98134
4228458
2760482
1242871
821407
9381454
3906471
4668883
9000525
7136777
4086446
6038867
4104783
3413961
7797360
8072209
2154788
2980913
3371811
1021539
3208016
1719625
2872304
7644291
8773732
1692126
4306998
3265455
6560068
1819194
3811087
9101107
6257291
2369859
5229415
1078115
334259
9984763
785773
1305160
7371392
8830175
602224
4149133
3287719
9389824
82867
4362833
6235038
5168867
5219288
9991301
5709123
2855242
7960947
1892158
799842
758027
4500498
5144920
8927923
1481890
8422894
4481483
4399506
8724782
3004541
6414595
5841148
5061833
3713692
4081434
1387954
1952861
4366299
3268496
3246260
344706
9987371
7208879
3260570
511558
8760527
706816
6109611
1947111
105927
4244768
7024398
5132781
5454163
2504726
1191826
2767716
6302942
7723998
6779623
9025577
981321
7674204
3355028
7515421
6324140
3310668
6044853
7296473
2998880
8957682
1841076
6210889
6165172
6917169
1647777
8655310
4096031
5295056
9614148
8876049
4937653
1787570
881765
8852167
8114419
6539155
9724562
8403453
2020174
4817735
1233933
2371937
159833
2632395
3519581
4659588
194467
7307030
2952003
3881895
7268988
4258690
1557909
9677891
3798787
5429480
2965140
8552943
3950993
1383792
368289
9414931
4441613
8996712
261611
4024840
1715549
9542389
8051705
5085791
6717180
5457945
3746823
35939
6868936
3917946
3713703
9163765
5471506
9422936
8987129
1590937
1174578
1724313
1395065
3979549
3431917
8095809
970785
4064349
8123265
7662619
3207494
9346872
2550488
7255304
4607553
125368
9701237
1687776
1196541
6578348
7490232
6782631
9575570
1983612
588603
260137
5441263
5552685
7743404
7009349
9145680
6619426
8833926
8264771
4729121
5572091
8056945
6768952
2667755
1215035
2304492
8855240
8937932
8951645
4187263
7137892
2962504
7308219
7486172
5004611
4564381
1948513
2992127
426295
6160793
3865742
7283070
9368467
3384836
5098653
5883996
4861431
3993379
7306958
9224331
7214426
5127679
6577468
1470954
1831455
5398501
3110463
7045073
2690420
5818104
9795792
7477984
2701986
149982
5569041
6107438
9030461
4832760
5051622
4005160
5099686
587772
1532315
3866473
9632360
4213640
314457
9348741
8791388
9451066
2514143
2868703
253690
1711476
136325
9226563
7454351
4550968
3394295
812459
4304079
3381414
4394349
5514321
5208696
4619890
8834676
9450789
6361023
1578987
7204964
8753647
177190
7273804
8737335
8470105
4346406
5789932
255249
5127561
8877852
7694872
2971243
989824
7048014
2934708
3745766
8798184
3880580
8015754
8067204
7962865
8488515
6344246
6885261
6721789
2111988
3710081
537910
5399852
9763029
2469660
9257994
6397905
7370835
7965627
4631484
2469976
7827162
8544291
922170
8963096
931889
4626861
8445012
2818872
5261556
8686977
1562150
1771282
9846511
3101618
5869576
6792116
1166207
5598521
8314224
9968333
368593
7582792
6521265
2652268
856160
9937629
4453157
1724251
8172766
9693420
3571067
667561
9756102
1905668
7247161
3870671
8080768
3756811
6470063
4955038
1401823
9336816
7207616
6520599
5673575
4575543
8192404
8188367
8357860
4235498
6657873
1890816
6542174
4685139
4868963
2012456
4754486
4324948
9706870
7726984
5189780
40617
2774900
9556541
2646238
3461715
676889
5306736
1494599
6368632
3877856
1765396
9081577
3255345
5885718
2042513
5844016
332526
7663446
7038044
8285714
522746
8231470
6536738
8219732
2046222
9742137
5420339
8849276
4827546
7888001
7391661
442440
8392142
4974710
4409047
777589
7766337
9658288
9843860
6849053
7905409
2685137
3158754
1870814
6963184
6441192
2646413
6602563
9568855
6675868
6440196
7950652
8323110
7821809
9727181
3103675
988012
4480874
4773847
8028104
1765715
1526198
2082070
1351759
8248387
8753400
313510
6632762
4137846
2835567
1430549
3632327
3049085
504098
4131819
7330465
4985165
6385033
2392439
4936604
2122519
4104490
1816505
6099492
6565385
1528832
4995851
4276514
978720
3339881
7842689
1481780
9358725
4680692
5840577
8728658
6923401
6720846
9390357
1362982
2990432
3025825
1816875
6874195
9715521
6451351
1350198
6300307
2822276
4779598
186963
640857
873090
533861
8368289
7009087
9708540
6745824
824009
9849649
9793764
6929510
4292274
5657443
4332767
2277055
3234263
4897011
6410399
962480
3730676
283075
5589259
6252740
4930047
4705039
8308309
4018165
2182631
5162538
9047397
5865707
5644723
484334
3382939
8937628
3706066
9594551
5490051
6761800
2464079
2862204
610765
5659189
4565567
7325504
9697867
8248431
8814263
1393663
2255055
2997165
6791704
4172882
5022180
7539585
6463676
540507
1979424
9790697
4699752
7948072
8234176
7665463
6928087
375911
2820067
8199364
6789423
8831271
1671048
5619648
8366082
9432973
4273663
9462460
8159050
6652447
3554934
5299964
4682423
4314185
2832298
7029425
5675271
8387854
1891768
9079193
5031843
8653153
6892181
3167960
3201665
3148942
4780249
518516
396009
1422083
3382796
5094551
2239805
847256
2268728
3545355
7291348
2506507
1125096
2528983
3094036
8239266
2802920
6678672
2410791
2358712
9106845
7602828
3260883
6309075
7127534
168070
7593446
9456489
2707366
4449118
2548282
8271296
6701815
4029049
4090050
5928617
9504484
9563073
312681
6513853
2567473
3268661
2414450
8484522
526378
8317885
64559
3948524
9887304
1163833
870085
7522189
2528123
7284153
5121723
490114
4410344
405513
1497169
1407017
9690915
3786043
6957440
2419342
8255647
6547955
3821589
3564226
9695073
674396
7890114
6714912
2179216
8986237
2305974
4031680
8167552
6481575
3948540
3824554
5304748
5433929
46499
1428593
274771
1941359
6496053
4221778
2665936
175013
2865226
1133061
7148275
6113741
5101244
6362898
8599374
9697403
1679100
9120210
7258072
6778312
2430018
604011
4246617
1768882
330072
2750727
490821
7721634
4593676
5533276
7248659
9383433
1035488
2273835
2856934
7276662
9420096
5123205
5603181
9771731
7236115
3800669
191669
4499849
81739
3575120
5103026
8903421
4232847
3672971
4450190
8053288
1764154
8548623
6646914
2527460
5936020
8755332
1691771
9627533
3964511
2663399
2291385
2034584
9313637
9003492
6661809
1711512
9581099
972724
8419168
2063686
4962286
2126105
7169935
5528445
1703013
5918028
5134641
8485268
957016
8361093
5519470
660550
3414326
9375803
832399
1611918
5710042
5305716
9595721
5085403
5430821
1146840
4580553
2395483
7462485
9619820
2025099
8543365
802774
8396856
5700496
5412511
7015604
6513073
7082163
2589359
696518
7587220
6181465
7212054
1656506
4548732
4926064
1845310
5737903
1458205
1846640
2310025
5311627
7030107
1020582
5079702
6618944
4889818
7492809
362738
9041546
2367491
6864643
5775167
3051016
7173188
6665496
7425611
4376649
6542318
6417195
9944066
2986637
5091855
264631
2201046
8805365
8928148
4375690
6341845
8161442
9781115
9708754
6054873
7200210
6604057
4542265
6440275
9347245
3922045
2001266
1991774
6747363
2544054
8777713
9688197
6675872
8210095
9262250
640227
8783059
1992624
287259
6319936
1912016
1757744
7216245
4401658
3254151
6842184
9388
7021269
8324863
7284483
7599994
333140
368301
7708853
1413180
8169921
8814929
6201598
1572272
804355
3749116
6394129
1863584
1571095
6261310
9986038
6780319
7728090
7661259
4637621
6366069
2166879
3473141
8771421
1348097
5472030
9190459
4259328
3636637
7799738
5048138
3537765
5858245
9210889
8372428
6431548
1174962
1109990
1437953
1739705
224686
89801
5805505
7371201
312402
390492
195435
3102654
4510747
5693170
5684291
6859637
1708157
8568656
419298
2293912
359947
913595
4369503
3166354
1370070
5454962
8245996
65440
4399003
6319085
7400127
1915620
159421
6317715
5872115
421709
5678541
7224217
9065720
6006131
8271304
9626340
7591602
7854573
1352439
9740520
9746465
3951740
880090
7032102
8970411
2513777
727020
848230
5093115
7027059
7207862
6572563
7676749
7631895
3565551
5910658
1677221
7744945
1079524
7693168
8882756
2486789
6934567
9421532
345458
8001284
1333765
1744680
3220207
5867726
2845722
7885412
6936866
5412479
4638858
4366261
2971172
6937617
5039377
5072013
2770424
3308415
554527
6520721
2080519
2977091
7374875
3154192
710000
5949299
6965174
4657836
1763119
4148537
7621767
3002896
4473960
5716796
4195253
5567727
8452406
7494556
7348721
1261887
1101996
5044236
1707568
9888942
4814805
4496049
4853803
8374548
7096097
6567561
5915135
9102431
2256446
5566276
4470161
6969542
724638
5302653
6349832
6544895
3065341
7118591
1024760
5441074
4688638
3945125
652921
2403641
554819
9184729
8432801
4925249
5225322
1673213
9567586
9771683
366180
7100376
3656107
4763598
2304430
9237907
7771636
357890
5112475
8531715
2815472
4980871
7947477
2790123
2623498
7592652
3872133
6320942
2698756
897072
4350899
9406964
2994426
967886
3438557
6904231
4672343
7626305
3014286
6515514
8854110
4438761
7122304
2272919
9296603
3123208
6830448
7118905
8409543
8934965
3909847
458174
4331087
1933907
5606766
8799754
9107295
2581001
697152
559375
9015584
7243723
7181065
1639227
6794368
2693419
7930441
6943635
6929969
6089246
209448
8277826
7481030
8456264
8042851
359157
6742820
1697105
1320094
2649337
1594838
3670652
3367368
9884155
4355649
4956612
7099051
4717864
1604963
3373458
1492740
4719702
6715041
732847
9192810
1118771
3235005
6963092
7962987
9919657
4305485
3138630
4261985
3326546
8545897
2065613
7485629
2547375
4935108
7452798
1985820
6741847
8475303
9870278
446242
653064
9021812
6000288
1356444
2638169
231374
5085474
8058326
725478
8463919
5480839
3765116
7281329
4590711
1627465
5568821
4248820
4374845
3018197
5520828
7020583
5974896
4861520
6718319
2635454
2414632
4734141
6606737
1701922
5201702
6262292
8529059
288929
1597560
7931237
5551298
4842275
8569740
1086815
6213831
5542531
553824
5656546
6330566
2341955
5301161
6849885
2504108
7951657
6642887
5255846
7148366
4379555
2725608
8252373
4043438
6330711
7427320
781871
2451109
6514691
1275264
7421369
9265823
9399154
9346387
7935217
6458312
729092
8531246
4392023
2411556
454865
8979713
5920718
1779684
6366576
5244141
1026749
5938412
3513793
6629138
5468869
1570787
5572026
6071247
221831
1085824
4591798
8730930
5036030
2765286
4369062
9296059
5604523
9394939
685140
1390861
1620243
7047564
1083908
7633847
2694974
8552601
8408089
7966299
5931257
8298869
2642879
1904451
8426871
5395980
5706306
8227108
2751043
2737833
3098657
5977300
981942
6335802
5304242
5163543
6212365
6893787
8862047
4708561
6405664
840362
75064
4857098
5114948
3700396
7557007
426030
5511526
3335672
8457880
9154741
8303331
7025915
5526457
5500624
7110579
9761468
9770055
287191
7762038
3322430
9577408
4167370
5240896
3229873
2475603
6693278
3679087
6085574
7615869
5504992
4065156
7803580
2337829
7852298
3312094
6270421
460813
6099786
4916025
2914729
8773575
7214504
2492318
1358060
7002746
3950239
6945269
2148974
4587789
137519
8074513
1892639
8132485
9359551
2036029
1555742
4618448
1335357
6731344
1751742
9399153
8988238
5127356
5436456
7547458
2394205
5973630
7261700
8569010
7325591
3677644
7077335
8386622
3360338
4106782
9045663
605302
1934777
7774662
7196690
3161230
3831760
4849582
149385
1111361
4344101
6786798
3151940
7075402
8006073
129332
5846599
5315470
9443189
8691182
9718024
5934298
2404122
4014034
1928504
378675
5874745
3941439
8092507
166429
4164555
6362766
6921815
5850171
6569690
9794947
9260920
5974438
9407549
6631110
3714822
2674100
177444
2089216
7176450
4207126
2336696
2625490
6930308
7773101
13853
2810588
1944328
4961833
5941273
5067339
8638398
1685434
1629452
8154905
5967438
1490075
2105268
2406329
7434710
2337263
4193605
4811256
4243663
8042479
9888142
3754559
7123115
3312951
2576316
2838656
7424467
7724910
3536349
8581309
5800948
986786
7144581
1311487
7450508
2951353
4313205
4522514
3802501
5070122
1534817
210709
5392936
6789429
1585932
3787872
4303040
7830740
8338401
2232694
6771086
2953758
519274
8989785
512515
6405780
2989597
2796567
9152266
2959318
2332372
6824642
8308336
2301197
4632408
5619758
3415104
890699
6835163
4256533
8768452
6556122
4279155
4414864
7792393
776308
1402486
5645776
9265465
4206651
5572980
6944677
5131017
6694387
6874164
14869
5067394
782394
4031240
3426290
8688728
2688413
5081612
5251603
2563128
6227091
2276802
6732987
38823
1671992
9245860
7691036
9997164
233427
9521408
6785332
7830191
4555245
8136750
7777790
2827524
1427259
1190733
5011507
4275521
5587324
2985136
4152195
2979247
8907471
6920688
5006386
7802151
2130680
7120500
3586919
4091523
7895261
4990632
3839543
7566238
7005670
576345
7566905
6649520
5574982
6504268
6442695
6819938
2789794
2875185
6138142
3774684
1218094
9701962
3872852
7321817
6842677
7071590
7069194
331705
2509037
3037005
2300093
8867547
9317827
6561881
5626790
8259969
8031578
8928160
3415668
5330674
4777220
9751826
3843517
7342916
8536792
1281499
310731
9111208
44002
2656293
4626874
2887781
9946520
2187006
2907941
8839046
443192
8168059
6642024
2521486
4643217
9261812
971752
2765447
2177535
8831373
8556747
3875148
8086918
5422668
4592909
404138
8529260
7481231
4273692
5662214
6221643
853976
9836731
5539826
7481707
2352172
1027977
5767982
4883155
7952445
6628649
3171726
7916066
4455211
2299525
8297144
8684506
6690078
1179664
5848862
3896148
4974793
764855
9594579
2624145
719926
48901
5267725
2647341
8599963
8981454
6815539
3952871
6957020
7745756
7294980
6744320
4458880
9003587
9692682
8245218
4876739
7869618
8564800
7377542
4705335
3892987
2867848
445284
6055004
4236010
1594721
825965
7757850
3885854
5094929
2470319
3386873
4437061
525575
7539053
9355805
9414303
3823444
1814894
2565006
7240168
427335
2073655
7949705
4309174
3442456
8014869
6529510
884655
9194484
5780938
3522444
2162761
6436704
1500200
9085415
8375890
5710254
8799960
9915719
3158686
6445756
3236504
5551194
2342823
5391430
3585470
6202052
9890802
4719967
2393975
1845025
3264423
7575943
112154
5228162
3282565
8952442
9352525
2111113
2472669
6971353
7279182
7286468
9063637
1465233
8399827
6038812
4955948
6149761
7089570
8029967
4164557
9255289
5491078
7491305
5909410
1179676
7747749
6503685
5415096
7671634
1863705
4492517
530647
2515703
2004439
3959061
1469954
9643937
5866017
1190768
7775977
8960594
846437
1767417
9853744
2154562
133678
6845815
2874533
7824288
4528618
9660101
7661136
6102446
7173922
6888982
6743075
9724106
5163361
89491
6033754
4360527
1970833
2412054
9781366
4609996
8531054
7218771
802452
7130932
4283101
5701587
5309902
3759887
2461518
2751261
7216655
68880
176544
362789
9288898
8181372
7461849
7916048
6670252
5998382
819879
8265975
6188400
7168485
1704726
8654729
4868089
3859890
1371756
6508757
1279521
4822845
4258802
8264868
6363439
3603936
1530479
1994299
6394973
9248944
3947730
552225
1435969
7238375
7838185
8158892
9440828
8131583
4809441
7953725
7731429
1530734
8592560
71949
2503288
5525777
5228101
2193966
3963192
1246488
2632319
886388
1321647
7736091
6753564
4183332
1470244
8268691
2651113
5190757
6660680
1033736
3710275
8423420
4888386
7440330
8558655
7440487
7523549
887437
5405130
8738847
3404699
3365496
739393
9621625
3385763
1225177
1604865
4921155
9134647
5339175
7989415
4436440
7361729
6692581
4208243
3890679
2384124
9947588
7897286
1941624
4549406
2848641
3813639
9407597
3696630
526091
4450891
3439962
4054194
8667773
8254056
4095665
1051456
652077
7194505
6164000
1975099
9959324
1061700
9281408
3921254
9516355
8254587
3902490
5033512
9089394
8723703
171955
4322856
2843952
6098474
1231408
3539223
362854
1263661
5199798
7725007
7201134
1861225
3225374
9509252
9625978
2458615
9400383
1095059
6005338
2563465
6516003
3536609
5136862
9150121
8674342
6074272
5760842
4198479
3670050
2639748
437967
3893069
6499165
1896176
3227829
9282368
2846045
4060130
4146486
2818772
2761921
8837527
3820490
6654283
934368
8398803
8013546
6201609
3532699
2069836
3763766
8123963
3135123
9534600
3747563
365735
2060481
890755
3214775
7971967
7383286
3219926
5906162
2039890
671853
9778900
3296142
5511312
8714947
9815064
9275135
4076539
4766659
9940605
8075759
7595366
5334937
2678784
5291006
2086757
8565223
5921112
1323924
9951941
1253749
6165538
1843454
1275017
7080096
6829299
9163521
4434598
4911120
6808048
5125301
3551886
8760547
8799319
8605505
4706797
6221187
2779801
7434916
6750652
407261
1826955
5274253
4670456
6998891
7997541
3322612
8149010
5939016
1352746
3538941
1740344
8038039
440480
9870280
6811518
6099415
7388138
5108840
1580156
6031985
4423850
3107760
8961929
9005641
1560446
4556852
789113
293987
4494521
9514046
8223571
9768552
4416462
1186736
1507727
5114124
8969119
189326
6887087
8299149
344000
3160802
2486965
2205076
9874084
3262920
5925453
5717326
517986
1219835
5689822
7980241
1341873
3045516
5553614
3084607
8068844
3014249
4133080
2947995
1752761
1486315
4149738
2031254
3277482
9371054
4415822
5732423
9482579
928109
8574788
2870027
3179337
1209204
6063440
7375737
6002528
3696491
4989666
1145573
8666597
665248
1154010
7125300
3572375
6450239
2655344
5413406
4029005
7906654
5926369
9678331
1135964
7641672
1902754
8277026
8254238
2934301
9758757
601309
8429384
6139863
4885266
4045870
4683733
1443410
2640617
7491978
5176509
1750633
9531071
4230563
8754493
7732415
6063892
8109381
3363061
3618932
8124388
7083315
9502297
1241170
604334
2338604
2985110
1393230
5382337
9466914
3017436
5994323
7024159
2745700
4646162
1280039
5431166
4291437
4512264
721306
8354615
3506834
1981690
4680580
558319
6989248
8581442
1025972
2064476
6669358
6621901
5880611
1852666
7598696
1434465
3663316
5720182
5523622
9081891
3499038
2998318
7604385
9293133
4661193
7774041
564131
3173962
4681626
4528009
6697940
1550268
7919089
3556067
9855024
4960013
7387036
1690070
7161356
1341178
5579420
7425404
1643656
5725319
227359
8970730
7597240
9553916
2474166
1243660
3945880
2590683
9812108
5095430
9734388
4841541
3648423
5277255
641842
7759821
7353796
3362637
985504
7841641
7336756
9698025
971349
9319220
457096
6959195
8310664
7959182
5359211
7252068
4917927
4745395
4322565
8904261
8550351
7528335
3843314
535260
6573648
8361073
4027092
1398371
494644
9589446
3636615
5595101
5390391
6264714
4679505
4051744
5183611
5201985
7477080
361898
8191327
6882936
6021186
6876814
1631142
5197409
6690773
216219
6628679
2446819
9919913
3095350
1474437
4311081
4126611
7818959
4827855
1115699
4804147
342827
6163379
118718
5081235
6876818
7888313
5625138
2465937
1987696
4057012
7391233
5634398
5113119
8872363
5431733
3280042
1041118
9008678
8925465
2682379
6258610
5011848
1987350
8241789
7719084
1940913
4507390
1657421
3604983
7488110
3294399
504358
1896046
7227394
1710041
1184195
3698590
6867688
4440388
4461828
6980169
420043
9985084
8288205
4642130
241078
14073
3108254
190909
8048683
4026569
4784534
7780782
6723077
9671379
1156809
9680825
8696136
116963
141060
5544093
142863
3262139
4501856
4774045
7814297
5522466
609613
9018752
6946711
6321298
8135615
3668138
5197124
1626847
420891
359955
8052890
9090114
8376017
493094
2177265
5102911
5536408
645181
146691
6032921
565386
2159364
3222216
5149759
6042234
8454360
2983788
6930737
699695
4246688
7186456
1152907
4099905
6869255
1323393
5715748
1001377
4277837
3292730
7072956
2466779
9134351
2613407
242303
9998312
889194
9638331
4027282
9699714
2899968
2929060
380773
5350605
5201458
7810362
6391754
1952423
8774914
3659919
4675022
7818180
2007703
1670556
2794491
5490048
9697032
3877282
70125
2598841
7270438
7062422
3860871
787174
7846929
5801999
7489238
2657411
6690232
4182163
7807711
8841232
6778583
2087261
7645757
7564195
5869217
695031
414945
1591268
3401193
6336974
8196831
6602643
8123346
1131372
1961501
739071
457619
1524980
6577436
8079688
9961738
2038516
3901188
7580164
2289093
3171594
8287988
8341192
2872745
9548919
6445565
9953487
9758979
4742645
3616038
1933653
5893900
8537413
5181893
4415755
3319333
5828921
3777394
3706536
4498682
9789322
4512406
6507774
4416896
9227030
1215195
8052144
6688342
6700540
1580135
4655012
8929137
9563606
2816445
8954196
2436972
8095173
8651739
9648859
7224711
6148769
6265626
5651001
7281672
3964517
4729907
7752900
8315347
1149605
8403562
6168652
7033898
985202
8551156
7999439
4202314
4514468
9319421
8932380
7063873
9613198
9294925
7028444
343841
283398
9725431
5257842
7972483
4621491
371678
4876280
296924
1413426
743492
4356659
4917337
614494
3976009
1622655
6161351
6638455
2942011
1994559
3618235
966021
4337135
8616358
4731870
1627352
9928413
9701548
2494892
4141689
9541766
3908567
1940372
8346590
7616126
1116881
1947365
6482290
9092918
4005270
4568569
2073241
6646053
7042112
8159645
9647773
201425
3025070
1098723
5542179
5531002
1625452
180843
9352465
9336649
1064345
2380067
6590197
9012243
9803080
1727988
7239315
8129507
7059196
8753708
4197577
5992567
7233094
982704
4245283
3772242
3233928
6344384
8995497
2026836
5693114
7328077
3005655
3975889
7425550
8180036
2353877
840153
4455015
6493253
2943364
7056415
3716108
955441
933451
6723960
5610296
577198
7751879
7546394
5872884
1097189
7716225
3484981
9937078
705227
5052264
5205437
8290387
9612336
4533359
7771637
7853090
9081473
5522564
1574015
3640552
6120756
76041
121301
3318296
7717376
6571056
6016935
8697912
3229821
313189
1914931
1022656
1772307
4902931
2976061
945971
7420123
5603070
6203483
5843916
6617319
4441561
6630636
9899701
3198077
6450385
1504201
8974540
8987605
9922904
9497131
9035683
223075
8735578
9686259
3557470
5337542
7485049
2389132
5340702
3517456
5949549
629999
6066150
6259214
5163277
8345867
6342932
718303
4000254
4274328
5268108
7240032
1058396
6609984
4703797
4166351
6553609
7350796
5731701
2523349
3032380
9670255
6558856
9888155
7300045
989477
4006054
9515340
2351719
9057915
7339582
9438248
4150207
8826339
7833236
7230145
6868211
5406675
5598908
4009106
2854323
5096252
9813995
5185918
4307573
4421593
2589379
2593610
1050216
5655957
2694065
8782296
8822071
1198031
8347650
7270470
7527367
5539630
1932963
7691475
9887537
5079864
5609969
7867338
3650179
6692644
2682106
7587740
3764868
3245405
6448273
5877030
1262079
4328940
5717062
5392785
510356
397434
747108
4789435
2869088
9583294
6634975
6497658
4865353
5895292
7844733
2767252
7958060
1540929
4427215
8781013
9438952
879791
7245605
372795
8006190
1213444
9715950
4622209
8761260
5411703
1596625
6905015
1931591
4837360
7255816
3344950
4807463
4909099
2768219
5702543
8718109
8870777
6877573
2612106
6541510
1749740
3375688
938020
9910185
4231297
3944274
1247617
5958445
5516094
8412852
7335364
5146441
207763
3557526
5185868
2857418
5006537
4286316
9672725
3784501
7782888
484792
3055719
435327
4278320
5489031
3359875
7617629
5695120
9819273
8859567
1734708
1269765
6092533
6888270
2674573
8736960
9450289
9177132
6467828
3859303
3887362
1601594
9130556
3655411
5240721
210301
2813822
8547275
4947691
7374348
6199196
6850832
4951624
2383420
1451962
6715437
4534978
7645498
4772134
5632745
9848712
4523197
7389068
5232092
695411
8713406
8471587
8103612
1095832
9465236
8151789
4342877
8926750
8425306
1000785
8820832
1808364
2537315
8368770
2092627
2729583
8118737
8160641
8767434
3728776
46975
1399860
6139581
2721163
9052510
1872786
5209137
7544505
7251830
2620532
6523475
2313309
6701232
1845212
217389
2829625
2855834
6618203
7327816
7531629
29981
4220721
8783870
6164067
2627614
1872817
1520852
1690874
4010688
1072792
5641299
6873960
2981275
6539132
1382015
3150597
829794
341778
9357237
9476289
9353959
1797960
8565044
5493598
7532473
9517258
6153968
8137968
3278385
879440
9507425
2934734
2080831
1147196
8046278
8566556
2334525
1029476
4288673
174604
2518409
5996112
1506279
3830650
4628819
3606265
9376028
9643640
2099416
5002902
3056614
7862948
3599151
9270053
2268322
263306
8225058
7140451
4337790
2961447
7840547
9964415
1659851
16629
8789608
2061678
9789125
5078894
4536467
695951
9286767
8824058
6359586
8714346
2362407
9101331
3500281
215616
6494057
1079717
4469006
5039888
6040278
4755462
1543478
4551072
2551777
70300
4169230
994660
1321835
8721011
5341727
8090814
5522231
4410863
3747831
5138474
3721402
1220158
7250523
853404
3891464
475075
6541832
8590334
6259060
9921180
7049107
3617237
8480282
5665193
4523658
8268507
6363841
6423550
2737415
8522057
3835420
7178104
6834521
1895979
5633239
7668310
8041244
6345465
3148719
9266244
284959
1815231
6190420
6430304
808017
4882135
3194659
1726712
8384027
361442
9303685
5891610
8883634
8472453
4419051
3265855
6814955
8294448
8480843
9312730
8242775
3544732
7644989
4719790
4594560
4137350
5387069
4646625
5930269
5908322
3645182
5361875
7884029
6141510
5078497
9093204
2006856
1039991
2579287
9163253
1910963
8830681
7608986
163742
7443189
8170825
6735156
8132508
5190000
2509040
5468742
4065289
38912
4324053
1947414
4316141
1419144
1534252
377450
5554631
6850332
3416712
9619028
9396637
4594437
3909011
1027005
3582975
6653938
5824104
7857240
1889063
684466
2448297
6390454
8469489
4135012
9697264
8113809
4931023
5942755
4199593
5046868
7236085
1589749
1754293
2747369
5418277
9905589
5147395
4949153
3302046
8208564
9448172
7815519
5713812
1657805
5970845
7863754
618348
447397
4895194
3154887
893286
2694764
1822880
6712842
9154765
1019176
3429699
6252260
8360266
3112192
3381721
1452354
7591431
9467848
9324980
5426503
8915548
7499455
9408252
4089943
1676073
5992
4910986
4283408
5221865
9761351
5701719
864929
1201163
3367067
2508733
6498936
1520126
298419
1295629
3783985
4959077
2338367
3494591
4374646
6005266
8016858
236607
7387535
9940512
4410791
5128173
7670196
9051097
9549193
2070671
9505751
1672441
1075815
6107523
727520
3130627
3160893
1977857
9444446
295177
8099818
3247509
7795057
5003727
2019468
8863965
3749607
7641527
5855305
7412949
268437
5485810
2146804
5393937
9530679
4037253
4486791
2796175
9369138
1398711
2126466
6978479
4460898
1359165
5169769
2286966
7359729
7502478
7157286
6810109
8408670
6916271
902072
8868968
4230071
1436596
4717833
7210517
3233698
8390747
8259851
2102045
3134817
4596749
2020743
9272905
9177864
4824246
3859104
5645314
1778601
3608481
3220470
287968
9392338
5608799
1597553
8350514
3635641
7322787
8179174
5958479
7579644
6671356
7748095
1294882
9121769
6250257
271942
5623468
252314
5940730
7711219
1383637
3548433
1749997
7821831
7853299
550124
4080445
2999786
4043107
1377399
7954832
4697481
1476575
4942282
9796310
2842041
2072532
4177988
2877276
5354634
2706309
6879701
6547990
1819388
6866554
5854802
6652019
712559
114655
3862599
2478023
5048278
6026996
1666585
1702866
5086698
8488377
561634
6855857
967760
228009
3904961
235990
7968762
7258062
5244874
6346909
7969930
6825268
9985757
2872448
3469842
3325123
3404456
2129368
2820610
5150770
9843368
7897324
8370987
6022715
8223698
6936747
4837147
4768791
6515150
6682669
8631761
137364
6625666
110120
5130747
2697462
3632045
7494614
4987025
9542882
6065055
3504526
7273688
4266117
2573454
9839562
2773638
4672300
3156920
3359249
7847970
2887906
3740560
7022791
6490098
258616
1175771
4638014
8273389
9297930
9567990
5410942
2547713
8704073
4338538
3899253
9409637
8665597
5081895
7559257
7768229
3086928
8370384
4258301
8073049
6399413
6725473
6199739
7405774
7839277
7263662
7807170
1104506
9063264
6830052
5834341
5759118
8218368
2726437
6195057
7627994
8816333
3466966
9335168
3323773
8471367
8074409
554893
700950
9690496
6475446
1206890
5064653
1582991
1909753
9855538
3535440
6908710
1989449
4603045
2393738
8471570
6661655
9259484
2044675
5712840
1990365
1027753
1188318
545131
7787237
36849
5499810
1254884
3475442
3425146
3271575
3023884
1643212
9141278
3528248
8828291
9279174
4540958
8151368
7130878
4468389
5279773
3025244
7217924
7040475
5338947
2118874
6384562
3452315
7114973
485491
2427965
8821894
2784772
4865457
6492450
4281424
653125
8286464
5381140
4587730
4716537
5633734
1368292
1493594
8731539
2076711
8571314
9249174
3057605
6012228
1017525
578794
5390750
3385826
1396243
3173860
2294135
4917336
1753925
6225089
8629184
6967439
7350647
4456575
8219435
2561802
6316855
3051925
3879493
8795396
9262256
2857961
5488600
7063165
7987772
4041974
1993724
8228527
7278823
6086837
135602
8162499
8629475
433576
839581
5246124
3608977
9108015
662856
8366683
8787925
8672948
7138052
2393469
9394374
8740456
3237234
752094
2057860
6845071
8467829
5410986
9068411
3818751
2329830
3077218
7281783
6786709
4104844
9820
2648063
7060813
4638141
6471078
6706508
6440433
6284933
617337
2509839
395117
8547129
7868916
1795952
6314165
3417190
9422857
9078609
4806372
6641500
4807483
4840525
5621362
7378374
7058968
8799179
5428122
2243149
8810444
8436840
8388867
8911792
2675154
8906542
497556
2619462
3778780
1146971
4469794
2498576
9395185
1688251
1764845
3226262
6004329
4711957
1306017
6126014
9603493
8504957
7045496
9180469
6967186
7449497
315964
3321032
7174086
1616465
4643578
9821880
2943884
5523554
9031881
3391066
5932845
4236864
6216363
6741998
5774364
1804098
8395386
4877139
724459
4679555
9931267
868983
4439293
7419490
5305580
8329956
3902530
3261104
7505855
1329553
612247
3079265
5837114
2842527
2348120
8774607
5036923
