4818803
5364247
2511441
2894604
3796290
7345332
6488690
4418132
5030151
8854377
9062481
65205
5410184
2320105
8126078
3506507
8460973
3923399
8625906
6225109
6589476
3220590
5568431
1987207
2984947
3351520
3049200
734232
7636425
9359926
8202403
1612586
5775413
6980447
2770406
5517988
3230967
3384069
7992912
9542187
1325657
2752281
2599222
274032
6667543
604466
1011496
5508164
9547722
5576060
8973237
7220294
619754
4902444
3771064
3707782
5908292
2184357
4161916
6296738
5350186
2709969
5265955
5000865
3171773
6535238
1442810
6019662
6701363
1051769
2171452
8019083
3480787
2301955
5596565
4488582
3307697
9106411
7035459
1508581
2052282
9554022
2758128
6308180
5617354
3415786
6909186
5433469
7344944
9898733
796860
3151647
1677397
561259
2114184
5857053
3050372
8665994
3384067
2383199
9839531
8783906
3701080
6609737
78914
5681119
8514122
5096814
5386102
6628211
25030
3998948
2255544
4889594
6245608
6218749
5614387
7018126
3124609
5006049
2069352
2361515
8533386
6412699
3087298
915170
2875037
5553000
3852506
6791262
4095837
8770874
1203520
4478750
9280866
4890206
7887354
2434973
7634856
6395083
3956624
5072871
4742104
508303
5819780
9534786
4760812
9553174
881639
6266399
7902225
6322241
237934
1734440
1668411
7499035
2213061
2106859
3696913
4458069
7417122
2242977
9051051
3878617
1287862
1341709
3761921
3646331
3170072
8351242
9065921
1286633
7963245
1875977
2454752
4810810
210987
6251187
8287808
1643556
4727303
8138866
9463938
1438847
9350142
2401370
4152161
783485
1890086
4482193
273317
5118623
9817148
4632762
6066216
3280450
5239088
6505683
6815221
4330102
6598620
8953294
6667251
7936418
1955197
837386
9242530
7714041
7934727
4008111
3136196
7499673
2121032
8297582
3524367
3258976
9165084
3288920
4468449
4527618
7414680
2766699
1658949
6632263
8190372
6276137
3607353
1949696
6338056
4347501
9159893
9721618
2528606
6694424
7900737
8381634
2648918
9655249
6318655
7114584
5176684
3541088
6873829
6154605
3122171
8928033
1486270
4549661
271306
8124959
2329092
6458880
2787568
5462799
8942481
2206445
7438982
8829137
8117382
5791868
8578833
2689232
9398447
9439010
8249631
5304821
3529429
6842477
7445938
2670602
3220006
7996778
9756852
1101538
7277789
2171644
9138642
8542307
5264602
4368377
9344215
9996201
1868020
5590028
5572359
6912243
5861326
9900395
2881495
7902673
7383864
3139464
4196466
7051525
9622107
1208768
8877306
7220292
3098239
2215597
3231835
6333247
8347205
7064657
2717009
1479862
7801541
5960967
3341772
3906911
1512063
6349984
943950
1009914
3885782
4500098
8149617
2535901
9501124
5872110
6249647
4848285
1345864
8014874
2262524
8123946
3800551
793421
7049571
9776386
5467240
5070449
635672
3456284
4773110
6655863
5660015
6062795
6604061
467602
2777992
2616657
1127881
9677824
7980354
3987120
2511181
6344519
3985672
7833300
3744213
2902002
320221
1877317
3605298
7202177
8712282
6721608
9884816
9689354
9935668
4284696
7269958
2126473
6271725
3669632
2824352
8656414
3529229
1101190
8433792
9951195
4023362
7557484
8584688
7220798
6231573
4888593
1797648
9652922
3057364
7400160
3962363
5942647
9047934
7076799
5226671
8159953
1282737
3980747
2473839
171671
1584174
7236323
9135447
5858456
9698634
9641821
6424934
2939773
3293091
1853263
9135524
1513124
6836031
6737625
3569835
6824455
5033215
278152
7204879
8680913
2156591
8591573
7151775
1810875
2154718
1741051
3588927
3966554
9170860
571253
288450
6337075
2484785
2712371
9041715
3505203
1647189
1562863
3618423
7257148
1653357
9989652
2076936
2552513
7001833
2551754
8532968
5987498
3267520
7857145
2131320
8212855
8430137
8249102
3696727
9360832
7512105
1065677
4830365
7851917
1060025
7188841
9335311
961932
4662158
5154504
4503007
2748068
1990947
3321527
7806028
9876403
1891547
4676694
5856115
353444
2563342
1175612
7273337
6395725
8892649
6856162
1606623
6716968
7480467
9530848
6194952
14658
3492251
7163154
8223664
7038486
2519626
118571
3488874
3464442
996855
5281415
5389012
3975634
353735
7927733
3669872
4955738
6497758
7907382
7210719
4858630
5833608
3502958
6159106
6862723
4456871
2306533
8870681
4034984
9956669
9702733
4591453
552628
9302056
8986558
2262602
6786542
5790815
8905887
4658926
2190136
2587536
398696
1616202
5935687
9490263
7210161
3582068
9429346
5968486
8699098
1738224
3563434
5574500
2690943
6111214
1542553
3629548
2332748
5997516
7415785
1538059
9527622
1565383
5220543
7274032
7871500
1825370
8635155
5483124
2042371
2910989
6866536
108389
8555394
115288
418873
3252681
8458047
9990376
7913542
3190577
4066210
3000593
5221002
8593411
628023
2650424
4561880
596886
2663276
5945981
9774841
9705513
6344584
795946
6092844
6949330
3602459
4257810
6967370
4893007
3807528
9417200
5435609
8828694
130916
7644314
7798964
7610150
7272896
1701028
2492758
1128989
2861563
456789
1931658
3997763
5134784
1435103
6898282
1082525
8945876
5456159
3729518
7898285
9278251
3651619
9596769
7937937
8904265
7934895
9280414
5249428
1382947
6502246
7824478
9892705
7313496
2435504
3627586
3167467
9813267
1111499
399216
2258137
918877
3554268
6487817
6550836
1828340
8010985
5202891
5636012
6113048
732763
5673637
2422794
1375963
4224692
6333902
4799679
3268502
4292781
2544762
1359755
4334376
8435784
94241
8589670
4153532
84668
3817347
6142353
8905457
4710686
8047491
4134342
4221803
4583691
4662300
7472258
8908353
1949555
6426503
4680967
3726126
7830403
9474190
3402886
9830401
4248583
2704062
7825918
8855991
7623190
9772700
9907627
15338
2949878
5171856
7704520
3017810
4865120
8443135
2359528
7513722
2125534
2875306
6942672
8706281
4643181
1920384
7100604
2316718
4059673
3679656
7140870
6277378
313444
4093331
4671887
2474412
5583273
9734054
3657371
2466055
6966082
1479546
5144347
5360711
7227813
9093516
4529411
134613
9638080
9256823
180153
1970405
6100964
2939123
9787600
1896944
7422627
9590096
8848815
2182064
1477531
9312572
2806707
7126536
7887422
5275052
8987025
3442506
3133362
2932631
8638000
5410468
3557168
3456611
2234666
4875320
1571756
4716920
7783166
3937528
5687319
2717533
4984562
4952454
3815664
6905022
8576486
5287212
1662963
8246966
2280205
9029759
8814006
1225662
366066
4501694
5583397
9505646
3917385
5782555
6879802
2391428
5831872
3369388
6005056
8155725
9480716
2738569
3497476
2730634
4553779
4585084
3240371
8031770
174464
6213653
7175837
8464585
411480
5598643
3764553
1492793
5342010
5295923
34421
1975220
7500231
689911
7294884
6024091
9647461
6928774
6693031
6390878
4092610
993087
2357347
4740587
3514501
5055742
5088929
7346127
3727724
5019827
7446277
7963461
1364398
4003116
2512218
9558609
9368783
4818381
1886165
8919242
8980182
6393648
2082213
2057957
2147727
3487739
8334802
104996
572623
9908699
2583088
4206944
8453418
1103368
7693260
7985741
516759
934947
6022672
1846551
2033812
894745
2933998
3588345
6355636
1780257
2455395
520635
6015513
9559559
3228050
270019
5474361
674589
2495195
940921
4310808
7499754
3282776
8625291
6230145
8303216
1693236
3845077
4175683
1552159
2560039
4442475
835998
2031477
1991738
1039766
2676608
3621893
6597431
8969769
8528898
7314538
17240
2468068
3788269
5048471
2543878
6360646
9315798
1923549
1036782
7563688
5376933
8032072
9606667
552424
5595458
9629915
6457023
3479260
1676837
4412961
7584219
7778159
530927
5856295
1881124
3443623
2384376
9485121
8207619
5126508
570275
3446488
9249414
4573718
7309067
9558245
2641230
5004601
5084463
1334911
1279435
8552867
9478877
5172463
8993768
6635867
1763435
8445030
3248142
2585288
499664
5594426
6699483
8781428
5257620
1783095
4987748
4348163
1988800
6153535
9221237
3037338
7081928
6937042
2111728
5257702
3985672
6272348
7335177
4174289
8874722
2093797
3622892
6513569
1940215
5976354
6380475
7415917
4239644
1856469
1789655
4227160
1355176
780458
7214742
4647994
7094664
6088093
8928680
7604664
3104019
7584516
3594242
4452006
8774426
3555808
8965257
8949022
6156190
449421
4770674
8845418
9781042
6232739
4617769
1698953
1086944
9679891
4837319
1596396
7343861
877816
651903
738001
2069413
6518153
8715047
2172981
9155408
8894289
2659070
2807005
6422672
7434434
9186603
6734339
2152084
8081213
1163048
3793653
5683126
1084069
4008112
3557717
1659629
3842215
6420854
79557
1726818
3628816
1117421
2379007
1833308
4424983
4399197
3936133
9183019
302634
6624413
2650444
3059098
4777458
7010048
5240757
8239881
5856416
3914771
3210382
2031424
8583399
6434841
6115704
1151
2259841
235224
4684417
4358632
6106417
6900179
8478134
1949109
5120524
2781778
1408415
6586978
3959358
6672192
306637
5883482
32689
5109129
1198583
4844553
2299978
603080
3906935
4847219
7034565
2745944
371395
6041379
7001187
8762642
1902603
5670329
9273959
9550301
5994997
2977031
1400161
310714
3922567
86369
8528589
9126014
6913295
6196110
8384299
3976331
6282985
8354890
8333850
9617457
475271
1807139
8280400
1551681
6160123
9263080
990541
5424829
6215008
85576
1800763
5270356
466060
6251790
6924850
469855
9633686
2206607
8048863
1061509
8042405
7355974
4455559
3387158
5075658
9270741
3080015
9182953
6876856
5942001
7375715
9784172
1497941
7172091
5979111
4142080
59612
6033576
2597998
5819326
2245750
7833092
1682565
8781172
3882777
1072777
8579938
2421246
1880503
1303804
19518
1968560
2365349
9771179
3324191
1145673
5990808
4743258
518856
3803381
7816270
2423897
5626436
5510542
7476227
8615971
8369279
7857321
2498906
5819764
7499831
4845378
4604802
8040704
9177446
3101088
4313515
2522754
5544313
5401355
7200178
6476415
7975935
5975763
2769693
5037644
7920652
3771718
490259
8475722
2624763
2190012
8190991
3757390
4640365
5474174
6712744
7102965
4047530
8441464
5358387
2388580
1307502
6664550
8525559
4659206
3632473
3458894
2990406
7818132
3308352
8339447
5724791
4684296
286440
8135140
2889275
1173246
3830127
1623987
1748529
7983235
6486611
7096488
3485909
3426591
4152350
77073
3036758
3728902
4413761
1639626
2748838
644689
2146109
4869309
4968769
807927
4193908
3376531
1775288
1468478
7358409
2732258
9608752
3551009
9259603
8264946
5225658
3441469
7606795
8100804
7307113
8220412
2865178
8828744
697335
7776947
5942031
6859938
3361722
3967798
3484113
251524
8170458
425268
6445807
2659453
8214592
3272878
6348108
9619105
4773335
7783620
816383
7391805
5857808
7720299
1956706
2866688
4953373
8578614
7988511
3599400
6450157
6726525
1778788
6551767
1153503
5209744
1765542
4599400
2424706
7043036
4030657
1589263
3654930
3620428
7823775
7267955
9823377
5108805
1611223
1097388
2289936
6319909
3492733
7845068
6978364
3962301
7632778
3850021
9445724
282413
180843
5952591
54227
3420487
8708970
5413308
3405945
1101301
5123945
4161466
1178276
6198588
3504803
4851509
501971
7085369
3203515
1919912
2289604
803357
4858836
7115586
655971
4821234
3846220
4273861
2717368
3572736
2254572
5289565
2907041
449122
7969830
1602975
7980497
6054647
4972287
4358859
2439174
74525
8310223
7074541
8432699
6415225
6692554
2525337
4674617
1766908
1908786
1695406
2628747
2075427
859085
601158
4399415
531848
2974843
1090316
9010958
8606758
2233884
7381223
1605614
6485573
3733379
6868638
4217096
9965874
6181266
4544677
783352
815032
9924342
6041448
7351442
8832660
9982267
8430782
3518987
392619
5056152
8033492
4628848
8172187
918782
8552260
837980
7797149
6637356
7734739
2128204
2994265
9759538
4620820
3792011
9037176
9047637
860042
4841068
8893494
1399421
2839827
2349731
6938085
5963586
8452175
3065706
3389398
9254627
1979488
2910359
2473537
877147
4510564
1534130
7707683
9031797
3476858
2872839
1128778
9315285
7721418
2666035
6799732
6318929
1104430
4922984
4708736
6965573
61834
7808102
3646727
172455
8239084
7431569
8858318
1011226
4707451
2520603
2529332
9095930
1832422
6743910
8187321
2549248
1653419
4772903
2772100
1141076
5875580
1033818
674056
68349
1315398
3729125
3741861
6566717
3910290
1366922
9965581
7237628
7595831
9477816
2442780
8642027
8604991
5935786
6588537
7239192
6466960
4026561
7844861
8391301
6961125
9045506
2932897
7191221
6814369
1166775
579279
2732718
9042644
4557327
5635559
4484329
2636947
8600351
6858432
5601650
7093276
9770282
8731371
6735567
4083571
9007187
7549538
3133959
2561697
952623
3308325
1222161
4241943
9749709
2824675
207609
159820
7784912
4707254
8663190
2793988
100127
8539708
9608031
6267243
3506568
6155166
8136505
2231335
5701882
2448232
2785900
2667517
8785427
7839828
2304082
8150274
993123
9771654
8722538
528426
1787478
418880
5546555
3770805
8203998
5560844
6096809
2227763
423008
7510836
2869003
2569093
7564215
7087664
8713012
5868815
5568408
3297849
6377089
5613994
6666290
1380176
1979526
690116
5496055
729571
727731
9866219
7802721
2120853
9445995
890803
8109537
335975
7738180
7175066
6725997
3919210
5714745
7139114
7042253
8963012
9037039
6208152
6013010
6467608
1318001
1082716
3043789
5640147
2614840
9701783
6239446
7478580
6596426
2751910
651474
2440399
6921885
8524241
5025145
9211267
9828020
6070034
4391050
7483044
2374406
2402376
1337975
9506996
480266
8621060
4231946
1929737
4087361
6861161
9429412
7213999
6175539
9725186
8891022
5432651
6181795
8269663
4289687
6733842
6794164
9401041
9017186
3558735
5442161
1665360
8192007
286871
9998442
8512523
1685665
9663267
7750199
9241791
6449905
9363788
3652009
4995262
6894757
2583900
8122692
7827116
9809714
167105
5867430
1402936
2599122
3554158
2121480
3242141
6010081
7176528
8649483
9630346
6149568
4655247
767359
3454862
49151
5659419
2509697
4334717
1240652
4682908
6753230
5643473
3826603
4292939
7102562
9517944
2107472
7878501
9974249
5716256
3963234
8063978
8568053
5597780
6479548
6003280
6066893
5274063
3998732
2299037
7788319
1290064
8749972
4664774
7213858
7615808
4893986
871388
5333686
2136286
6374257
187323
5124957
2799944
2104923
8168865
6646874
2537864
2493269
4005016
94500
3966710
9280653
4773561
835947
3695926
9162047
5923900
6342922
1574259
2696819
5273870
2931206
7136750
6018012
6185209
3136668
9852439
6480208
22222
1361000
4712660
6116499
5328383
9877344
4653871
5470167
5088946
7635885
6059868
2990106
4073989
7289320
7202297
861335
255834
1423532
9912366
5307229
4683373
558807
2811178
9012485
7544180
9271987
6675357
3290238
9473518
7347377
4663597
4168394
8909672
5824700
3239754
789223
445554
4129020
3887165
5358826
2351832
6264743
9318306
5705301
657427
38285
449561
8211052
3024568
822686
6530627
2580357
8922295
4238266
8355078
7620138
4531424
2937613
9643785
7936305
1007153
1759793
4443861
4330125
8550172
7578414
1847346
5736720
751119
441744
7986958
9400420
3277870
6580323
2317892
3654842
5677537
3067178
2890508
8837746
4511531
5132682
3585179
8388933
6484929
5427237
4720602
7559161
5140238
3027611
3536851
7906199
8957828
5387764
6264119
3864443
611225
4746271
4216884
9670452
1494160
698498
3728032
265224
5367849
6854849
9943743
5586841
8267228
6842859
2169010
6161489
4265458
4351081
2324120
1396888
7613873
7333264
5286118
7422033
6753296
9679055
31103
7229575
8239367
4159085
1575026
2939439
1698739
7963799
6094017
2986099
1357325
4449977
5224921
4601770
2052209
2131700
7868607
1168208
8541179
6433048
5087507
5011562
4994815
2986993
3318784
4279894
7996944
4318326
1137603
9744460
3858667
9324680
2628039
244910
9252585
4459339
117876
6095657
5447036
6121099
9035625
5296493
565559
9964429
1139586
1442953
261986
8829885
694488
4903215
8232310
9839723
9836054
2190352
8666575
6422065
3291745
2972255
9154747
1399334
9475323
2581470
687021
8044004
3411435
1200983
6600590
9472641
1246308
3411647
8432404
8799302
5871059
6683194
9363199
8519356
2180925
5324048
9126377
3223367
7070089
3671300
5892136
4255403
2424891
3347115
5273141
678902
1110365
7604327
1796549
8865512
3218753
1844567
1137448
4144215
4786322
3060991
7208385
8288945
8567384
2309883
9871968
9806689
9331392
7753149
724741
1521047
3129317
9235958
1340985
1384522
8422629
4242398
4060393
4629927
2155544
9228599
8062973
4398246
2167445
4351272
2270634
1774912
5753382
379199
6179194
9657197
3751058
8555733
8671770
6382789
9638353
3845135
6511818
3809112
263769
2064432
5929850
2612873
6237697
4004615
6413424
9491183
3418659
4790988
3804444
7452195
3885704
5842970
7181770
7566682
5560845
6391586
1167392
3261675
3234693
1104035
938037
3400195
514734
4110699
3049274
5446664
7625258
383650
4387033
8339526
9365020
4841296
4969127
5804846
7856339
6609703
9576315
3831651
9345242
393872
3739477
1401748
5627564
5488827
5238883
9255659
480552
4315638
2277070
3749363
6257809
9988487
8686722
1895849
2901896
8937924
4934254
2284723
9383654
6730476
7636818
594070
3426997
6830062
7095277
3884154
6323403
5552899
9301557
8966033
7030429
442116
5117431
1754337
700847
3403263
2289174
2157113
5662157
3965687
4940532
7998702
2835541
6915047
9515405
9639585
9112941
6180843
9415956
8196036
6441328
34711
6707531
8458571
7368505
8406067
4118793
5606924
2128438
4946462
1615998
8292288
2923776
7631736
4839545
2955089
7991938
2084770
8506213
3731190
8043605
8203021
2750837
9827491
2964360
5165512
124287
2006423
5196767
6036929
1195511
9598971
9849877
9474362
4454768
575881
8270876
9579502
2156769
2676086
8994568
2188854
9274916
9103316
3525677
4938845
1957767
7908847
2237691
8439158
2864264
130643
8427011
9865852
6873348
5075277
6399360
9717637
9497399
5237163
2050288
3250792
6582877
2452905
2207326
543280
9941
4554966
9091107
7918811
653803
9129710
2363008
2055781
2513120
982777
2896723
980786
7111999
7784277
6009981
2358949
8328901
1883494
8315390
5618990
8058599
4836196
3000103
1683403
8650669
3782260
3240302
3945767
4027994
7777896
8691624
6464035
309969
7455043
5970854
7878766
1432945
4647959
8414181
2120597
6025710
7667425
6225580
286765
3666256
7922836
5312292
6582439
5706711
1160516
2735905
2947901
5344288
9167879
4552139
2592233
4029507
700259
740184
598020
5053450
2206753
2757258
6861513
1057828
468950
340792
5228793
1644147
5133795
3861831
3380302
9378768
3660319
9700619
896335
5983325
7141581
4485940
7137555
1045229
550990
6932637
4535292
3049641
2907323
5530038
9427713
3278388
4939540
6770044
6255758
961215
8528979
6432269
3634152
5150603
1924547
4751637
1070792
8207732
6343015
9869647
2567721
4773472
5808037
7677425
7948
512179
9949199
4700864
5076506
4205763
9555496
6170319
1919759
1762146
8473969
40185
8982989
989963
1486105
4361484
1386168
5193711
9025753
397760
9426441
1358917
528079
1326457
4153869
304740
186505
703653
6889904
8361663
5304552
6632497
9611111
8711453
9325357
2986392
9198589
4300126
6674873
1009719
1622936
8640482
730412
3092337
366855
4357076
2466822
6856424
5526996
486547
8741950
3785314
9466339
6753284
765822
8778738
9496313
668072
8344480
5353604
2746747
1422729
2192067
1032177
1937528
9928165
2611131
8106631
1841638
2256550
4182793
8064287
5531499
1602856
6736027
9498276
6450285
7721583
9180406
7674388
4140508
4927455
5024226
3970724
6949049
5410977
3950854
2311242
6317649
9733186
6342196
9709678
9208694
8008306
9156946
5426142
8560571
9364732
7757243
1917961
8547996
6519106
6912384
6319312
3736923
310120
197992
3897893
8527288
6236079
352480
7245128
4741210
8341752
2152454
3139527
361892
6520026
9379665
2945502
9580403
9884855
4695849
4189267
9321543
2621665
7268479
601381
4883753
183297
6309198
2594670
4167806
5217099
4629515
2845704
3983389
2736046
9390739
3353888
599076
1645406
1118386
9627257
7013302
9457186
3123889
1476268
670308
1227105
3326080
8205774
5542291
7208295
245030
9771845
9210017
6570164
3746319
199842
6966019
3548077
2913263
5768342
9363216
7175283
7993229
5485280
726994
2587473
8657170
7395599
3969126
1105980
1251807
8628886
8900420
2638797
6766984
4835840
1367832
9879437
7035388
8412989
6920733
8416519
1551618
9657394
4682150
5583982
2937240
310774
1394862
5470650
5860546
8976666
7231390
1660889
4608855
242041
9272
5823181
6490308
1538982
5855381
5090784
8937336
7232001
3768889
1167701
8391666
7388798
8103755
908787
7839581
6860263
53115
8945871
2518683
6240702
6417417
6260199
356845
9997885
5551526
4664592
1096452
7778192
6051852
4318873
6789439
3115331
2134688
4214500
281206
3294666
7509394
4146034
6036903
9876221
4213188
8430042
8286268
2355431
4235575
4688389
2345160
6166973
5819782
3846543
7253795
9514250
4442269
3905041
2531697
9523134
8794845
7426127
9170165
8002611
6499604
3084506
7800077
467742
9418621
747099
6881808
2633520
6105302
7481727
8258943
1811621
5580516
9382003
132887
8654022
1428626
8649137
3000228
9569507
7160479
133524
930542
9671314
6737358
9487079
9545269
8231420
6505816
2728397
2063101
1042164
4408538
2086574
5289919
4710789
3656080
2875601
6734820
4997455
5050469
2724393
4426524
6210760
660567
9417863
3725210
6245246
9657021
6993905
5091074
6528557
1809050
4272009
9214952
4620731
1412452
9261419
6951578
4032949
9700728
4157038
1180773
6526372
4539318
6973413
2311788
938160
8389737
2718988
8614346
6428910
5476762
7150732
2173787
5150579
4106157
2687218
6017232
3006908
8367525
4304789
8445796
4902695
4185033
7067832
9952667
5572524
1587693
3862595
8805829
6995060
6610546
1021960
7625906
9713634
5829405
7355870
8766791
5786251
9213078
6455444
5648515
3670051
1017256
7887125
5591009
230613
5626380
7150289
8402090
677222
2255290
8791200
7861809
9426309
4442561
4525036
7140906
1448050
9737329
3120163
3482371
6480986
9903285
843925
9548228
1631676
9133174
309960
8333274
8165113
9704068
2741151
4103085
8139295
8981150
2662826
7700146
9298893
4869397
9370066
6312924
8003588
3466478
182205
5984818
8151876
8322653
7755654
7997665
2967460
3188698
7856862
6350912
6130665
4845109
2386688
4816291
1451895
9121454
4087463
6458583
7795888
2176065
5691501
1715964
9502948
2518402
7707878
5777877
3232450
6059748
3895547
4269448
4816360
9957759
5295668
5075458
3324363
7714321
2840311
5513986
4071091
2314339
6056457
2802514
54653
9424031
9356462
4953283
1827188
5380228
7420822
2453710
6083772
8690981
9808531
4640911
1256391
1116070
1312047
4887256
8448418
9106904
3892571
5202958
2952025
2612350
4247384
1869783
4269625
4859411
2223500
1160115
893752
8829623
914577
1410905
6397867
4488533
6766335
2967442
6427765
37334
6504647
5393488
7911284
2996731
3039059
8250414
94496
2133439
4100823
4273256
2416920
1012336
1929015
8761961
2969134
8333926
8446062
2846111
7550708
1983255
1729594
4708953
6125420
1048875
2097781
7245484
1060377
7109117
5189632
7816175
7826603
1661277
5827803
5464759
8269732
1034977
1167890
3606735
6324172
3169847
2389403
5954560
9952429
5992319
4499166
2753955
6314281
7410815
3524027
7949309
6029277
4632347
6769327
4477640
5112367
9092407
1060403
4961121
2204606
8170205
2914941
370994
4331438
9125653
8874833
2730257
1285579
3307198
4656518
3016833
4229909
4357372
2208366
6534488
2710987
6321790
5448045
5660303
8391112
2833455
9943840
3680995
333598
2685392
7713002
6320854
7678146
1111277
1981166
2815179
949663
2602985
6230501
6735236
2062047
3264212
1854870
5193229
1818022
1806273
2164585
4712788
4258116
7617572
5350965
4373883
9986740
4837618
9758568
5664210
5958362
1262204
1668612
7540740
2265330
7796492
2663368
1360186
2529341
4554830
1156377
1127712
9769229
5516832
4421385
3791354
3776167
7508245
7483139
8249213
5289802
6416746
8514787
3550812
709828
5576062
9148570
7172302
3876410
4530683
8034897
486322
5980362
2109107
328283
9956303
3551371
5349206
6112363
7175953
4429345
3628780
7927390
5797685
2130392
5064685
5315598
4112053
4103283
5950315
8401616
8081711
1371857
5420234
484416
8979922
8482234
1193690
9265923
3938764
3202618
5493638
3512390
5639361
3082381
8202263
6400696
7811263
5412330
159442
3407039
97966
3439388
2027088
611163
2279536
8190589
3118040
4123262
3718043
9735772
2595172
7507843
6717045
2511784
7167293
4524221
5686836
9428365
7841518
8328027
3930551
263791
5766649
8128400
2946586
1404159
6012994
9535198
2095479
7945961
2544037
8008933
9758308
7616545
1090803
1205648
2420275
6659238
7622442
6928561
6376763
4008340
7389713
1506989
3387773
7791851
1394411
5714467
5588672
8636134
1264002
8014172
8556246
1230563
4507263
6727394
6719946
3717623
23014
7325963
4075779
2470931
8911554
2753607
1485432
3533433
4406175
2166538
9853377
7274842
9383254
3953983
139147
7748788
7030160
1911353
3882364
7726943
9812368
5724034
1756305
1050329
9052728
2683271
2675157
2293466
5853716
5063113
7339507
6748983
5692877
4969142
8641929
4908424
399467
2472483
8947796
4667070
1378834
5478222
59163
7877427
4708131
2714779
6312724
7637348
8073040
1287324
6240381
5846945
7730818
2349054
4740810
4136519
4488490
8624573
1104186
5587318
3289008
8469071
3568092
4876033
4648014
6962718
5073004
2421323
1003885
2614273
8601754
1395271
778294
6688953
3506372
4631076
8061446
2954193
1371913
923007
1742107
8547051
6358347
8231813
5695946
8726055
4741196
7970203
8487259
3610328
2496959
784056
4554923
1768281
5667483
3821120
9896512
6463669
5930117
1997797
7024787
8065739
3540231
1923796
6348388
1934243
2882282
6700415
835121
5042632
6237210
4937298
6440396
8180641
2253650
9452167
5916106
4812225
9778123
5612149
9193497
6333518
9707119
5516893
202348
4250283
8963488
9963492
3147789
8065101
7578567
1701627
3643511
7208535
3254684
5873195
5572642
165577
5898682
9650512
8889620
5884382
8700583
1530704
468238
4286180
376666
8431634
3618314
6439704
6345105
4039666
8441960
2538422
1466862
7203134
1665172
3534711
9490488
3918057
6194553
8206118
6840666
550052
2870341
9618441
4838564
2394369
3974243
9224299
9944264
6377795
4484577
615140
4975051
7008823
9012708
2306661
6465865
9638041
3435433
9018642
3132275
8205013
9971600
9422997
5036555
2271646
5652186
6319701
8909478
5217960
4881534
9488685
2190332
1998773
8872308
4511387
4746980
2322992
6653360
6786873
3047097
1584519
4190977
1056677
9074609
1110452
7568956
2282387
4956581
9983376
5708418
7395872
2231243
5448127
716322
2272004
3985608
2880185
4119458
9232307
8003448
2064645
6723711
6790893
8576737
251826
8007376
6448716
3936376
9520436
4190143
6893879
212708
2516751
1115757
7817498
9726392
7467102
5515076
8781718
1834322
4121101
6241874
1354020
4410096
2291069
1143433
3992103
2724345
7976277
8460134
7237346
202439
1087357
8937698
7667157
5730983
6168272
2965182
5044067
9335270
1764957
2113486
3379710
4321010
2838214
8576539
3792628
3422244
8443963
4573054
2408002
7455118
3768133
8051425
5277285
2365662
8159143
5088126
2625027
2270571
3569512
2278101
804880
5021519
439837
8722036
3520051
783329
570190
7929866
5235596
3192110
7660586
8897140
2814000
6909930
1816775
2412933
4476374
1117513
6579069
7017634
4577594
7156305
1961740
3122113
3529327
2543185
7367212
2245246
9571493
9651409
8243643
654816
4047818
1370080
3383435
8693134
8916287
3466891
5493704
5362240
2647749
3071865
5206518
2171107
8893672
4596158
180043
4877370
5416304
7838241
8085565
5946418
2973571
6038004
9736591
4388972
7386709
8775119
6706108
6864191
222416
2484340
1286948
5638767
9089342
4308146
2076832
5297325
4485612
9785936
8086959
8355391
5734171
5051162
4435017
2630470
9463431
4273558
5858803
155617
686678
1460268
1553190
6482715
8343279
7480871
1837644
8182449
4880306
2932246
2366928
9436807
6468071
3251041
426479
1496918
6778277
2656669
5780389
7353932
1023437
6532406
1260403
5140418
340521
742936
5153685
7470410
3229530
856732
5746646
8055010
7915741
895230
6382094
7616145
4226283
5254106
9528507
1478753
4537624
7141023
9531533
7502657
5678467
1155924
9021399
7361793
2807403
7063634
7908801
6635954
2546999
8542796
3346975
4348901
9015890
7552583
7306439
3833961
1642170
67431
3169380
8354628
3725325
9192570
4295021
9923982
8019793
6360866
4384175
4256891
3429498
908387
4800093
163229
1060795
9110245
8683434
1127168
4840991
3994390
5720
1568599
5262181
4771492
4906022
3233339
928294
1210530
4608308
302555
2853401
9536824
9287412
7221315
4379828
40617
1960004
5164768
8844955
3433609
5367511
9271788
5848331
8576595
108868
3269446
8875608
1262943
6132999
62972
4817578
8595233
3430644
7168582
5300671
9560133
5933801
1255505
7985641
5568396
173884
6670683
6642074
366676
8422302
6297781
5539175
7422656
555093
2491891
30072
9349655
8841312
4040585
7839370
6245774
8531118
69970
8354456
5737443
8419347
7720489
4666975
3254922
7010313
3850050
7279309
4864845
2191418
9777622
255842
2986728
2397015
5791751
7158847
9509713
9895612
5552138
4950477
7257187
4694185
8665675
9315122
3279206
4946451
3674757
3106166
9113036
6074837
5866603
9478718
5622054
5403854
3283434
7435194
8286119
1548391
5484572
3988086
7112913
492059
3084815
608086
8930560
6206667
513648
4370222
8792181
9379144
321094
4028223
2855817
5849423
7397927
988441
2910688
6164118
3080057
4040246
5741294
8514119
1577679
3787198
9642657
5363535
4627414
1411661
49640
2244212
9949417
3461868
4809312
755956
7580344
338552
6152369
7112174
7115069
396292
1353889
2754812
9425392
6859783
5795810
4285601
9421762
206857
6500967
6533414
7655427
8180139
7080158
6101251
4777079
4450251
3293286
6559368
7400474
2367134
181860
5693662
816457
8161969
7614379
1827928
9037019
1783986
3021319
3158205
8497839
5574336
2178231
1884908
2889919
9548227
868813
4640635
217156
1972126
9581926
5545291
1638980
7272030
2384961
1702573
7030835
8558247
2138715
7125585
5173055
3094912
8064745
8678461
5779905
6970239
6375918
9265458
825379
426515
2916866
2860723
9802153
6558079
8395535
2278837
1686760
2076614
7823342
2433783
4497645
8214531
4155413
2991127
7487253
6104768
1360230
2927507
8231274
2427670
3254024
6410366
1769178
543741
3201856
5135430
6648915
5958647
5379022
829423
2950142
5530385
9547392
9210814
1809735
2116468
4244245
3941219
2141824
1836788
7064747
561302
4944270
7969833
765621
3419890
1187290
6193853
3714520
5285909
5065608
6208976
7886806
3502706
6485322
2573354
4007464
2730152
7676453
4281347
3031362
7253091
5033771
1603486
2495824
829841
1950642
2920164
6109950
2064546
9962740
1874292
3856984
8921604
1332139
2782664
3445977
8958365
9715292
7641721
3336102
5216805
1390928
8395290
7883151
8263058
9611103
4015417
4493942
8695394
3977830
9915728
8065684
577301
9966061
543786
6401430
4025070
4893007
5168857
495106
8715610
1777042
1416045
5775548
4898371
4570090
1236188
9383950
4700509
6046020
7251586
6949164
9387795
5576746
8531706
2596798
8582712
8092721
8319239
5816399
944271
3404333
8023561
9898778
807119
7618690
9044115
4451812
5450496
6580333
6764104
8466181
1937325
6242413
949920
7673908
8448995
9078475
4598247
1406934
5569237
3284546
9188580
8122859
7097760
7790735
4881433
7990801
4808663
8546215
2307694
2124827
9899889
2064676
9898546
854202
1322638
3504055
4864850
4787552
6933854
3365089
7766903
3663792
7183561
2906819
2230695
6374141
7081472
5526365
4295722
7007859
8181767
4988390
992328
3688859
2845201
285203
8428238
5454338
5850665
3921202
7760084
8447042
3253773
7630228
4928967
1792274
7356922
7671406
3333877
8153061
760557
1983039
8645714
3767190
3022787
4503888
8647902
5438364
5400447
583560
9448734
7870859
1052082
8110688
8871405
3349812
8494239
6635550
5962061
1529009
6336859
3751927
9423840
4648745
4214931
2763820
5714850
6581866
6481013
5800962
3734183
1610585
3369681
9305183
1264083
2639163
2034611
2279526
8164238
8334444
2931851
1440513
9594243
1805607
5249264
2300404
3212218
6294421
9886584
7969925
1297346
9100013
1889618
5655862
1229612
9680042
2945808
9415709
3434902
3977060
4730701
3414175
32730
9671644
1123392
4578004
778085
6371073
1166570
9718821
2255799
2101700
5697102
2373759
25198
2398624
8209264
6919956
7186894
8245910
3985578
8707637
292385
2403787
1169719
8024585
3226213
5585500
11221
4902183
1706420
5286868
8729327
5099246
8909080
7909461
4601203
1293522
7620108
9539941
9498611
8807500
6103586
2314718
2562562
8202401
1373881
1955173
5540602
5684390
836007
8919116
1481985
9609377
7119385
2603476
9727003
6307440
1550381
6345527
4127381
8994307
4674854
3838366
6081726
4708570
234772
1380770
9372438
3866656
7463777
6914605
7799061
5846023
9308442
467470
5261338
4817960
2630153
7750084
5811406
1510145
5138181
5260825
9605349
9756656
7943616
682891
7601593
7265439
9571467
7453852
4597854
7250509
2857703
3543217
3474871
150504
7947261
7451671
5078835
5184153
2067744
3165099
419002
6304520
9825585
6096132
7781383
5531596
9900671
9353681
3511141
5462312
3206199
6625190
9929722
7692234
8087939
3938478
9068992
6373688
2936615
4914411
7222436
8927359
2407455
7856974
4428708
136690
6312266
75993
4890664
4160260
4650248
563253
1134605
649559
7806263
1787504
3377468
8474595
8659073
604402
555160
1242112
5201944
193336
4083541
4834640
6238603
6305438
5727967
6912563
9810826
7500629
5676426
6916205
6523718
9045760
4952771
3363722
9426191
9678772
9698621
8876897
5044060
1330475
3523324
7363104
6743676
1669505
2959575
9783182
7580238
5903191
1281885
2178749
7532402
7231095
6907914
2626223
8430905
4088668
52991
4491423
3031562
6741063
2167203
1030034
4754378
7407246
8974218
3366621
5632122
870063
7620521
6076519
5974902
1834990
245633
2970468
549376
6952695
904076
7716117
8475041
4452325
4135860
8847056
779626
3363529
4684860
3989866
302507
6807868
3470877
4935140
1185406
4188120
8473453
890179
1363185
6538504
4905737
2048309
5496995
3674711
4377057
9380388
8638557
6726
2900343
5285378
8448098
4133378
7810723
7293164
4257139
9904642
6236004
1262712
3401352
3975582
8802554
4473736
6644391
9718680
3768947
7381303
4242663
8372529
6157921
7287768
6552211
8205629
9977903
6645979
3554758
5269681
7155667
3409630
6986877
1322488
505412
1455016
7292496
4995728
3092989
3027691
3520082
2527995
1181082
1037052
1896488
5413081
3264561
1739700
8370568
7214538
9932344
6521396
4176769
765217
5132281
5279151
7532115
6963598
4896871
5823462
9379621
8338033
3252180
2827809
2539410
6511227
3465992
8409036
6331257
5447705
8720844
6471758
6574317
7156230
496124
5961389
234704
1530383
4595597
2248895
2593407
2336226
1731039
9951685
360538
2470857
1278270
1080096
3906899
4169288
7749227
320408
6040213
7614782
4996184
4293107
3467732
2487302
7464321
3067922
8936510
8793305
3440171
2186342
1811464
7703020
8284900
8065495
7941742
4898920
3660883
9862452
3812101
9334151
8543528
3400596
2220636
6766078
2730601
2164265
5183149
4169488
9891017
4719000
5668050
2127041
8276336
5491662
5057490
9633485
4887560
152405
1931878
2456507
3024116
5605808
5274118
9406350
9948229
2480631
1939471
3535317
2060887
2270510
5539445
6238689
4487217
975945
5486309
2987693
6040300
7851913
923957
2397083
4827242
5027777
9842330
2221739
4821140
4983552
21396
8366191
377162
4802241
6811101
6709579
4986696
6672665
1792474
3435513
9279843
4218422
8100560
6400988
6665215
7258956
9733407
5705522
4576865
6396113
9969878
9593565
9459312
4704176
8628442
5242700
8646781
3871018
3366365
1734244
3335065
100421
9266196
1794738
2573963
2950439
5277800
9655899
7726267
2734446
4549018
2254473
3894135
5366576
1171887
4935719
3302015
5643534
3423090
5247665
323463
8678092
7261606
5633291
4400383
8289098
7407146
493770
7080391
4094373
3409861
3523113
5860840
3235241
2427125
2669507
3792313
9278808
9271902
4905420
4881567
4799052
3276945
140604
192577
7380719
1032968
807966
4302948
5806903
8623753
9161366
4474293
1522658
746362
5992628
6829581
1937430
7466183
416252
904201
4099174
3421631
4599678
1653165
9757868
9001854
9956343
6872001
5699869
2147824
1317469
5399546
4347585
8947357
5045160
6754176
1196087
8601159
3907204
3993255
9846413
2610770
5306966
531595
1717832
9410354
6491940
6455909
1697728
5395821
4190231
6543480
9083810
1268441
5742357
8554758
4724164
5590818
4493401
7900135
7312672
5386283
821049
2139470
2399850
7995713
4580054
4827724
8362080
2576067
6410076
3489805
9311383
296108
9459487
3430631
5998944
9718980
8879887
2984519
4319201
9853408
4804738
6319950
5616028
3100836
5999631
3509027
2922003
7558991
8668575
4996895
1282059
4215392
1599246
7619664
9770624
6113197
3026447
7436747
2348848
741642
8366251
2409608
1929596
4166301
952056
8129776
6682825
3361039
9698546
7689251
4347688
8224283
3290622
8717476
4904950
9499843
1220437
7374057
4303519
6013506
1271795
7079335
4449353
6570806
5556401
3944907
3652492
4411001
696189
3618669
30342
10079
6669241
9616308
4222558
6726544
8424315
3119968
1624239
2306049
9038889
7096014
343966
5857026
8786526
9779437
9130757
5672289
7113137
9564463
5045249
2406866
1664
1974699
9489839
9474187
5122547
387308
3823032
3939262
8508504
4274576
4465911
2207322
4081017
5744802
7672704
2637266
6542724
9304037
1052112
179890
4823466
9662244
8449251
6775474
9561790
7466315
5561096
3122243
7758250
6330512
8502588
293710
185792
2120135
4782654
2705398
1300060
9412047
2029381
1734596
338528
9490217
7255974
4234413
3461450
715774
1431975
5072037
3783597
8301709
9628707
710278
7285143
2775174
351604
9463662
8092603
1779901
1984830
1947306
2232522
8641485
9695219
1020833
6508190
2218037
699326
1922372
1596283
4493523
7574741
6237761
7670709
873341
1898977
99150
2119268
9196464
7561221
6226536
3226886
3224236
2568617
7051983
5559139
4113876
6577330
9907150
3212540
1296094
9896569
553080
6210669
9608722
8285595
4576405
9962849
5067584
9966044
9916724
8956856
7889652
4998302
641861
8631055
7124889
6597286
4151438
9983844
8066835
9448605
2371722
4575193
8363646
130417
4360166
4747267
5854112
6483928
3968969
2213965
431800
7312501
7146745
2301323
6408748
2462596
8006260
4018297
3644163
3127527
9214797
654317
3827670
806777
9075158
9522599
3266346
7657639
601492
5251750
140342
1296402
3170832
9358520
9127871
9893979
4706430
2570585
6864539
3281183
8378984
7847368
2838931
9739384
3096971
7021383
4801013
3918960
8654085
1668532
5108782
6731921
6479048
6926602
456687
694937
605169
6704285
8190693
2012527
4181740
9952293
1394091
3122257
1330051
1430861
2744072
3332588
8600260
700004
8556315
5926371
8691958
5341197
3066039
9595934
2270260
8752716
2012304
19558
7070208
227446
2198983
5902603
8540458
9354373
5688019
4008880
2588027
5724613
5303083
8474297
3641080
8599818
6271937
4651777
880643
6936179
9515047
17714
1585357
6772196
8550997
6483364
2518686
847236
7850029
9059942
9641331
3355421
8549941
3701465
3080433
8867566
8217927
7216843
5403392
8099538
7527029
9381270
267550
4660558
9619162
3209728
7981112
1898213
936445
2624262
7921102
1817930
5635076
7864127
1102130
690781
4429075
1134903
8248491
9481341
9706819
6123771
1836549
1822796
1354747
101540
243989
5949562
5745944
5100257
4062037
2187759
7402535
4693888
6669156
3626133
1117274
4947551
4469467
6661344
3969135
5203550
2013995
9732686
7533981
4321252
3919855
6754884
2895821
9767177
960025
3420634
9135586
374894
9742493
2022944
2587272
1196405
4497687
1915586
8295493
3390342
3423234
2770419
2746787
3866520
7568848
3052209
4775214
3793345
9618794
1034431
3625098
7463243
7939666
9871333
6616676
2888603
1654491
8028805
3200613
9341404
6903118
5214626
2246865
1612073
5797560
6010330
9317458
8799145
2549676
7076733
7112569
9744155
1649345
184114
1942813
864594
8966652
4985236
5534317
4071571
6435392
9253829
6118773
2532986
1260239
7281524
863237
4807729
3326069
2709222
6047627
2285265
3804725
9243174
8806213
6106806
7925375
1316304
8609458
6924636
4687424
5244096
1978573
9370874
6015514
6176492
6420904
5276396
9263159
6122882
7100215
3266695
8073927
3199974
8601730
3845344
6419516
5957957
445689
8505350
3919111
509259
7609131
5390826
2893076
6695958
7970327
4985721
2324384
4535979
1942233
5126212
9399990
3602132
395752
5877605
2072836
7321650
5397237
9423153
726487
6446210
3647445
2780847
7668858
382893
3019994
2996313
1526460
6080790
3738420
4250591
2774677
6696355
2193980
7598364
215069
5056991
1383043
7638125
3849271
2357240
3346952
5118578
6744318
5995725
6704640
6469655
5927024
1169979
1648350
329736
367198
3390969
1038943
6121787
2569977
3855813
5777359
4662674
4231631
4528146
8118192
2473579
7972607
6910650
3917816
1129547
1424974
947812
8771995
4201035
9965248
285036
2562937
7778157
4439581
9138002
980610
144288
6943653
4584145
9433769
6081577
1326059
5351829
187622
1653299
4600453
9376422
1235933
131871
3758373
74250
3419835
5570541
4454820
7708628
7499392
9505649
226590
6109518
3847306
346001
9986395
189973
6263637
1134477
4893297
5076593
9741023
3771019
8811004
9146718
7948029
2466834
3316892
3163731
6402997
1254885
7501928
3221072
8775990
9500616
8290768
9620769
6540735
3426184
101970
8011964
9402373
6911372
3329813
7673181
9630179
9801205
4161167
576883
3209198
7712072
5309827
4060314
8063377
9291448
2331716
1028539
1535673
6436424
8911131
2248410
1993284
9882299
6366144
3559616
3039199
5500849
6263163
8065412
7434536
6275965
5541124
43252
7538942
6807544
1283564
1548475
3291395
3952925
9498429
5543535
8862261
1637723
6760902
4859292
8379076
4964244
4487781
6240323
6578849
666276
9783429
6224308
7951643
8041420
2089528
176599
5097230
5031633
1996311
5307738
3437760
4387319
5941866
2658043
9419642
7975887
3676915
4825031
2360237
4946653
7201983
7290646
3971615
7299135
8889888
2496044
3234892
776252
6729584
6044847
5024874
1183817
1569821
7838882
2863065
2769117
4263945
78326
1242490
5301675
9776333
9679014
4444561
1339291
3391054
5999624
9723040
3574721
4460232
702628
5658516
5225589
9159881
1349350
4423818
2780495
7064469
3093418
3969604
7174060
4857327
5968591
8425288
8663752
6249202
4720819
5152588
6179688
414052
9504896
3561238
5807415
6199444
8096687
4366003
8151904
9949487
9336189
7216059
2368422
3321390
3112646
7407134
560549
2566568
8936592
1128095
967515
9715258
65444
4193729
778260
3536576
2128036
2951251
3559545
1431681
6667532
7288177
2206665
7872899
8538616
5952617
7432676
6376271
6149477
8711416
6318143
1777062
9777011
5977084
9464482
2825492
9104846
3733130
7995370
7107113
2664639
7824430
6978584
308192
3920664
9122631
9786745
2429880
9582601
4577541
6938711
5065536
2891487
6442571
6091731
5652691
7865769
6455590
4023818
655858
546195
5597008
5880391
1760091
3189525
1970851
260385
9950741
270451
3891224
5622459
2346941
3105083
5467166
9548588
7277482
6806803
2229450
68909
8073500
8813453
9482662
6948042
8081612
5015600
2188311
2319472
829217
4253142
751884
4727840
3354170
5344118
1276984
2597703
2017499
8633927
7087762
1861718
8916740
2236701
9970811
8611000
3792180
711815
4273743
260588
7172619
160845
1748466
6241710
2266009
2613789
5101625
4952098
1715307
9548146
9707068
1796788
7511377
6927885
7053775
4989134
4447884
247490
7239602
26797
7853786
642896
5821211
4878095
6103800
8906576
7805370
1540055
6410900
6861181
8887284
3491815
4937847
1243540
3021906
6155326
4288872
4265253
2535438
8256236
3183656
199147
1338846
809393
388457
3134277
7969695
7636826
655647
5634549
6563578
612147
9158967
8777819
1328021
1795881
18323
6850487
3573070
5214292
5477088
1951170
4379239
1560526
1686642
298479
1835963
6876815
9945277
8778335
205525
6489889
9940735
8835968
9725759
2467742
5929299
3893180
4345556
830804
2555646
6189455
2587396
3416724
5669314
1810139
8296691
9573354
1880387
9559282
8982692
4228201
216633
8553072
9796940
9215681
6662476
62873
8392481
2988799
8906986
7891024
5204067
7030838
5824067
9342766
8302142
2896460
8604557
7276179
2600272
8257257
2245899
1361362
6787115
3104712
3797388
8179307
5204118
5506679
7852948
1929637
3162224
2367335
9003954
7153341
6149998
1404665
6760973
5164814
2266428
8635935
9885074
8108119
9021213
3079453
7294159
9687616
6232359
5918632
8354109
7520058
6712402
7949628
6487788
7077952
2219789
5048115
165551
23281
257949
7653024
2759209
8086982
5342078
931540
1137066
2147841
8671399
8782023
1721661
86520
6715425
5562411
7745056
9062165
8090694
2958958
2949388
7272299
3095988
6143611
8345994
7394062
3239310
6521697
8415312
8538869
4555810
4363615
6177862
6046622
2544826
4128567
8049143
4611231
9492792
8154116
2507091
1486818
6003534
2443257
122214
8463465
4250963
4407397
5431391
4600259
56704
558690
93235
8623294
2944533
9894544
2509222
7160819
2852744
8153282
6309787
9640552
3252459
7722053
2592425
7939135
9522114
1168643
2662910
4692073
4871959
3453631
1877299
6780993
5514416
8166690
1042793
5048982
2766087
6328422
2624431
4502702
5109833
1606011
6494455
2671826
3314183
1038906
5436556
7051933
7162048
5142380
4403256
8750410
9646353
8784209
8525138
7042493
7489433
3758551
9319211
3769079
2800079
5188764
2013556
4876019
5973668
3685596
1536041
9557400
3131677
9573659
4904605
3091623
3469201
8668899
3295805
4062123
7510628
9031804
9443108
2909954
1515303
5228570
481164
2553471
3990716
5403354
9508924
5332892
8450184
8993160
7845950
5670100
3864204
818629
5071491
5216779
6192742
6129339
7730410
5428425
7604133
9686760
9460210
5714305
900272
6708603
7158361
3790238
6789635
3209252
1273469
3852927
3052114
183389
850603
5595442
2692038
6212084
4683119
4991871
3848522
173510
4467423
2512924
4014799
4312306
1520405
4719109
4773316
2298370
4192694
1816593
1998370
4611186
5883036
9073519
9532664
2911879
5508080
1746368
4117500
4763246
8354031
291671
5910847
9682358
7924516
3611427
4983001
1780725
1555657
8292398
1436044
2240117
5744230
6361896
7680239
7644192
7246090
7908917
487861
4162853
7005725
9861430
6294003
2105695
9172736
5090880
1970042
8975996
7673370
699318
7436894
4140832
9485148
705422
8734343
4988773
4029535
760673
7405404
2913176
6823700
9622699
5992595
8455214
878561
4392729
7477550
3436613
3343645
4099404
1511519
9314360
6326340
5871678
9813425
2742979
5850310
5300898
6029141
571045
5835978
4150448
1993091
5609054
6230148
3933776
9091323
4275821
3141524
993686
7663537
5846252
7376055
4200596
9108753
9802799
3883316
5771222
20525
390791
2156728
1367687
8130574
9485007
2272435
1639608
5851654
8846123
5035321
3092758
9954701
9616246
5625212
8821707
4738940
8755650
2275194
2083177
9688646
5514705
6765130
9110039
8016729
3034798
2016296
8541848
6999716
5341539
7584916
4531813
9076290
187425
7727046
5006736
6538043
6816367
9644618
9750805
5459919
9109576
9625282
5458773
4130934
8299402
1664383
1225134
3189172
1813702
8312250
2781633
2654712
4118204
8907851
1882648
6472515
3043902
676218
146303
7063077
923150
5029244
9600747
4728779
2409075
3176555
5067398
7996180
1336058
3410507
229038
8955729
2416876
4629317
6595636
971959
6044873
7164527
4499929
2450325
5240296
5721143
7182410
4718198
7974064
9085975
6562733
960875
8726572
5674052
3344007
456041
1262315
134315
8240027
7637061
1205418
6042565
7081478
466758
640935
8638403
1778976
2764548
7336503
4358456
9343796
2413103
675535
3706294
4304816
3597417
5775691
8804820
9904583
8166672
2579189
8335102
8752061
6921159
4893618
8774437
9594754
9925898
3144290
545853
126984
2573703
3888255
8171198
350350
7436535
561314
4536149
2151073
5035642
7463779
4231029
4132361
5278154
2000613
6596940
3975687
6415891
7281680
2948203
3346323
54234
3333045
2198502
5438548
878291
5981410
5230104
1507369
8550784
391374
52916
3971486
3219231
6336720
1068944
8714813
8040519
6609116
7935055
8096106
8274940
6799798
3203914
4685066
8334415
1625513
9980991
3374615
8211743
3692527
2859452
8377082
6417377
3754465
6914093
5247569
6470393
9003768
6412594
9888354
4596414
5980215
6637849
35739
4331939
4077247
3396925
111951
2021432
9219098
7092629
3935326
7663782
2754037
3063464
6459624
7945795
915781
7504643
618125
177657
7839864
9309636
5227393
1245756
5836853
7295622
807546
9004582
9543021
4600679
7111605
3342583
601390
5644821
5531294
7952329
5014911
5091520
1780844
7160655
6228435
4533577
4772066
5845730
8940103
1088625
9976474
8555722
4676837
4649083
5466329
3847297
2175379
551465
564942
1155462
6495361
2455082
9342601
5523519
614394
1139071
6660775
7738414
8254463
8828729
1265594
1029703
7971650
1303943
2355691
1322586
4942567
5470042
675595
8519302
3917658
5068698
9703563
6970805
9156343
9506290
8351527
7875103
5917122
453931
633624
8284020
5524438
3406210
3106429
8225641
607271
8155135
7115858
5154596
8566818
6469496
4879035
5039261
7751392
9497635
842915
1758261
2563495
8780788
2115784
9206662
2631401
7969659
9344250
8413689
6636153
4862098
9554670
7390281
1258457
1893028
3655890
842548
3473199
4024370
69574
2040226
5021048
4972466
7777494
8608214
8875635
8930701
9522133
4682759
170468
6809238
437309
1399854
190138
7675463
3832359
3419396
9074574
7868388
3604539
1387131
9413187
1657449
6524306
7772039
1950219
9210676
7446355
6010784
4294019
6278150
8590617
2645234
4821442
605700
2370648
1895482
3538943
6807663
8790856
6226131
3488262
3652111
8895308
3795084
9597694
2260765
1691842
5104441
919286
1989284
1156713
6711492
8304235
6911808
8067219
6917013
3440278
1194622
647868
7619580
4748403
3854000
2447356
2009274
8421165
1134528
9696761
2381117
154991
365118
944505
7820232
8056622
6705831
2335396
9209967
1378793
7232394
5881300
4652300
8109752
8710683
734988
8030042
2834636
6665537
5660503
9025815
5932534
3161285
5565573
1972155
7215888
4796593
5685705
83773
4088185
9417641
4613540
9124562
9109654
2228718
2395175
6222729
3798743
3265271
6526112
4930701
5696818
3527519
244325
240854
8093694
7057807
5886376
7379662
8506763
6852508
1685951
5825931
8832095
8315554
9257645
2839270
6183014
4943303
7025099
9637147
4264043
432923
342202
4297674
5669196
5270800
4465122
576390
708576
177207
8779133
4441915
6589994
1726994
3528316
5687557
1678426
7792291
7501041
9805373
335283
5298307
9429135
8680992
8864859
3940984
6972568
3553759
8546897
1311835
7046029
5695342
2530441
593805
5373644
8203199
8463712
7167707
5491999
3643731
1998942
1639813
8077479
8137240
7978887
7356075
1328491
4387535
2352741
2771425
3600938
2094235
8125449
486176
1760497
149419
4267777
3458730
8673105
2624725
5424774
7407515
3153960
9464593
949853
4503826
3249379
3166419
8458313
2694996
1639546
1545997
9946441
9566763
3496262
1580878
7483956
2458127
1129727
9752402
392939
5268475
3755012
1614783
2763768
3680609
309970
8160002
5101440
5447768
6521530
8262361
7077688
7650528
7267339
2733888
4350347
9441347
6307984
6405740
273304
1977851
5119327
3010607
2306707
3697394
6829886
327189
8374660
2861417
1124871
5552624
259771
7656069
2306737
2977955
7340012
4626714
3734786
1808579
8605015
2939280
4261183
8491469
9123540
4176535
9890910
6866958
9039865
6899522
7562678
4524394
2277760
9775562
9438006
3009233
4516055
753337
914457
3277000
1206708
8947246
1745375
5583757
5819162
2475055
7887755
7749879
1146361
66125
1482431
2066127
5236653
1434704
5567336
3710284
5452779
9380086
8933851
226021
9951676
4492885
6242069
7617038
3863927
1666310
963876
3388662
7772449
612601
3730814
2056008
5781876
4184866
5281050
4487785
858196
9464321
2973006
342598
757663
6607199
4364211
4087450
6991616
3624687
8179717
1412305
5576648
7709023
460314
2332577
1562567
9863160
2522143
3924842
166688
6005469
8228428
6702328
8158300
4866131
127378
4980891
6312483
727952
7396091
818938
8567651
2851045
5383416
6040717
4724182
7523136
5380353
5916732
9001745
5129220
4243101
9411840
9496010
6248727
2112541
7014032
364969
547647
1776325
9570515
8322175
2039852
6769563
5318149
9239857
2242493
1667987
7851260
3285487
5067341
3228125
642769
1778960
2495636
2699791
1761033
2630725
6539286
9746015
4749290
1010915
5470794
2227062
6675633
246915
3702148
2174260
8890988
5744949
8724100
385928
9614850
396595
7602648
8133705
815241
2827201
3271900
8622410
5765160
6702272
8709220
156024
8405395
3029579
4637857
4079206
2453881
3508414
302796
1737971
4550059
5936466
8159017
9365478
2329773
8040699
6366714
3348737
4231301
1904117
569697
3385231
8473795
6638173
1134225
2082634
704164
5278659
6478469
5356426
3171266
5224019
6651785
1203621
8147391
3625935
9764660
3759347
8482814
4610088
3141299
5110193
5685397
9252769
7688078
9935243
746686
9357
6847062
2881717
8770879
1024560
7655773
6449557
8686337
7064452
6623223
7353411
9959980
7389261
2959077
5223352
816563
2392239
6131316
3138117
3937322
3517566
1061943
5955956
9326977
5994925
6190827
5782853
6381029
8291987
850522
3282928
6146250
6992789
5041971
8059570
3604522
9471619
1001513
8807225
9778989
2138147
6223347
2965860
717357
9051977
9031718
7656364
2026006
1674463
3698243
9332987
882473
1434209
2760598
5782929
9092569
247012
8049617
6119343
542518
8227031
2745354
7947203
9809328
1577685
14612
1152709
772119
1344766
9156072
7883381
3216067
4242726
4675635
2891583
7246615
542650
5611473
6817445
9386890
5668578
2493250
2870787
1124044
4585022
2675930
6230957
3237523
6009992
9490761
145668
68476
3513259
4731918
54201
7817587
4758341
6189619
4875658
9164323
5054904
3175419
3251986
9020817
2746036
3014544
36825
8632567
5045136
9487687
1807940
1201844
5295696
7442880
8415881
6199759
4957313
4671457
8720154
7187403
9113150
9415536
8220282
1972757
455608
6506489
5941803
6086474
2464201
6210615
62474
5569423
4098172
3044890
1496306
6492392
3979795
1380535
4740109
6027187
42640
9429282
3600349
1448855
1911105
2373514
9113201
7896845
1271581
219014
8984764
8910589
895379
7189134
6367148
4926586
7970214
5203422
1697582
7776081
2948120
2839117
1431279
5213286
2379301
9165389
8351683
8721445
3377983
61990
8253769
7159202
3432186
5134460
687466
3206605
8693097
1425840
8361584
2820561
1199855
7101327
9307730
1695668
9275817
704832
1403191
3207063
4551782
5713865
3837026
5740608
5686559
9875371
7269379
151583
7301626
1643905
8207591
709605
7745542
6762282
6555374
7141898
6076582
5599535
9233991
8139893
8349053
3504512
3092083
1127543
8153924
8938804
2997546
3946696
3583967
2511588
6521471
193030
8394165
2584279
2043819
852493
4770229
1571394
6184058
2562692
6036290
8281040
6873781
9426388
8907193
5316381
1490745
301959
2289995
1326670
5490124
3432599
4313920
4900221
5116610
7750697
401748
3931158
2714745
5131481
5375143
2367401
7595649
7364621
8903395
4478549
7400239
4480688
3281576
3759058
1855509
5658972
6147737
3135571
2644276
1096183
5573624
4290165
5181810
6420648
9476223
7502680
1503448
606518
7275013
3139559
8577732
2618303
4362837
1199721
9409340
1557026
2457422
7719838
4272050
2147676
5761993
3543338
5167176
2100817
9222688
8312072
3794198
482414
7376318
459760
8528757
6442331
8253462
102627
7157338
6328212
4680567
5237282
1601594
7155383
9319125
9060053
4429190
3340210
6089383
5175332
6189030
824936
5161277
1122860
3187952
6889298
5864144
7062903
6368939
7676276
1243136
651739
2815735
8723896
9883619
9429654
6993644
1924057
1008947
4774502
7738733
4766667
7821918
9593478
41117
8388331
4532231
1398318
8242543
9708879
9248614
240342
5874037
9256051
5571316
406567
5401692
8102934
3510741
9280476
5403687
476665
8708852
8663410
2198411
5337851
5600694
5382272
5047464
2823690
9359594
2622479
9110456
4346604
684139
3211191
1681981
4340931
713066
7542938
4037163
8354676
4468689
9234475
3904102
7637697
255372
6648389
9425172
5679810
1552931
6491659
8879700
451415
9093263
9661966
1796264
192582
2567300
4102266
5935313
6395189
5874417
6657231
4222625
8876639
2878611
4123644
537564
4276993
3044421
5857458
4144857
8293607
4677990
2403232
1636742
4214073
4460477
5503027
766896
9278185
6147322
9219197
8482591
2969512
1281631
2119073
8431198
6758547
9351854
287182
5971476
986540
4643890
5880561
5299965
6867
3835922
917388
8996728
5705947
6949130
2689786
4694379
6077632
4744467
8042983
6729079
6059731
3887798
3621810
7240995
4048755
6922656
2092245
8148230
9629303
39099
9637719
2174977
6107526
1596876
2684525
2667778
6840392
8940093
9145004
3702409
3707446
7890759
7486588
7714142
7388598
4678983
4049372
7156325
1682607
1115430
8438673
2532604
7898496
4868542
3097786
1401774
9527792
545106
2810950
6599722
1620541
8046371
9525270
3197021
9112373
575306
7178110
7418424
2081680
2894734
7825590
5801529
4692493
1453307
9662196
9471930
6980014
4819797
8396601
4540654
9222476
5768975
9328871
958798
9945001
1759716
7910925
6416584
9469897
2947631
2235138
428338
9882224
8637705
793745
5553572
8909998
9869574
7185372
3890732
484826
22192
9023335
8538819
5481503
5749368
403795
7115480
372009
9756713
2174746
932620
5620290
3234697
2127878
232373
5758604
2574730
6934275
6285399
3220110
6076369
2907419
3534506
6391863
7389351
9442040
125994
5188715
4248545
4924305
4803400
1519706
1406024
1440611
9812589
6926282
6980740
7153892
723761
1997121
4848358
3934104
2433263
7397303
4999080
659176
4609155
6708842
5667975
6036472
4734321
6021564
980757
7512371
439262
4164595
2406055
6912150
961773
4091762
819269
3726055
1193219
2574904
1697616
7728207
5407440
9806657
759235
6573438
3328555
203779
8579072
583573
2584039
1546264
7014850
8201122
3005098
7204835
8414959
4722890
1862183
3610092
6423121
8039310
504222
8933077
5656449
1031950
2542200
5099965
784185
2577096
2553711
6526816
7445514
441888
4621937
7321167
615958
761724
1733061
6242451
574067
2076093
2876951
1190316
7256931
1680043
413101
1955018
7623841
9427037
2536167
1996614
5508273
775349
1075269
2169697
219999
6013215
731979
8813635
8390138
8029855
4389558
7377331
8031685
7317128
7971274
6687181
4738884
1902485
1984432
554820
8718475
8090179
8796092
7222752
2740792
5215930
6143836
7508085
1940578
6769659
1150431
8470621
1994793
5648779
3955701
233186
7514934
8954026
1209574
726547
8616336
5523822
2853474
6681177
7712581
4688994
3192041
5413505
5624058
3294388
651316
3725732
7935314
1829808
639651
7813776
6555459
2516801
7605085
1541096
9141746
2755254
4336520
3582221
2137069
8987706
805516
7818157
6650808
5256734
1795014
349575
6790996
4112447
1398419
3955198
764745
4146312
504159
4746864
5744388
177680
1557460
697340
2758437
2657782
8364049
771599
87558
5112240
7981944
9891317
1946833
8092866
1308156
246776
7141697
2903466
6486623
5190787
5126345
7152088
4208518
1239302
1042309
1401666
2815182
6166001
2073823
9208290
3881603
9297343
5892224
6691034
7320036
9358134
738075
9372291
9903914
1756871
3153538
2166948
1641703
9833205
4170953
1586955
3907755
8897423
8726619
5234864
2459844
4343838
4610193
8647250
7339108
8750500
8514672
730232
3808293
1528501
1135405
3144013
6367906
3173553
5705645
4195399
201814
855483
1008017
5665769
8346382
8818101
2299438
8405394
5793334
7164205
512776
2163244
1906136
1849215
2997608
6208340
5772852
5440764
9210004
5741868
8497212
407355
9738475
1155909
2988104
6610847
7027975
6480543
6941017
2256062
5839257
4094689
837766
8210130
1280665
3308038
9115741
9357512
6546942
4063931
3063605
2702840
8108126
6899265
3584621
3162025
1408097
8047568
730650
3487438
1847155
4234722
4986476
1750047
7164601
4173188
8130616
5151728
7022367
2353622
6412648
5225301
2144669
672695
3525682
5086252
8202385
9407765
9446526
4434805
3970308
7098427
3689330
5044909
8190065
238120
4791702
82786
6343436
4496668
2135433
1560292
2656726
5928960
2688347
2138896
7387090
1100068
5898492
7071026
1458006
2916440
3315585
4870785
8966475
9078608
5809552
7427682
4549490
4607239
8253311
7091215
9008519
6389403
253430
7682997
8831985
5373918
8378949
1000340
3238543
7577034
9200116
8603088
1089114
8262509
1603670
2706
5673499
6229999
8639463
1224190
7601332
9615188
2672019
7167739
2225235
4466193
478983
731483
1234355
8649595
1238800
9878496
5371398
9498058
7337003
8127497
423682
6589651
9561689
5895552
8068623
3104490
5095900
3765719
9387085
7590082
536420
1918372
4845869
1691295
5983890
5891481
9710691
1468945
7046201
5044553
4381569
2964476
6095137
4253200
5945499
7317377
9429520
8687813
914972
1386173
385760
601331
1184494
7703896
4359656
599597
129352
8909436
7229256
9472591
1079135
3941275
1184761
9059954
4262877
8118768
8066385
6504939
7919816
6998406
2227462
3603525
66689
7293242
4812522
2393955
5581936
7399344
5350395
5066394
5810275
4276976
9700169
7279491
7108823
6171283
5546237
8830892
7072705
5467659
2321713
254283
5350404
6442735
218916
1757540
3651366
7530330
7856343
759490
9425015
8884244
1783257
4579071
9121337
2458347
1705363
4463335
1152083
4133871
7598194
1430930
93699
4782444
7415352
9299800
8621235
2348596
1262013
8385595
1748526
4665152
6021100
1011551
1052034
8659813
5016756
3178157
2602020
2333728
4234421
531906
3061874
282925
3068209
4638388
3071135
2044164
660588
9287749
436548
862869
5690964
7919893
7546489
8484068
8681228
9899523
2377188
9910978
1505557
4486064
9689709
6306868
435157
1499477
7953940
462628
687053
3816586
9620515
2749350
952545
9479811
7186890
3618531
4857534
535039
1093258
5594209
5779061
6054221
4276379
8241688
8334053
6160690
7436789
3127621
7394781
6757752
3951743
42736
2471495
4103054
3735343
2598819
1178827
2600337
4925812
8020127
1642570
262985
3512695
2531540
1450055
7586766
117507
2415480
9801374
1841101
3231190
8829233
3335820
9248113
5430467
6353399
4798267
4576189
5508134
9321482
5201403
1783432
4461764
1216197
9107530
2720590
8398072
6346940
9505466
3346320
1779363
2396230
7432337
2858962
7010240
3438035
8330599
6811349
8292737
6997366
606289
1040855
1257403
5470937
3673848
1569818
6764435
6955619
2155134
7235183
9151062
5987311
9852108
9151047
7232786
2747615
9748383
1967331
348215
8963140
5412613
5734758
6619543
59758
4619438
6959769
4630888
8307072
5003454
1655434
2449068
9221908
5817884
2976348
7130909
1999714
5502593
140194
1393944
1397684
1674931
7481361
6331858
5002280
8451260
9595061
1822025
8396548
7532818
3999
6116502
3539882
6945927
1236847
3108115
1054987
129812
3645497
1743479
591739
5620712
1824832
139422
1824281
4142387
2087950
44717
1610728
6797108
7041932
9621657
5342820
4422322
5119653
5084347
7136194
824718
8575069
3573608
8266138
3142712
9667914
4623219
6896609
32623
527114
8307951
9913059
759070
9986187
2343095
5817004
6142173
304098
6537500
4085200
8771148
7789279
8644395
8126001
3446953
6044683
5800612
7924611
9631992
8092035
9989887
5275057
9203272
4577774
990994
1268319
7985020
8604001
3580465
5014797
9238721
4647319
7389237
6365765
257802
4294620
6584249
1360713
1386631
2639479
9253385
5392841
9754344
8753993
8845853
2058383
595960
9826689
4246348
3642833
779683
7794281
2781858
9972412
7285053
7862669
8100569
2201230
6321754
2530517
7037054
701104
5551905
9536865
9976499
3804512
1039760
541260
5785866
6474092
6006950
3261317
5720206
1639341
2251960
4384837
9529056
2266749
1035823
5045271
9166186
7863928
3611606
1391329
4525093
5786429
3219244
7165016
6318050
8507300
5268063
9001284
376353
7253601
610182
7494538
4256126
430423
3222152
118297
7800396
43946
8384066
4006607
4995517
7648456
1286994
4845469
617473
7380569
7213960
4500079
7347223
7655457
109051
3833028
7458817
6205695
7166934
2910369
8831550
8672677
6251692
516561
7338697
276403
7872805
4577442
1259671
8960225
5810398
6066267
469270
9586992
7830652
6039021
1316585
5508451
1044337
9906126
4514097
635297
6402134
213689
7648558
3889083
4536123
5050593
6028071
7695566
1713021
2830012
2760018
9639833
7841229
2309098
9731536
7995370
439577
342537
4562479
8221020
4240073
9812728
9120736
3849451
6807201
1714174
8335056
3349948
6360130
8536000
487921
1498897
927109
9928864
2589143
1827409
319654
4523972
6882408
4692894
4382858
3614182
2231970
1876120
4443932
6138695
6000744
7454016
7417574
9903113
196757
487428
4164192
5437249
5909116
253565
229913
2233116
7474074
2566748
8493138
5408383
6202093
3632954
9230585
2666757
4109812
8273675
4246452
5595852
9787999
3300769
2389534
9648389
1022624
7155963
3418208
3600597
2343861
7266466
1388371
3249030
8729515
9010486
7688200
6547278
5501781
2815064
6495251
9181610
6890031
1178837
588143
1504890
7363820
5713489
512754
6827195
5703884
6222593
7771774
4238208
916398
4670273
5016076
2974474
2576056
5410303
6837705
6228407
789851
3853792
38898
9049581
7952714
8423035
9710179
4838933
5459273
559262
5150727
1701607
6034068
7530540
1790528
2704261
2595213
1801896
6420074
438810
3505259
8442450
9007809
2622978
4438618
4109098
2463420
8391983
2239025
4132829
6754264
573186
4546466
645987
4024969
9390911
1488957
4880031
6803233
9785194
854961
7273935
4266048
4677394
1703575
1963689
3152262
7116248
4840738
1308639
8159466
7379908
7734324
8221337
5075152
14875
1484924
1381004
6505528
2516972
5171446
8154363
3995095
9888989
2546202
6981070
8207462
8136787
3975749
1745575
4662976
3531623
108035
1995911
7570418
248630
5170467
6944573
9295062
8101886
2428289
6305908
1173063
4359411
3896903
795491
7757506
558441
9791226
1347020
8941348
8676839
8929130
6324053
155295
7850294
7391265
4732546
4691556
6046488
8658856
3147226
978608
8604055
273273
2618540
4067954
814424
5759378
6329405
8946090
6950940
1817970
7599845
5643164
9516975
5553024
9563510
8276652
8426826
9605959
5935876
7964916
6228767
8821012
8570801
353252
3414917
5230222
7768737
8434140
9199906
444627
9227574
5265165
3830719
9119536
1437413
4366595
3823507
4029973
3360936
7152529
3117986
1313390
8214622
6362066
5561628
3356057
9438817
4664538
4340272
6306217
3039431
3210130
8001150
8134518
1616385
5615533
8791049
4509056
8428768
3615993
1860022
74763
471368
3833563
3177433
5062742
2801313
5518422
1412981
5576852
3854842
1969860
3882616
3801230
9488184
565734
9164438
5085415
1348895
7317597
1224767
9475197
2030208
5975328
9468326
2192810
7596869
1542969
1850378
2754710
7300896
8964611
6998833
2399212
9048396
3002712
9415805
1784751
9010086
9935905
6093159
2243536
8992598
7922822
6574574
1953223
3986559
838817
6961687
2373977
2333263
4921585
986611
6993425
8994847
8994899
9795984
6012565
7905133
9270053
697863
7611698
1115339
4538856
4794185
6243939
1504366
8756574
385803
3362577
922763
6544293
7986699
2535308
4368655
9728912
7435391
9012120
9706953
6126805
3233706
7437805
8228361
5102705
5610291
6063794
6589039
5812558
6584161
5325584
1877932
3536890
1620205
9540309
3503324
2310469
3588832
8897135
4432636
3427895
2668806
8815821
9695863
1366949
146869
8692732
7462041
1074153
2452429
3324886
314440
497231
351970
4048605
7387259
1833066
8996359
3787774
8845897
554255
46923
3998649
6689285
988591
1358687
6589589
6417738
226507
432356
7959190
9508814
7913490
7214067
9562051
5247349
5417164
5013492
7501168
4261846
3161130
3639133
910292
8578006
6341114
9689619
6013848
6059135
4753132
5577947
7629517
3120908
354609
4797317
9624056
1716510
4259710
5153989
8833054
8238057
1049047
5329927
8680796
2370436
1931895
2941849
5467236
8817316
7944235
403741
5456378
6054390
2896524
7221971
1184983
8029905
8898245
5742226
5606985
5671232
1869743
4475613
1527636
2714413
5605249
9420597
1299877
7224141
3168904
7364803
401318
8957290
8242423
1638347
5409549
2882244
8310853
7258238
5012162
4674302
5243585
4199623
9292294
8657824
7499603
4685758
9481799
3184188
6072432
9123608
4567887
7815328
2304052
8129125
9488151
3688947
646373
2556485
2397915
9215381
2918333
4043841
7255331
8125342
6994662
9028116
6981293
1964931
9334194
6071446
2005472
2676555
8165502
61556
2179141
5545448
808965
4556389
1373640
4236348
8978158
7074108
6804246
3547064
7653813
3912548
2180080
5273530
547860
9224176
2091774
5334678
5949922
5328551
9983730
7238235
9358633
9671201
4770756
2950290
5291124
6319087
3970495
6231657
2148983
7592493
43582
7704737
9717993
2895714
9803711
6016518
4747925
4117582
1853771
5219286
5601198
4599057
669584
2117368
1142058
2380056
8854047
179669
7099439
2337315
2214128
8542349
4536288
2238142
8809185
6394518
855703
4711025
1701052
7252615
4243569
6126747
7708255
3274394
2163397
4677230
6220529
3287214
7229912
6762236
2656309
144090
5922875
7485953
3436731
1112101
2766135
6730444
4849890
5740162
4585671
1813592
8574904
3590522
5734548
8802423
8530802
2509853
7424695
5775716
2278060
9778489
5842031
5614766
7470538
4493051
5963992
8675692
666019
9483216
8092575
4914270
764623
6168909
9451003
8454673
693107
5765797
3126151
4053857
6267437
8678927
2246600
7635810
3579733
6106478
4046510
5235123
622914
2978864
6558416
9020321
2848811
2802869
3240576
1404327
5431228
2948116
1065179
4899526
2689688
6447167
73088
6471038
3999722
1864289
8117862
1824723
2244259
4002970
200115
2846820
8583136
4189396
9236503
3906143
1877416
5269191
4964422
9795942
9379722
35541
5964979
1728078
117314
7396178
164255
4772692
2898199
3130063
6266722
4617908
9195575
1463559
6592530
4149927
5890461
2157368
6816531
9133304
8011636
8997690
6025681
7521364
4710571
8962659
3309259
530334
2294285
8389533
1739087
6633668
7389816
520920
9917733
3608113
1664485
212751
3517422
6597721
2482471
3410787
3637041
7920801
2807247
5456261
1165690
5543933
1200427
2500162
202489
3156824
2633552
2014135
5153706
7071833
9719087
3667929
9640447
4615096
6432495
1173751
7146277
7152836
3111818
2340167
5586116
9071844
7292910
7334342
886499
7260275
8906682
806523
7737968
8982990
9913903
3105257
5538143
5521718
9867390
5044500
6002897
6425521
2264518
6875904
887415
3742887
547078
5403885
136114
4729139
8864309
6735678
2612646
6090845
3620597
4000661
8875180
6723364
3075756
3250912
496544
2947451
644086
5679824
490272
8968144
8563702
9270264
3365872
9570924
912629
4251004
398653
5522492
8519520
1395680
2340682
5198337
1814117
7667043
6946396
5305235
2804043
2147593
4230761
8954907
9416416
2600262
6865538
1164244
4167329
6590354
7367332
2695666
9431522
9744984
4767453
2056248
2805249
2827019
2188199
2070919
2375931
8847949
6271339
992186
1033802
3327425
2918577
3241827
1409899
3904417
1234700
5257439
4321166
6547504
4876263
9947832
433204
2280368
2725916
4516328
9424206
4677575
2018945
3000224
8273162
2424209
3246069
1759521
687253
4865510
3162983
903611
4656597
3324599
4192873
9785872
8635635
7569671
2255380
2069874
3593004
8879695
8670176
6328805
354002
7044194
6751320
7210437
1484424
1006369
3685649
2841033
6287312
9176492
6315684
5342060
6960676
2045596
9767387
3743439
1663465
8308405
1211776
2491300
8194839
3460399
739139
3239794
7515195
8584918
5983863
2852714
439142
3231114
9728126
5523045
1491637
7132726
7498862
129853
6647060
5259252
1597477
2653321
325444
7416650
6007275
2591553
3214590
9349944
8185808
4125094
8249686
7931877
8693134
7418707
926088
4949180
8858380
3282377
3138908
3831786
3857824
4404854
6154432
214560
2833890
3381458
504866
7921903
8469653
4433126
3843590
9793476
8206158
6214989
4932160
1783225
9684757
3688401
2894451
4839291
183691
8779758
6370992
4907748
9720617
3397789
901491
4128299
1911036
6652250
3160768
8715275
4029804
2150345
2259180
765095
4648247
7952429
7105793
8036137
2761212
6643393
8383712
8798945
7285981
2376208
7513168
2340901
1318291
1536885
6459700
174275
2569044
892071
7992075
9016320
4511131
4873756
9373631
3512695
3818561
6614893
8848667
5753788
2383734
3807079
9627220
1025903
7915100
9170794
2956
9938621
1950106
7447736
3976989
7410832
8365858
9068079
3609835
8226254
5266452
5466798
1051136
6152104
7687985
1167730
102719
532998
878194
5166027
9326325
2041600
840566
6284254
234877
4848176
3396836
2567903
6002931
64999
4197046
7541603
3306526
7649862
1995357
3083915
6979364
6817527
565442
8471564
365402
2858784
277378
5352498
894580
1106522
7160950
7439816
4748471
3499296
870650
2519937
8609171
1765153
1875572
8428478
1453685
8527342
3197350
8178002
3880786
532318
8561657
3538617
3504806
9126207
7844570
9895498
2890084
3009535
1299909
8849363
4792175
8373839
3482730
7207063
2255994
1233135
2496075
3955532
5421668
4721907
5540523
1161854
7198846
2045476
1355513
2087928
5933746
2507345
9702103
3725072
8340273
4299738
6475912
6532321
8270855
655296
2793824
948744
2875169
4235399
2618132
3327762
2929519
8037282
2141480
2235616
4111063
3928226
7582546
7688911
4209407
8155899
288243
1970251
7664084
1229626
525146
670192
4374570
5606202
2994411
7383317
3599224
218995
1660592
1929652
3887883
1104098
1864666
3229024
1196151
2466877
3698251
4364898
5024055
5921302
34021
9262098
3870792
8543956
871963
9007391
3967859
2601578
6124643
302311
9093834
2869198
8032190
7375123
6703016
814384
5165445
3354707
2193253
3677003
244887
2808293
8211809
3304209
6332191
8554998
4201732
6167001
6154127
9239822
7034763
7093717
9157343
600942
9544024
5805084
4378012
4748391
8896580
889980
2296734
6081166
9716510
7913026
5474779
2602838
8394331
7686717
5227460
9654634
3192280
2283820
7811897
7770640
9735180
538042
5305900
9825261
2084872
8786319
246696
2265051
1678599
8797608
6853565
8294713
7212841
8352330
5927238
1766049
5705528
8346044
751980
7902264
99619
2172509
549327
2656399
5125434
548421
1107100
6334432
3712858
9801399
1032159
342513
4153643
2759673
9684551
7299838
2344510
1642925
5888128
162032
9318489
8376268
2335803
3187469
3333097
4301583
6601094
5558015
7807784
6867892
8683912
1745893
8914736
5491469
7798591
658455
2554679
6869045
4252329
6204055
3818222
3644017
6395562
2475264
4800293
2300980
239233
6015462
8224809
7580460
3858623
6194349
553213
4031607
2589620
5487859
3384099
2643053
2648605
3790321
8863261
9263659
3780327
8786701
2042018
7246580
5056950
4572852
7935096
5922245
6019274
6912584
1797605
3549706
6882487
923570
7936786
7798831
4697603
5643921
6522057
1198171
7373635
9928154
4192297
1125027
4910893
1422400
5101611
2062982
4763988
2049905
627806
9954451
2829518
1398827
4354048
8317065
3496787
8970345
9429341
377192
3945122
56067
8291677
5576979
1433219
7613778
2195006
8173382
3919962
8006800
8806428
5154692
2828641
532515
7521615
8934596
1796090
2243965
6954326
3760183
4372390
3590462
7853500
3997171
1921416
4508802
349734
9873491
3227528
9452750
3055302
3353928
6105438
1192181
2617137
2869047
4338095
8561136
20966
2427631
6071304
6687089
9651046
2215581
1465343
6639593
5205258
3847726
4961682
8101247
7469805
1837645
726331
9400417
9417392
7164973
4444579
5787747
4278006
4016221
1412114
3317658
7882284
491137
2754677
3478603
4176230
3535658
6426706
3268213
2430718
9174128
5496534
1433943
2167403
372248
1666202
1187265
9037301
9587560
4118874
3909759
8837438
3827715
9724169
2686077
5415742
6348693
4074725
7132199
1026928
9088584
9461053
3623824
3949206
9652476
7883424
665638
4230519
2906972
4524196
8949973
4251073
7270686
5176866
4214607
718226
4813500
1611765
5986544
355545
4743441
9642761
2691602
4738301
742674
4077246
2570690
1751179
1229301
7916311
607433
2243238
7247735
7464197
3568832
4118431
5851
8121337
9951083
9759661
761133
9698205
7538202
7024181
2778151
4054385
1678288
8604336
7166797
8231961
1111132
1383073
8966738
8806486
9402628
8069785
6233723
950768
8116189
7302067
6948407
2645709
6614824
6868620
6900223
9217642
5958137
4763438
629829
77549
8530259
4204015
7601386
2025815
7513178
9646022
9748338
1621198
6571004
8884187
9469396
5819812
2243368
8481498
6169918
6131298
4191452
1889405
8208010
1224492
2667540
9035737
8340583
8769320
5978682
7614560
2894822
597096
6842
3415747
8970903
4934220
1918376
1513223
4826119
6489388
7027687
2518395
9224060
2454638
7393020
1448272
5029436
4524895
3273539
2086528
8798978
8513789
6031368
8751761
6030457
3987016
5802426
7998291
698574
7791394
9571719
7464939
1483515
3348917
5701077
9938582
6738520
4324452
5316905
9892899
9276097
8333073
2548738
701961
5263142
9703410
4604425
3953569
5771494
509471
6815726
4441962
5472161
7913955
3395492
7530565
2962227
2658148
9759676
675935
9263349
6804113
5526503
9341785
1262573
4875235
6611074
1115667
6778422
3333109
762051
1721691
3990604
320719
584507
2438645
1252461
7649531
5003499
5406909
6531118
5120244
1617411
7001408
4183700
8537527
5941653
2131216
2177278
1990368
8355515
8974477
6968110
9237950
4826000
2387438
138733
5624772
4348908
7167873
9301948
3156255
3879796
756507
856150
3721335
9142941
2907032
6414923
1075875
8682363
6804713
2274202
7868865
1753691
6853831
3927082
9448202
6890989
9870390
2334094
4132468
5379300
4209280
7987076
1247396
1639761
8496004
7997111
8958549
1714915
2623928
9249031
5415407
4601283
3730948
1659796
6516772
8904452
5160363
2492169
2522154
7367874
6707983
2523250
1636950
2129791
7281621
6854044
8999085
8652513
1374497
9790718
8316322
5296834
7042802
6761316
1476049
1198877
1341296
3547499
1423266
4826431
9757999
8139571
7019757
5702746
2681832
4480202
7498728
6784848
1329434
4524187
2325329
3960189
4848113
6689016
1633425
6973136
2895045
4345057
4961677
7129437
590842
671576
2333292
5819170
5541299
3935624
4438312
1278632
1315629
537863
3722148
1309454
9477285
5420556
4881751
1974099
6546729
1914209
8830096
2743185
5097782
9469547
533895
1802676
2588068
9267141
4482571
783230
7408716
7626818
3607412
6546274
8144490
2688559
7130720
2764030
9717874
3417287
8526062
9845465
1722374
9557812
3325253
1585155
391529
1770226
3459647
8027394
2622813
8806553
6714602
6832794
4509586
4692168
620023
8604592
8073554
3389369
264805
5188836
1243019
382523
3338157
3218440
593655
534650
8633853
6599607
1789653
7720164
907371
9490222
881603
894676
7344946
3878655
1715969
3123109
8156247
5931988
2755545
8067080
9556641
4526561
1546506
2374634
3921896
4252758
2190610
5319297
5261165
2251691
6868593
8016893
7488349
1188740
1173811
1487161
5992613
4606342
659864
4060948
352848
3976538
3104005
5109621
7086311
4406719
1514638
1403564
6758884
2503715
385852
922497
2004791
9123601
5470225
8717570
6080094
684886
9917419
7101597
6430599
2976013
4490256
8647080
6520463
802845
272838
4755593
6193922
2498355
7924474
6242035
3854856
1931227
2324577
8600094
7988388
922334
3694618
6568684
4931117
3712557
7595933
440607
7107315
9606714
6040184
3522414
7512620
814149
1551674
2974435
4227591
2203959
6680802
8478167
9439739
6896970
5695236
676020
2877677
6592450
7292639
9306891
112161
9029123
7378697
6092595
9627507
6658940
7302280
1416074
4834211
6579672
2596144
4454054
2790452
8080122
2558146
3236626
6655969
7236466
7314571
7712961
598062
7808825
8998440
2782331
2882951
9783221
8573014
7615986
8290346
3542734
3309037
1627794
6747303
1671885
4111009
2196245
3154124
1747388
5675035
5713891
8429445
2672350
5867736
9819008
2225448
7031565
8442003
1080859
9794641
4391909
6622129
4673434
7391484
3515825
7922056
3422441
5296536
6873866
9976715
8723274
9634755
9837417
7069429
4490480
3773178
5028481
5479048
7268741
5887122
4951391
7447401
5966756
1461908
8702451
8979875
7287591
5558013
5052941
5563790
7244067
4659877
6748893
8663480
5896507
2274920
131877
8146864
1227052
7396135
2578433
3322001
9918477
458076
3966983
9107761
744899
1750795
1239287
8341476
8328617
3773803
6825346
5037920
720463
7171966
6395803
7760336
5199974
5858464
9008687
1325833
3056495
8854036
1160537
8322180
1094393
2158057
7859629
3124349
1318913
8581458
6880490
5179723
2373930
1138620
9285908
9289766
8618451
3036297
8161138
3032488
9036684
8203121
826572
6945181
5431161
6930060
1775550
6481717
1984113
5467317
4671424
3741623
190803
3477072
5177048
5102724
7158741
2961500
907544
4236756
7332995
5399494
6131478
7621426
9511305
6516108
603513
3774813
3459076
9381743
8899945
9616297
701179
1568166
9681952
7428497
569180
6876275
8347890
2460389
6834688
9190020
3475712
3265205
5685313
9138938
9296941
1379446
2832319
5006524
1887561
1772012
6882294
469888
6032880
6413052
4941650
735238
6036381
5653611
1489289
5289999
2040202
1012715
2381427
7614265
3927077
4940267
6750566
3795941
9230584
3810227
1579047
8002825
23424
5651042
3483487
8915444
5415653
7443316
6978319
4698098
5182997
1409733
6972563
1420243
3405021
2313476
6717932
1843495
2374286
6370388
8219565
6512755
3639831
6515007
1147857
7799845
3573357
2072408
4479275
2728066
1119468
8890324
6146052
2645016
8772160
983870
1061685
9913039
1042242
9729163
156369
798469
2437749
9861724
9884868
8933526
4963368
5139895
2160264
3113760
5384078
5874463
6074492
3126720
1231686
6367179
7691239
1842566
3218988
5585082
6738046
992393
8658781
4945233
9121270
8204905
9376054
2943571
5360040
8262791
3694894
4885261
4435389
8882674
3557342
7195925
5195860
9431649
5620690
9000882
6200877
5991177
6461808
3290958
491201
3966576
6004489
1830446
6459595
5550630
3820289
17921
1186939
6012414
6387263
5925745
8580957
2201399
8615704
9521281
4997653
2050632
2973240
6250609
2309110
8299389
3694996
9594735
7221210
1522227
4054445
920665
4487494
9572323
6665221
9471222
5416531
5116677
8608303
8668787
8013546
9806574
9168669
3336930
9601088
732469
5146772
8083356
516955
3277972
8225797
5131457
3878909
4556207
4709800
7712600
657306
117491
4800386
2429823
1961105
8771822
7142025
4065141
1434411
9760577
9360636
676340
8724003
9911886
1527518
1818585
5614168
8570721
9204275
342331
4968197
5213508
3188174
6674145
4891286
8487643
6453783
4668085
1228010
3775213
7391807
4119911
1401992
1762979
2957263
9023100
3091594
3250261
7043086
2890366
7607390
9939892
9229246
6288753
1015495
2719364
1670156
5120543
3653012
1179508
9821627
7125292
8814395
1036716
5634062
3949200
7848963
1621272
531913
8349479
7391164
6917974
1562941
6085607
214514
6480629
4449619
5597581
6051768
4468037
7597665
706572
2691387
5612068
4706187
120315
1375584
4113622
5298044
2213357
2383900
8016274
9802005
3802180
4026096
6430108
9289394
5829493
2093042
1065818
2308166
1355689
