8297599
4492770
1036134
3672123
8905363
1023443
4598742
5643841
6949008
9283470
2396855
3643596
3939299
7354813
9435370
4759669
3132841
2947066
3085992
4541325
2139274
5642431
6787261
4402296
8270135
9715960
7307846
1832434
7496066
2313073
9198654
8934174
1980877
7133552
9346939
5983565
4170422
6666648
9704090
4813576
5001950
870444
1575262
4052450
1268164
5642930
3812626
4552862
6041652
2413902
5728653
5924599
1017337
5984869
8462600
5488629
9052187
112462
7004844
9547202
3841259
3133923
1682714
533892
2498311
4663360
3726728
6036417
7897962
8206079
2102635
4002095
9639918
6406876
1546322
9487236
4437112
7973350
5866166
4105193
9622147
383468
7928284
8169326
2151266
50905
1880745
1092956
2010607
1634327
6888787
4353485
6128026
6345501
8246511
8579326
5262733
7044117
18762
3965766
6956437
7878434
5575050
5681478
9313078
7560326
2340508
5673793
2527119
4555854
9112802
7507539
6027578
9409714
7852351
7744458
6840821
4652717
1918021
5337607
6270496
7501099
4726487
7482885
9360750
8177944
9642356
1533745
3758594
8749423
9115574
355332
8787701
8639889
564237
3663015
6099694
7306581
2205408
2595100
2146341
3529737
5077566
9426699
4475513
6105719
5378022
3339737
9909753
6351360
6923825
7524859
5558427
8059264
1725203
6694638
9180920
3873967
2861373
2697839
992311
2446525
6339984
8312352
7002578
4116355
9802839
2789553
7116558
9163133
7303676
8142271
8594073
1213293
4524275
3267419
1534686
521091
620974
304441
8014652
5062655
1471316
8734524
1835429
3409136
1879002
7915416
9306382
7064656
393194
578287
6464886
8154320
7491203
9765727
7205145
2746862
6960499
226995
5980354
9662174
8561211
1827924
9920938
7737548
3421630
4450659
419006
49593
5473469
2077778
4523744
9786788
7026009
4457965
2127601
7820469
4083895
573760
3369282
9531150
7596861
183435
2433153
440520
8293456
2822817
6462632
1354698
5536780
4243567
6975440
6237861
7648738
2216512
3981250
1547073
5582048
9345100
1675615
3947684
7807968
3360255
3804667
6776256
3592641
6797940
2933120
8559295
5748241
2144988
3238591
9066454
1259284
3138600
7704082
2456092
3322513
2602182
6076449
8813559
1747266
7371265
1593141
5290889
4208364
7153443
4469906
848874
8843144
7684453
4049036
1977259
2316141
8791401
488493
1853090
6490908
4618343
7394396
6131619
7620833
4037494
2556465
3417636
2216910
9792168
9286600
3232688
7411464
4769074
3388424
9620984
3690366
6807984
2425329
4727768
8943814
527620
2392433
8440727
390688
6889481
2959012
3989178
4792982
3912263
2078409
4455785
8619748
8645034
8328749
8577305
1226943
2841514
5391467
9046879
9345412
4065958
6799562
7808721
2353058
8304335
295180
7199092
4818669
9712234
8767516
3473119
4177390
9426814
7081495
411135
7420340
8030579
7714065
3235550
2786406
220713
1486168
1474018
4005324
778316
9375222
179756
7746752
3488321
5048438
6750450
2456134
2394576
5140816
2609846
9230863
2236558
7157228
4132632
8335271
840921
74515
1747119
5441601
5584473
2750430
3113786
7391519
2947832
9896955
1943505
320243
1159673
3259966
2467514
5497177
3328243
4959994
3130903
9901542
7808104
9329319
9985914
9862168
2580506
5026036
7990894
655325
7505504
2713105
4914180
5169434
5768845
2929191
2724209
7387728
4403874
3635346
4335856
8959125
6498293
7786903
2116302
9620828
5839184
4428730
1390180
7599203
8799376
2485786
3413647
2395
4387361
8203244
7103135
4314274
1196710
8462116
4290040
12896
9044231
4025576
9523921
382657
9605442
6023007
5852572
1684505
5879496
7674439
305302
3309884
1234333
997032
367679
9699586
1158854
6026317
1815583
3462346
3525743
604220
9461951
8448048
5946846
6215192
1885575
1451839
3219436
2167511
3479893
2925474
657298
8075272
4717993
3372391
8994049
1090172
2707815
4776024
7401548
281603
1942219
7886074
7311577
2426504
4061774
6952621
3948007
3169219
9464225
2862582
6085543
8860895
1469428
3871494
5449056
3398238
7560059
9477362
6987197
6081416
3991140
9875704
148921
3995596
480055
3172489
7271094
3048642
9722093
6233789
3425398
7911653
1510991
6639714
19468
8616110
8724811
1852645
3236070
4584579
9928259
7723075
9017656
4311467
7419330
8670152
5994277
5773444
1990635
1550496
1751086
3403427
6884444
3814872
1218029
5677719
9121212
8859891
6980553
3606269
5774919
2556685
798489
6515105
4014553
9163264
9846735
5510525
3244201
8051565
966768
9609155
5363404
4460203
4844216
7928507
1911820
8599822
621347
7315469
1380948
7871344
2198638
7250746
6231157
145985
9275191
8217982
4946445
6227733
3003525
3348361
3633726
366669
7353506
8083892
5857170
9168189
5821470
8143710
2915600
2666418
519624
9023634
2407875
1510573
4644054
5031944
8448366
5379499
4968895
1096194
2222376
5805170
9555123
8672190
515410
4935306
9829437
9139499
7843362
207914
4265968
2644682
9348565
4057806
6925936
3209531
4192540
7053518
8299354
2974539
4136597
1985341
9647908
1177881
3774593
8605297
9644520
5996334
9593922
2469720
61324
8690098
8504074
7844385
7742818
3969702
7181847
2602038
933583
4927337
9294315
6024649
6093980
598197
4428792
6104590
5919856
3545364
232681
8544337
55993
2896561
7439116
1150116
7469533
1412071
5653489
7814510
5286833
7799740
8067405
9843492
8898033
950025
5561176
2501137
5364237
1518968
2475210
7497680
6659011
5231954
4502616
5976907
7987223
9371042
3395203
1384892
1026748
1507212
2033189
4569913
5812621
2477085
9352150
7106444
8162599
3646678
6085288
6550283
1577453
8627486
3667947
5386861
2711721
9545904
8353394
7756195
1172812
8169719
453621
4062124
6708500
9379015
601718
2854721
3488110
7224018
8988789
1046044
4039566
1936685
588478
3593642
5524043
9557513
3260786
9039324
5695510
3992688
717519
6882725
2064727
3950487
7635184
8634649
2495548
9590982
4959429
5742332
5754696
9272854
6276694
4261342
544471
1250729
1456618
608309
7922786
4339730
1479004
3039792
7516882
8094568
5083629
4048780
6313337
4534698
8920351
7550307
6457789
3358263
4271427
248174
7174639
3159841
2730471
794251
5014530
6858637
8778622
2239065
1263516
9094445
1498977
6691530
5656309
644636
8806610
5155034
2250441
830175
691553
4213336
986319
7324577
2756448
8135789
4953257
6224288
8913460
8197133
6439561
4146795
8621940
8822484
4198483
4078620
2873441
6958943
6938248
9995616
3464664
3976485
7237432
3350512
3049210
2058540
9629693
5648150
8486642
5137234
4646763
4508419
5688202
5040548
9240284
7921502
6974310
1669850
928748
3943454
7529247
8356403
3016788
5922321
8784679
9009407
1314021
2687801
9420679
2956021
4338748
6677199
6630051
2179030
9733563
4858700
9385946
2734557
5043759
4915706
279993
858292
4682759
6429251
9710369
1905692
2007019
9501389
1345953
1008278
5296661
3120672
944269
4122243
3596548
2667987
3489935
4291831
4606976
6212957
6565562
4020610
8173204
6719013
4368353
1600134
8812572
1348699
7701269
6397606
5472914
1052689
9194845
6135915
9141028
3813770
6092548
4628276
56163
8890630
3674350
7768764
1883090
1178552
3412792
3394240
166044
4499076
2129100
7848247
8158718
1550116
5364425
6991160
7663365
7379348
9005087
4020878
3360165
6307184
2150711
9971494
3900239
332363
1524031
8930388
6652365
4825110
892453
5904462
4413666
6433956
4031577
6236808
970953
9267812
7861986
5187179
6461856
5522395
9347475
5738174
9065966
1155173
7428835
8834924
9120717
2101378
4578365
1947958
8897569
4102723
1918910
693253
9107394
9341971
8129891
5279128
345806
3918961
3363256
9613487
7356439
7168269
9698737
1304103
1713777
5814075
9631655
121068
6685074
4360237
2809153
7699536
2168527
3961149
2758385
8993748
792468
7364161
6815685
6207070
822995
6007601
6651402
4425197
3976709
534115
7743852
4675137
7984942
1644077
3000690
8553952
299453
5546696
1574973
4775365
272042
6138423
2039045
1635854
8407148
8545945
1574392
4186094
7758970
2099891
9239543
9208730
5827328
4823576
1511015
5955684
7140828
1698056
7913357
9193506
8733885
81236
628458
3834898
585114
1816092
4402465
9066505
6682060
4723921
6678102
3035891
9093859
7640394
5115769
7631156
7745302
3332939
1504358
183071
4476482
5791578
2753656
874767
1246277
7519621
3235703
5152786
2907349
5220964
9316074
5064701
2253476
4356992
2899424
2635281
8966055
