7664436
7209062
1433329
1028969
7132891
2925836
1170801
1170588
4459285
7712717
2276915
1144278
2267071
4813846
3758650
8670628
4598747
9537932
3831051
7489530
2667601
5777354
3412894
888316
3173645
1461192
4766344
3422751
1389014
851642
5033090
3552324
1155720
2192897
7703217
7030260
865356
6743921
4694354
9062799
3102823
9799857
2797818
4733938
6184608
7860235
5148314
2985234
5931493
4508958
9366660
3219675
2301449
3487257
297200
9856746
5468090
5893154
5794299
5689970
7131175
75342
7627150
9597518
9239360
4303634
5833458
2069306
4378462
8301862
6418988
8644812
6294798
3969681
6155723
1166343
4143057
3143550
3547091
9327212
6886038
4415289
4672374
1957379
9285813
1434318
7856184
8633609
7187023
5038966
2451985
3345010
9553060
5433554
817553
7201755
9639086
8408303
6997378
8359245
4864845
6611279
9805366
5324218
1368295
314898
3838348
8837732
4071142
9092976
7697266
9397148
7397585
1031144
487869
4834235
7251503
9772992
5156614
8742131
1256750
4149155
2091053
3962886
4259155
656147
4110929
378131
3395234
3330610
2771033
5515013
8405561
1395641
5641023
5776821
991516
2285210
8251348
1372374
3499649
3261928
267427
2867228
3629908
695745
2288400
7719753
2985174
6556904
2383057
2419232
3685648
2687975
9832998
6745596
7816415
636635
2431496
6742716
8046882
4439843
8634475
6986151
6130912
7845668
3110790
3428738
4802602
1781524
2466884
6947311
3268620
4509964
2123106
5672871
7441245
604599
6577861
1886162
7444120
6608213
9431337
4328681
8027546
3333087
3991794
4330730
8518785
8564940
9667150
5182544
937252
1084967
4003722
6106642
3876538
3828538
2532306
5616707
3966357
6479193
1802838
1847556
2466442
4962504
9253277
382902
4269591
9668488
124508
7632571
5669101
7415351
6218993
6173702
9734460
2183685
2194434
7067665
5316483
215367
1430846
3443114
9541962
7202739
2514307
181164
3044842
684102
1559838
528139
2539968
9153157
6168313
1946130
9194357
6168055
7410300
9692996
6312686
4003522
6350207
9037464
5111703
649749
7189537
3004119
4355746
6172670
9467353
531961
2556090
583725
2354102
7889390
7400084
3641646
2053421
8419227
3055299
1132750
1716207
6787301
5962351
6880632
1575997
8990574
7036862
6381293
6539092
4378072
8546880
8786518
596129
2667073
7923244
3598289
2533314
8675229
1591888
3758162
3463972
712209
8857156
8154494
6810656
2699178
9209236
5898091
3326579
598109
8871256
8391373
9937272
5189434
4488389
2302114
2010095
7995436
5163311
8234621
4934020
6986516
5870433
7732470
6167913
6448407
5343138
2215676
8847237
826533
6694422
7999335
9673823
6858073
5836227
6837811
6312746
8007102
77555
2366850
164407
6439581
4960528
7471382
5205407
4996108
4045269
9689309
8423790
9540556
9152233
6761176
6743181
832472
8346088
1428116
8043060
9043205
5078921
1316451
9582507
6056215
3018830
6569842
5417651
1018238
3304203
1061393
3922036
5518340
6702343
7248699
1280792
9726137
2299010
5290517
5166090
4331474
4081727
5702600
4784122
6773739
3605933
8352216
1148292
3003506
643673
2011663
3875261
663326
9997683
1541239
7662212
4942343
3607568
7470963
6738572
7037338
4517677
4750670
6448213
3848623
1871017
7180222
3929331
9076564
5197257
8218667
8566626
1340258
2496866
4254710
7446604
4619628
8918514
4495581
9778195
5188422
3538864
7729014
1146916
9535729
1424711
132536
5345211
260881
3658023
9955505
5577803
3370387
6000970
5545516
4605659
2785647
2630116
3181918
8193040
3360854
5369641
783053
1438717
4033821
8780334
7202595
5595890
7289786
9858935
2053526
2569318
5228726
9093376
4214976
3993689
6258345
6820815
6095326
4376659
6232795
1890624
939382
5727642
8654750
7401300
4078960
2056536
3436363
8668340
8188340
7972911
9712970
1137470
9342583
3723413
5970185
7664376
3556331
1764999
4453211
6441885
1440224
8341985
3957061
9564089
7261850
821598
8718163
6246269
2630346
4184580
4152092
4175875
7237337
7870911
5603890
184848
2645321
2747526
5403158
4097860
7937356
27173
3074885
5275511
9759971
9512896
1963559
8455252
7776010
3935087
5139021
4680875
9121349
8445260
250632
7466262
9358649
4569105
3525053
1929670
39011
885401
1532885
3588183
1736076
2227237
2192330
9939690
7600275
1109600
5565906
6207557
1115390
5595636
3977423
4983041
2520416
4751963
691766
6905452
4169666
6556469
3716150
2198261
7919346
2163116
5334978
2211633
4633707
6573785
799884
9893461
907365
7345367
4286866
2389330
5742168
6334850
3386535
9097636
988228
8515900
4086420
9680404
4410458
8365696
1725861
4417143
1403187
8788813
6997440
8854846
4291147
7189506
6366037
7141782
5083585
7602389
4595588
8561506
7054452
5962760
2462207
3648601
3502230
245765
7564840
861132
926571
8437970
1332555
5354515
1521172
8971408
8518833
7669005
4682937
1323192
4922519
425567
5486248
9239807
5279610
1369062
3006245
8658691
2964517
599749
1332194
639010
2006783
2744868
452178
7698196
1017981
1569782
4257089
1039466
9195459
9318362
1607320
2577379
3016975
7836113
9729819
640797
5304518
2661185
6104709
5540002
9824466
6811504
6278338
8145368
5264842
9090209
582488
6392455
5289615
815603
8096439
5705126
3628175
539717
1965516
7946680
1774830
1653979
3375396
1752233
3973547
2151579
2047873
4500805
1529748
9098575
7379807
324467
9293538
4185219
4750047
4748334
3108538
6935231
3240668
1121156
6719578
9849161
499082
4589102
1048874
8681099
5487784
5734007
5978126
9903698
9482419
8097269
7206210
1455747
8759479
3844602
7831656
4821013
3873089
1368449
5351903
6265422
7940191
1626798
3480283
3558724
6549773
8108427
5831601
2630215
7635880
4683344
1910326
3836972
5716766
3691043
1244857
1074169
3955926
3819177
7309348
7759234
9190757
5526598
2299780
7685475
1089541
7410233
8566927
7823866
630847
7118236
3150512
3211255
4255209
5428584
1647283
899085
4446216
7037986
9155298
723364
899412
273941
8737603
9774130
1834255
2116764
9493048
3480735
7692242
3192729
8190864
2637420
7228708
6594017
3961046
480831
4644263
2080733
6978503
1736894
4473745
8434953
2054571
6186327
3151974
4183594
1595536
7313740
3063659
1234570
8585256
8128504
9461185
2925535
9511767
4749029
3218945
6086030
1533178
7078426
3932992
4967526
1345564
4943908
666089
7864169
4256751
8144729
5349571
6666780
1454529
8771612
9192693
6293442
2266785
1640875
6735943
2510389
6097374
9343831
9127919
4033179
8810603
9617041
762329
7350652
2091883
2200347
6783340
8496574
5874431
7166460
2636842
1123266
2997248
6562361
7021146
4081377
4581353
3055054
8370895
4812345
9614699
9697659
6386406
24565
403931
9947665
6470196
1345807
930304
6900365
1940111
4564300
3035873
8244900
1366996
2706880
8110330
5161507
7368357
6522968
6986942
6083280
1031742
8977503
7415915
658969
4115759
5229754
7258749
2981228
3841441
2183118
5249842
9765746
9568491
4036341
2564148
1195437
4554704
5771032
5944887
1188359
4097166
693159
727788
7907405
2558107
5029880
8451078
7487334
6788919
9892456
9997141
3998264
4847581
3801384
5203835
5921683
4803657
1629803
449198
4896141
7232195
6624733
2590265
3338683
7234347
4490604
1842099
3878006
2111650
8512375
3485878
9300608
1718232
6265367
6200910
3481808
8238254
6204416
9758805
257275
8637581
9934754
5459850
2295447
2816724
2287489
6080951
795369
746226
5141084
6090096
2188391
5644673
9371481
9080312
8799704
4052175
7529974
1126995
9285029
1657503
7359005
8939174
9143257
2979248
2124530
3347258
2368906
7919853
8918222
3603084
7210913
1250600
8001493
3358355
715126
9990565
5314343
3838201
2079454
8613759
2206711
70723
2444337
9907606
5574364
7482909
9212217
9940602
884248
3788243
3660342
2267445
8582097
7000852
3956700
2608987
925689
6814446
217278
1778944
7265897
2371620
275901
8284920
2221199
711654
6401898
6857041
3521068
738998
3928539
2160454
7463328
3314569
3915975
2558237
5312496
8785989
1500134
3278322
8386390
2247144
7866217
1126218
7781473
7107598
4221377
7155445
9068670
6469093
80987
999627
8465081
7459302
5918043
5118283
424924
6581640
506406
5434478
9956226
9666785
6194547
4090129
1129799
6070520
457336
1944023
1264438
7986336
2219596
1394182
6826490
8957493
5328050
65843
8518406
9945982
149679
7481359
371296
8724468
9155882
6182163
1528320
3259255
