6776519
1959190
9313111
295222
7295181
3322779
1360494
6350036
7530264
6068436
1817072
2165816
5607298
5292352
1172856
4899548
7142000
3366996
5539713
8025775
4792965
1114445
186574
9414608
9417665
2972895
6852696
7982546
4164570
8380914
1845834
5632170
4466868
2774856
3850739
4439472
9271705
4043168
2743968
6892296
475813
9219330
654551
3603642
7193557
5665343
3161773
7782537
9283365
4983141
3650644
3083199
4740460
1648475
8142961
8766203
5693175
2631447
1669102
1010929
603547
3736446
9644829
4731291
9383998
736535
5869396
5737990
6861253
9819418
408808
3953958
1962608
2876508
954745
3528895
7253694
3743692
540589
3967403
8479178
8197661
6811238
9763662
2429847
4535230
2690291
7460057
9700195
3906417
9541066
3025973
3757878
6851861
1762968
8820610
4804079
5995660
8543973
6660902
760679
9891601
7324358
3700667
9463354
3048259
4991722
6510196
3079441
5253553
4594764
2868147
1787265
39240
1811923
6368581
3776262
6173122
1614763
793797
2622948
4270282
9096394
7797416
6906016
7804252
6349324
3792168
3369040
3156848
9637045
2202919
3889845
9728413
9869061
5713978
8116104
9209974
4286511
5803532
4479450
2616227
1720606
1198895
3346493
2029117
6005058
2613240
9679169
5830036
9253577
8209603
7720075
7708876
102538
2261641
9068593
2584508
926328
6461254
2418927
9100477
2746599
6618777
3375538
4953723
7661316
1513062
154526
4520996
5572282
5754355
1566494
4644646
7702918
6424828
2655811
744709
181789
8310421
1899908
9014130
6610931
8512642
9676018
7158823
9242596
4403442
3920526
2178313
6526705
8843560
5763564
1985683
356730
6640379
722570
7004180
1319142
2566513
3182164
4640039
2244196
7158899
7802738
6552502
7857670
3741026
4854854
3453729
948914
3419883
3454996
3394155
3493184
5760900
3606865
9933783
160239
7480864
7501185
6928881
2096346
2107450
2742076
9103128
8053484
7234551
2076099
5562771
932629
9581609
17849
5967155
7826559
9360816
5409739
4577994
8976183
2582323
9242202
157332
8622910
705415
7255365
6583927
9617195
5657615
7292411
786571
2531415
5124902
8002130
2493956
6170738
3859347
9114142
4726753
2231518
2313689
6556607
2430551
3441039
4063097
7080899
3452694
4846156
5500385
9762671
3262009
9657659
1926075
8325350
5943047
668190
2366252
5899049
3774669
1380210
5467777
1378619
7371976
7284135
8828876
8223495
1818216
305628
7427637
5290755
663737
3988548
8287129
3079575
1651622
355951
7216062
2823557
2431900
5166576
7934057
7849965
1457048
7971570
7174781
6434210
4012906
6720929
9218918
7057061
4573431
3856294
860899
7683716
8120682
1864779
7035977
3892452
1090072
6534374
4399954
9517942
8200429
9586334
9084121
7851279
8770737
9174891
8803337
4502207
4888073
6053167
6492959
7181741
5781322
6503579
1599048
7081947
5490332
1411689
1003297
4434427
8290438
7543173
3162233
6332693
1007261
1199101
6198930
1833737
1776906
2198332
9039764
2958379
291814
7637032
1810881
7567235
8859328
5196228
655800
1605895
4886185
5614037
5354485
9929563
4814830
5326406
6991244
7167391
7732259
7382839
4073365
7001374
1637089
7461124
4233392
520311
5189529
4734661
8614040
2983171
5268328
943041
9609816
3000079
2645403
7993660
8372608
2315718
730893
4171665
7089665
3567472
4455692
6168922
3748014
5360714
4488165
7791289
46582
1672804
9698362
3914079
360327
1578398
5808060
2015762
8962572
2056180
9077394
9488410
7290436
6768339
9028560
7164831
3277595
2568203
9073897
4177572
4456823
7085403
3439079
6833724
2588825
4580488
3278201
8260505
244422
977890
5380390
1782856
3829784
5859185
9502211
4756594
5744428
7240955
2293116
717322
4990979
2939235
2753344
8967484
1212298
6298260
7189226
6210721
3951401
6269914
7036740
2223454
1201889
8842080
2655245
690981
7316921
7550757
5318897
2894854
7461114
1269785
984786
5432872
3238113
2194414
5306824
5832524
5489259
9504347
4397566
7070346
7722236
7365309
1690262
7734482
2232705
9063348
5793113
523538
7801399
1535828
5841258
1466716
5226905
4263549
2945160
8398028
7847029
4834349
8967878
1849404
8223612
4672410
4673855
9291807
5707572
5426253
4435828
9183229
1110875
8014820
5642595
631008
5536514
724052
6341525
6597297
9224262
7824825
9671042
5429477
934078
5768409
9127956
4586198
602042
1768904
5328817
6356687
7952303
9680474
1362671
6879718
770510
6141222
5887059
5463009
1511298
7853156
7122696
6343696
7158349
1339450
6473549
5114705
7777372
2674825
4533277
2661754
6346538
5612000
6284540
5509765
3943633
2104121
6733663
3990802
2292644
6053508
6985350
2321694
9599075
1461555
8150095
1589635
1945680
5918856
7626137
7327761
6475032
34021
8238072
5389178
3429094
8674470
5439538
9346637
234674
4084705
1738704
4142894
7004134
5439435
210002
1188403
7076271
4040098
8151312
6189686
5723757
1188792
755286
1627290
5012951
247503
6848288
9199451
7290181
2146680
2973995
3027922
6178850
5988442
630910
1576952
8504507
8594570
2350974
8507833
5792615
1885188
1342564
3844258
8030861
6536198
1792302
2993436
6572590
374175
9086999
3431761
4990856
1686870
2427804
2788972
2254613
130051
9296201
7854866
7228037
1496956
3397757
5734675
3253428
334233
2675154
2720638
7707228
7716274
9269350
2013952
2551579
284107
412479
1911245
4385152
3126059
7268816
8708599
2167603
8362639
6258830
7553150
4791996
6799594
1209494
2981484
46328
5628275
6424086
9438959
5490180
7227232
3138705
7156341
8137423
8542469
5939284
3755105
2905332
7716276
4269259
3678382
7431421
1473428
5040340
2476766
2088423
7589714
6732759
2064935
8261239
4820358
8718572
2374277
8872943
691093
7765097
1335174
3655663
8388687
7179021
2925187
9106818
3603407
9375951
1139571
7585882
2464580
131742
3087850
529938
5502461
3361518
2656062
9929560
1222816
6132836
3440495
8924299
8182492
2270544
4271961
105420
1098666
7096279
1607077
2161615
7996244
2825927
2400745
8071685
2659767
3150649
5855156
8991264
8560814
3180371
9544258
4572005
9548167
265107
7679572
4531628
590519
2452845
5896737
8389634
510274
9155510
1559751
8734094
5423314
2527951
8334188
6448994
1531004
5715429
1352294
7717726
3468026
345374
9789747
9684247
288216
4989215
160273
3559562
4102755
3339041
3446838
9009332
5224881
2431910
5403486
93618
840138
2086018
7510217
8923875
2281402
8948117
1423447
2698542
905339
9825667
8425453
6802448
7401126
1969438
395027
3966460
9707894
4523133
1625096
6435718
3430916
8823273
176398
9884139
4428079
8136345
2873249
3726531
7759143
651013
6658037
2944493
8948333
9673243
5685311
4002779
3653475
1751219
8087485
2298420
9520316
9793415
3581434
480418
1917742
5077822
8841344
8114534
374255
6349001
1700009
3590873
2653793
6628556
448398
7577111
6958130
3615498
6184867
9769989
1904626
9124460
1882613
6156772
1786580
4511296
1451500
4116520
9517462
5099363
7134283
8160104
83417
3675524
3690128
3354351
9479051
545609
8474802
9001243
3355603
174608
5916671
288995
940779
8666058
3922789
486489
6616374
6388187
1045233
9998905
2552949
4124595
1355105
737931
10616
4607203
7652298
620698
5870799
610703
1348064
4643468
6197560
6432296
6941382
2127795
1968803
1693715
2442064
2520188
3851755
4573918
265754
8348611
3554211
2061104
3673993
8568413
5999322
3491088
3187243
8236757
2195105
2291471
3616237
3844038
5221096
3509772
8911933
9879023
3682255
3412714
3439155
1988524
6949183
5214388
16881
2478540
4694113
6235961
9857326
3718571
239662
4454783
5857652
8498281
2256975
169531
6236502
7388962
5080342
4389772
1583835
6231113
2259918
378593
6740207
365388
2759737
4570256
7836206
7624533
4047175
8455792
7329384
1026099
5970476
7588919
2761388
1986781
8947068
797742
3824024
6938002
3071025
2785840
4034945
940496
8128486
9216563
6184083
9105399
6904869
9063547
7713005
6093305
1155765
6421965
1064612
6048601
3425995
877222
1755942
3998240
3897780
160184
4312843
9189903
17181
1881169
9302483
4529317
6106027
3340609
2394702
7185619
4642187
5628445
4988159
3299854
4426149
7942468
1047111
5713853
2415732
2412415
882400
2245843
7624632
8292007
5888532
2049138
2356320
2645714
1254972
3251787
32714
905781
49900
8184491
1721810
2795854
2208048
5878186
144540
4032459
6499003
3524463
7047244
9168913
501839
4057417
