3120887
7552934
4356467
4616713
5164901
5021126
365971
3441955
8165821
184193
5314579
799814
1842915
3030939
1167756
5569367
3020729
2837360
140802
666922
308918
5035149
5373339
9403258
2332002
2508346
5906600
6810910
4866239
1405608
7093209
2732240
8696421
3409378
6151387
1286344
2223715
7427438
3311530
8962029
2657476
914099
4264933
9201210
7200507
8742295
5232708
1526117
9086871
9173079
4801989
7668775
9325214
2490753
2675215
8848410
7005020
6934603
3631550
5155962
2612581
7920671
7569272
2968447
6440706
2639288
9711585
6699495
3201922
6371436
7882784
5563603
2066652
8411350
9705892
2041261
2826477
1786315
3121441
7410446
3508148
6587696
3509218
7152127
3985723
2095800
5385022
9496636
179292
3484429
2220566
9599267
4136598
1114373
136747
5977776
2592508
7226731
9552479
8932309
6758351
3209709
5623234
1631151
8476044
5324895
4796116
263251
1993037
6340775
2494466
1127837
2953464
2314392
7825496
9865181
3147123
9316326
3315213
7398970
6279975
5800149
3264874
2912265
356284
500318
8352248
4681276
7358537
6927567
5929387
6869776
4904416
661156
4755607
5409233
1439192
5280770
5840985
9737313
2513948
6249367
5718424
9923220
9768970
2592559
7942169
919272
9299790
2052663
7177100
238262
1051725
5236532
4977156
8036540
8788377
5518189
3891984
7717135
2242599
5010481
1865620
4229198
3841802
6957956
896171
3968994
122041
5082300
4097630
3389062
4564090
8969476
57386
3654896
1204600
9703991
9680968
5582771
5784212
4119199
1889602
4782613
9577090
2563960
2039932
2597357
4913826
5478539
6679471
4405377
3111040
6547129
9524784
6798900
3077521
1695660
4512370
6785029
8722522
8073781
5438515
4874304
4700933
9026258
6373196
3242869
1099020
3323928
61934
2342244
8996678
4587627
1624087
6892475
8855274
1079830
8343370
6824576
5569282
7504107
8823541
1275332
1018441
9647812
5207919
7278668
6135570
893886
3189147
8471245
1394964
6711410
6989433
129786
2930545
3373504
3690563
6109284
8153892
1390673
299449
1665373
4464191
1529197
9974168
3802988
595846
9740106
953484
5662261
9937892
4995931
9709100
2616152
8889621
7740111
4049248
5613222
7637592
9788593
8728015
4956222
1301313
2582645
7029905
6191359
8465394
6457071
5720204
4259545
4566566
6769517
9379109
8235268
2272025
1617326
6055874
6409374
3530212
539286
2677685
971510
9239117
8307731
840472
9611357
5430954
3650634
6788557
813162
8090535
6618307
7037199
1981881
7549375
8423283
7136471
6021222
471559
9897141
1455135
1746725
9229824
2193144
3478871
9217432
5418359
1078673
9444102
4645780
9620967
1912535
8177608
2292533
236156
12669
1491865
4774779
9335740
2049603
8537744
3130366
1485988
492771
7295036
4080547
7567541
1827475
3609180
1227348
4892614
4412307
7065994
9134277
7218290
2104440
2231348
3261087
1371535
4023527
3594263
7663862
1922372
3293486
4881595
3566977
1238772
5534472
2657470
9379048
8224560
3390049
3459609
5076252
9049009
3299936
9545539
5691592
382453
6107974
756205
1360574
5514332
2540132
1767787
2467370
5661947
1456204
5425760
6291695
7807875
1465369
9320211
1668947
1063701
9098123
1485714
1941345
2519539
7436751
1869643
6472757
4520750
4296669
9938436
5431429
3609133
5398245
6633074
8157981
4470992
1550005
7713618
683647
3576778
3998529
935268
4334533
8552877
529255
8437672
7816180
1110890
7988955
1339679
7873625
6525729
878975
8902100
9718321
9091094
553762
6039213
7680408
3748199
6226373
8243708
2357076
3108171
9620330
5557496
5207483
23695
3605614
4147021
581401
845903
4495149
820368
4576837
2383924
8829824
9464169
7428649
9718501
3136342
4720167
184744
1106523
4182597
4833487
8825796
467610
6248950
349204
6887261
2989611
1676004
8782936
7603379
2394797
6128466
5238162
5845322
585267
2763239
3165381
6997498
303207
2045523
7042896
5346014
9264162
7877759
3756770
6873842
1744105
8731605
9644379
2817119
9403847
3933997
3083641
8228315
6710899
8473934
4276515
3996155
1919182
9757497
3102331
7647877
9312103
5875370
8591745
2763809
9267150
8716392
3008316
3260901
9815891
5886248
5500868
4338860
5569891
5027849
7447469
7450974
242451
8129259
1393480
9311585
5876854
9113474
6694459
255026
7843474
3177696
9072801
6640834
8511474
6708938
3135517
5073200
5232434
8759920
3153316
1084144
5404888
5827791
8595538
3728165
3324958
504557
617116
2131994
5805026
2110717
4865949
7551564
6911013
8038116
5071121
1042202
6276321
3562962
7704967
2227743
7638140
9545263
511895
961241
4950814
2510965
6865605
6163741
5997761
3036549
2060629
524750
4766143
3849132
6889655
4932283
4187789
6998362
9317196
5147235
9001877
137814
4998245
8322532
8849379
2071395
8951362
3166630
9613767
4848430
6850918
9929112
8459950
7623079
2263613
6085429
1368798
6793646
631643
1857939
6227484
793755
824188
4355683
5796513
1544811
9535744
9574898
221221
229216
3849670
7629025
3149192
74866
3226515
9978530
7525311
2209513
7988344
7260544
2198649
2401918
2689221
6490912
7539012
9891796
2446114
3178991
3223224
9427891
2260355
6089421
5336405
1034775
8865741
6521123
7481072
1338384
54866
6750607
5163673
6226518
4490780
1068422
6541684
3049834
1667841
2266027
2511601
5520352
8811320
7652514
6226183
5318841
9372722
1562126
1026572
2558859
3317724
3820161
3437256
5306785
4298783
8112749
8676553
8814691
767324
3267292
7298279
3829918
9944777
8330821
7274841
248755
4958866
9679864
5261798
5475501
7449215
4688614
7693155
3503816
4253319
2984706
6442123
2372251
265846
2479834
6364026
5855001
7820387
3242647
7850926
3662269
294009
3644665
2925971
8947005
484957
7253575
6641113
63749
325346
1959508
8730789
4300074
2464407
9268143
6220641
4964507
5849490
6353239
2513861
7377604
6088711
5305728
3812553
5647934
5876317
8254660
6973791
4785938
8035842
1061302
2588183
185428
7158624
5215319
8254645
9843590
5442574
8060218
2182983
7874312
6915901
3122529
5832715
396600
5573830
8908645
5232875
7059583
5189178
8078411
9987270
4696476
6155997
7810006
1154518
4512487
3376401
2453326
5746948
277284
982571
6780662
5872779
8444678
8083601
6068878
1426031
2864211
7205365
9156124
4600479
6198932
3779152
9711651
5496281
9766749
5264208
5639033
150624
5271738
6757336
4994364
3846083
9591414
2292933
6076649
9998734
9268769
273911
6336567
9732057
3016070
5079972
2117489
8409033
764070
9401711
6473289
2447556
7550938
2102181
8406222
7880116
4322020
9475982
8140517
4694731
837459
7060060
8045668
3763641
8139980
288856
8326635
2847681
1157139
4007526
7655121
856933
8309957
6613558
9264761
3530760
6217436
4766404
279773
7712652
2346166
3352787
4543294
2436723
1392663
3472880
1253383
8175253
2243958
5402469
5244533
878717
2389669
78413
7602153
2667681
4600308
8090177
8216045
5586066
2929326
2408176
1949996
2473023
5916192
6867432
8367713
7259414
347828
9331458
5316779
7234252
8953099
1550964
9480511
3854714
642967
4907123
2688995
9419399
1096249
1917644
4723225
2257771
9118535
4481392
757216
1679448
1837636
5336271
2450974
1392305
9226055
4828368
2591132
8315067
1824160
6869943
2681519
1321528
9131893
5999628
9790268
5991968
2609588
5509930
7126970
8587003
3270098
7785721
7084508
1796687
3838697
9878800
1972839
4146258
4089321
1091335
1103588
4790675
4797168
8891324
6362435
3061369
4717670
1958877
9628619
7123876
8688057
2766776
289763
8882261
9611210
4116563
4186471
85531
1249539
5139598
6763870
5626209
5578288
2204467
5692313
1075600
4869866
8891849
8244643
7661440
4270307
9253574
544538
7337624
3120758
5384831
2271352
6154815
6452018
1340858
137808
5790646
6479725
8909279
9687634
5169517
1723978
5281658
1233689
7724595
1505767
1010695
5031409
1495166
3181012
4937031
455347
6675974
5836383
5996457
2144245
4933
1336649
3138354
3023127
6335333
1368066
1710359
2177800
8861328
7322158
6656423
1798806
4350188
6300948
4347088
3311468
9900636
4419883
181069
4234207
6330870
5884863
999522
4329966
34726
1998810
4928548
8427984
5058788
7439294
736420
8151361
7013229
4625310
4147435
8354395
8390060
528966
8146068
4581016
2357389
7690117
4614902
4869140
5938442
9120548
9128782
4658725
7450599
8559309
1968392
3488080
2021977
8173823
927136
3855407
6363270
431718
3763570
2049229
75701
6100084
3665728
5775609
3206408
4557715
7742282
1693487
1263886
9937988
7023624
7972763
3137508
8535940
2737656
9650263
3406720
9298112
3177337
8205005
1802811
5198355
6536504
7282054
2428805
5319663
7329969
1546347
6921758
2512285
9328817
7802115
3086580
4355002
8970429
4787437
9430417
4720309
5020065
8797993
8836988
7967235
6291602
6244824
1070926
6718654
6221786
3115658
9122689
5858629
3279423
7642423
5407119
2304225
9938402
3703753
2144658
213887
2537297
5822608
5431156
4328458
3596901
7713083
1018724
1267315
8725435
4252015
4600462
1429980
2771186
8696289
8000109
8931719
6027324
2145576
8501623
2913247
8763053
29891
4957195
1395742
191972
3602050
8056923
613969
4337437
4096787
2079669
2232733
5865607
5661226
8118745
5641279
3820630
7310060
4891737
7634021
8687431
2314433
9333518
6060306
3814819
7332097
9277312
6924165
5961898
18585
2346788
1016673
9244881
6002224
7699387
7357275
8911914
7379426
8413739
8028404
8915200
5333931
6522464
3555387
6786964
292924
979700
1172072
9274131
6450785
6934512
6253511
9518037
8573445
1118588
8939713
7523586
2870625
8132846
529425
2046387
7008033
6818536
9772810
3737039
5396611
5155286
6758307
3074538
1146153
6506896
4820798
5084159
444392
9560110
8337309
5503772
1721692
2509831
255193
5206356
3394680
8512271
7927893
4656321
4944650
820369
3916428
7732588
2912343
6633524
5447201
8069851
9660929
4919304
6327684
1791323
6334290
2340783
2744446
4720952
5821499
3250598
122068
5394370
5993215
4860408
3530725
1610005
4503927
5898033
4250028
8424387
1340380
8430255
6080930
3715552
5279085
7989273
8381508
1077669
1682098
2834597
1185489
2315439
8559306
6274460
2221760
891906
1750206
3583599
8702459
5645617
7949013
7854153
9869597
6488574
3756970
1123018
6721726
6565874
8522377
9340404
164957
2697779
6169795
6591111
9002834
5744521
9076508
8129493
5331786
7549164
7047763
8848362
5661358
2580906
9710291
736465
6259326
7254791
2376557
870752
2395329
3439999
6915650
2171634
2029105
223236
7905380
299479
2305834
249960
6171957
4552173
5412775
6350107
9874331
8160305
2368758
8285858
7366854
7725919
7704544
9538242
2236005
8399882
2069782
4622231
9608607
9211699
5796156
106292
2632467
2075867
775772
6681582
4036356
7713707
5180098
174136
5199165
8251920
2478091
9586989
8537223
7643009
7094944
6916586
4025520
9811846
6473186
4252560
632906
7777545
5651276
5518070
4609141
4034324
1312776
8027335
8977381
5370929
6923211
4961724
7372933
5339570
3818753
7124647
8388100
8538389
3293666
4784951
4169990
504358
8842981
6783834
8097190
9420050
9999061
1506504
3602546
9729698
7314660
9350503
3576711
7701074
9379024
275388
5852872
9317051
2505129
5926502
5455256
7406064
4820693
3802485
8132244
1289878
1414568
8707970
6224990
4175222
477136
8801175
5989244
3285722
309476
9105819
8241952
4610024
8055971
9242694
4957662
8351368
6622023
3432857
2933737
5119159
7328121
7486379
5083786
5600081
5420922
4227897
9112944
7523753
3029044
616445
5610231
2811738
3385233
5585128
6617925
4426981
2608578
2885880
103796
745563
9842604
8534996
3544851
1815780
3983256
7846896
7623216
4025207
4825186
9793936
8386106
6722431
8750684
4387723
9054050
2794742
2220705
8804029
4429981
7854158
4304654
6518193
5782362
8128791
9381872
6097715
9767382
1893361
4008357
2641727
5332854
5698665
750488
7787044
6998188
1221393
6026529
76499
5165089
698410
1907674
4430721
5194262
2920871
577479
977067
3655613
3465779
8370738
413071
6417102
14847
9112033
7783206
2360704
4214756
3080750
8951121
5380394
6479075
7848477
2906636
9828190
4917545
3222575
2266832
7538817
7369994
2607290
9819228
2795616
720081
3541761
6277179
8188460
2170016
210424
2905910
8928303
1262957
3095167
5687033
837051
4149111
8229640
7135786
4644677
9917099
8390893
8470037
9257222
1373419
2077485
6876634
6761491
7880520
2878092
5605901
8608680
3585794
3076261
240868
4035875
1936548
4481330
8223069
4048628
6895552
8052851
741650
7685811
336191
4427025
1236662
8579586
8817657
1773129
957884
8734800
7225685
206313
9802646
4512096
682331
4858638
524177
9828094
2274579
5898269
3391905
8877681
3045325
5338637
5000941
639049
7828173
3906378
6774169
5594147
3985503
1934385
8601339
3674309
3133370
1847477
4879905
8836949
7448013
8637996
7182162
4013308
4223400
9652961
2284097
6350372
6103737
1178770
6125571
7601879
2014338
268199
6383198
6853759
9921440
6316382
4561248
1409069
637290
644545
4686727
6314217
7963530
7958461
7193138
8018872
8101055
7715614
3074184
1250167
8547836
2673748
3304764
8172176
8275670
9137749
4080088
4623838
1309823
3357086
6397348
4609461
6275685
8996241
3511258
3135614
8264431
4453160
8238546
4853277
7768022
6208004
8769838
2982038
2011225
7875123
1633778
9632877
864315
2925677
8966573
315513
8389424
8614634
5415257
2753410
4023054
678257
4143277
3036502
108994
3343115
1791819
4202477
590512
1042707
9866402
7819870
6534068
2393891
1520635
7497321
9737522
3846347
828212
9879672
6770263
4429232
6153489
5726886
7724207
5999169
2002976
8760612
6486432
1838931
6959619
5709335
3822412
6236111
8646667
4476626
4465102
8878920
5092849
3634288
4310412
5814515
4167827
1560367
4321965
936953
1430682
4164987
6140958
2947591
6465780
1682200
2236435
6924850
4552413
4549001
6593706
3163437
3778254
62852
4302357
1580848
7184837
4488804
7374725
896137
8295010
7721287
259227
3410515
6417186
7821669
9076872
168723
7412180
9992202
4110387
6781463
4033019
1828366
8442499
8602235
6689369
1175301
9860627
1710583
7913702
7923710
9660269
1514207
6808096
5253392
4533148
16058
2465941
4030097
810545
1721257
3706673
6055185
2175532
1830447
3417870
9076068
9714425
9528457
8663229
8824508
2835339
1207557
4641092
7493241
2457445
9736191
7535388
963864
9718263
1379912
2161962
4510958
3122383
8003845
7580786
5523610
1602866
919245
7626391
9079172
4941891
839418
7126067
2658757
5634612
5515034
6104690
3659717
8836748
9987247
8256222
5128622
3718960
3845797
1931171
6154095
8974500
3203273
3911778
7809948
5013794
1288433
8957865
496896
9546199
5833066
4598654
9750431
2441763
3104791
1988262
8804532
1528042
8928250
5884913
5176374
1120987
7620411
3271134
9075242
4744444
856674
3684442
4526116
7677823
9082489
6071231
3011451
5398950
1266612
7451078
5794967
9234991
9991536
1087509
2711973
308516
8278734
9472696
9102653
1972453
9702768
9536187
5927534
4365073
5716176
3901656
2308962
6636356
181682
5219583
5632051
2194333
2516717
7393
3149959
3102087
7357025
6817549
8622719
1027364
7099121
250844
6195264
6614303
8995908
5465799
7246594
2575058
5641755
9299156
3036323
6554107
5711176
8242323
2542625
62677
2990924
1835835
6349843
612708
4909851
7855811
7120333
9955746
4730836
8605401
4456449
8623359
8924935
9013464
387802
491860
3755369
951385
110434
8632595
4091031
3913866
7390240
4446837
8903874
275960
3290252
932466
846280
6986
6656319
8631644
287837
6097755
5200866
3845470
8941912
2301919
2479414
534203
169977
3327711
5613955
8469051
9417856
612401
1320561
7435635
6863752
7532466
151134
9350568
107586
6210142
9458943
1497553
9558108
6392363
7148713
685139
3964500
2541894
3899291
936079
9809401
6609184
6838334
9722292
1549517
541296
8703394
5097341
3696959
542867
6127181
5343836
8781045
6030469
6700799
2801737
2239877
149598
7886035
4958901
2921928
9226215
6370757
2992609
3014542
9393405
3127649
7050481
9222156
9712089
8633470
7441296
9081868
1892867
2442075
1002394
4701592
2203990
8557680
5331803
7088827
2142491
9169590
8416932
3121901
9419809
3162544
940359
9699355
8154704
4496993
3787652
2229824
579005
7034733
9379576
3562532
3204654
1814611
9574667
6402175
4308118
2020457
6368397
2376938
2986570
7497872
7300977
1014131
1829120
5471468
2734617
3534612
275323
7067425
4205084
3119344
1961073
2044055
9858118
1244487
8527954
9536927
886322
1158064
9070941
1437543
9809660
2664869
2378193
947946
72987
2807865
677071
2649221
8431083
1226245
9823205
998391
1915905
7802857
9981275
324029
9757275
4410350
9476860
1877078
6598732
1035302
6971507
4082231
2476126
517046
5148751
1486132
5771888
5160295
1281882
2469670
7923016
2619734
5282245
7294810
3487884
5128307
2986335
3484855
6258444
2153046
3361774
7426740
4702147
2551863
6759966
7898821
7199406
6696193
3344674
9622297
4465470
5951672
1272090
8773777
7482146
6593566
3527647
566206
3219876
8338942
4725156
3824316
3475439
2764920
7807517
9862855
3917786
420246
748556
2462476
3067139
9239874
2123498
7095298
6544109
1762800
7636333
8628578
4675011
5462546
5300115
966965
6525100
4048587
2728244
3570149
1697140
3747261
2221981
8688811
9185939
6383918
3033320
849353
9961737
7051375
9491880
7660213
1072645
8342055
5752863
2275677
4693699
3902815
5602372
5145373
8522136
9109480
3854944
4293979
7108918
8045918
7355586
9437490
8219755
5759778
3393548
2744901
5290419
8011744
9183054
7281874
2467545
9354696
5540581
6965274
7826609
8298872
44950
3087539
4351813
4158759
9296194
1756404
948179
4052390
1415982
1721547
1229054
8257722
6319938
8750846
6295561
1012233
7816577
6759243
5547736
3209692
8800761
5153678
9055432
2280802
1376016
2262022
2540273
7742539
2407921
7322868
7912178
6119896
6099612
8854727
4262248
4005571
509784
1257383
237343
4796662
118519
7585243
9071087
9808806
4091451
1987326
7633330
4410468
9421541
3497349
8898941
9547284
463698
4446267
7221966
1100948
3137381
5582516
5991167
7513348
2098499
6731972
7672079
88877
3944173
2750361
4680800
8811971
6008894
9128911
2203305
6440547
6298637
6315535
3925215
7655309
8651108
6673261
6706901
9298900
9270656
5261853
5249116
7500491
9615843
422450
581257
6381681
1021664
4904177
9702814
4113898
5854218
8539401
302352
4411913
1053841
1074079
3394443
9221375
8756578
3243100
4507883
6537930
7160812
6754281
1873424
1381360
5142639
9239330
5697679
515915
1583920
5552323
9756975
5958868
3239300
9617250
3933650
4802884
5169276
8756849
2836971
197536
1672320
6319509
4184954
2004331
651793
4879551
4726193
5814757
7561944
9187426
5254826
1297714
8621492
8980471
9889542
1972686
5730224
75256
9717873
9791475
2678522
5721654
5970411
6013403
8921361
5135184
9172422
87413
299377
7943169
8819139
5047274
3445884
6649258
7303587
7597595
6471549
5310758
7468035
2693589
241199
8925815
56942
9866392
1739827
5202889
841195
802166
9476156
6650542
1742687
4699654
6368397
2035596
2653986
9126251
1579239
8986133
3622046
1349167
1215925
3174697
7786296
8445737
4179545
8236349
9284155
2475443
4472244
348735
4849340
1057892
4534290
5462969
1048148
7835077
9458856
440058
8216145
8827718
9575883
7385922
3513503
6516311
2385542
2892142
1339561
4392819
1643999
3670385
5679647
6968999
8802898
2830816
14064
3572264
4457918
4937169
999163
4549568
5030410
4499880
1895245
6560523
4568925
9207303
9805191
3880573
2864400
4938001
1377623
5119475
1410017
516635
5177073
8303461
9074574
6107813
9348234
7211706
6954400
5891676
4690728
8461953
7882161
4199598
8120595
6187799
335140
5811719
4122386
6818884
6567326
8224273
2313124
5563071
2647734
3638695
5173149
8747821
2123347
4967623
5161575
9467848
4364154
2251183
27840
2382861
963982
5985100
9769546
6629881
1087883
6343973
2087820
8816421
6443562
9894028
3154125
671329
7294187
9406688
2564996
9862167
4402621
2908008
1740666
7937166
2273691
641817
9383659
4634247
1839510
4105895
5230719
1502333
6837044
9402589
4292408
1783010
4652019
7128201
7159530
8613047
3645468
1461167
7613831
7032084
428461
4666676
4488412
1674156
4250844
4992342
5505836
9128533
4488929
6417068
1614166
9335315
3677510
3322149
361901
5378800
7986043
4973161
4833408
1513191
5586252
1909498
4413515
2066684
5827270
8677384
7264543
5877762
8999184
47944
8914961
9067953
1350434
1081656
9379765
9392873
1200671
2718135
5102377
3844279
1584060
7500589
9901600
4631512
3218542
1147692
5778214
321111
5884401
2619414
8206801
1656351
3031045
769034
2484858
7948961
2218986
5698023
7106951
2191009
7054957
4318084
2299598
6124181
2742567
8384860
3951492
5277745
1458212
1349016
3092461
8090394
7653862
521321
4891298
6787033
4447767
9500680
5966542
8885196
9286570
9123512
7452623
8639880
4012471
3482935
7726178
4916467
9802458
3118423
5189335
1673726
837929
4412918
740415
3124576
2271154
7114678
4712529
9700011
4618517
2153698
2354273
7085543
2796899
3581421
1759507
9763802
8524043
5979540
6449361
11650
4365530
5304738
1319552
6809033
5158419
4181315
3633721
9131863
8759041
770785
1509204
9186541
2560894
9495145
7154558
151181
9189350
3171636
286372
1070784
1620338
6814814
2314228
7517875
9476284
5601587
9917370
3282894
2447440
8928321
3883427
3153566
6106258
154815
3397406
103881
6394396
2615305
4458507
1777961
3730268
5947424
827094
5645557
1028620
7662282
191885
711101
4863990
9792565
724223
2337427
8042819
6967891
2356966
8337119
2110819
3184428
1193511
1024142
1859564
8231225
4526408
1839412
7975575
8563913
2333481
3283343
57156
2648195
7509255
8682488
2842389
1668053
6921977
8578373
1425925
4277452
12779
960748
6260248
6965617
5225242
7065029
8564499
1372956
4169099
9602370
171660
584401
3100362
6052471
8868337
4092939
6250088
1991710
8657368
2836239
1095062
9655256
7118988
5106693
5568402
9655413
9757687
6564124
8559652
6987137
3717135
5289911
14753
8824664
1100742
1514061
613058
6441280
2291975
253512
5597925
6331585
350597
767501
9573165
201444
1369230
8824981
7458055
8842647
5385066
4318703
1619773
7514442
5183190
985147
8100325
8305412
8191229
4010772
3635350
4944049
4523949
8466981
9329233
4111144
3040489
177042
2195922
8676609
2409702
4260978
75701
1821942
6123299
6147280
2049429
169439
6051587
547702
925160
4318577
1546104
4598232
4759794
9043772
7120590
5772726
8966592
8391209
8410041
6207947
6586761
4663260
4222253
1268574
8729212
3580662
4437373
9165194
4533353
4959073
2890451
5358141
4785343
7699802
2702389
3239891
9691907
5566602
8729633
6027418
3315252
8664248
5950843
2305380
9223745
7365523
872567
8890357
7588458
8896295
9499858
511888
7438249
4802895
5559244
7370723
5741901
9325774
3400254
7565507
7851163
8660047
7174044
1388164
9896724
3631719
6776735
7696887
7520035
3599144
6093872
3475404
7342592
637129
9163695
427056
1189090
5217339
3219308
8919309
7793775
7949891
3625220
4757962
843792
9420282
224481
3244491
3671652
6427685
6654228
2600429
8042515
1107039
8703611
851846
4379160
9013162
2385767
2121644
4974463
8828977
8701392
8454563
8849804
6765643
8420183
8102805
1269759
7084557
376594
8182184
4850351
4166835
9585652
8241058
7540551
1543002
8999666
6714710
1842734
9994339
3777673
9341368
5546542
3000413
5800707
8292159
2657967
2288241
5993119
3925581
6123187
46087
8181952
7819715
5357723
8569444
531804
5430118
10163
3388666
9747439
8277746
4638890
215761
1995073
7773800
459951
9568137
7676480
7866547
6472905
7485779
2755949
7100745
7482042
630868
9714819
7237814
4595362
6124453
3235552
2546089
6443208
1836965
8068452
7440423
5224252
6011704
1936725
8675779
2810912
658888
1471410
9626230
8049840
8774438
7157366
467146
1040948
4249194
6031672
461216
9877847
8210338
4776521
6101438
5398382
9208135
8003387
1244509
1956241
3007419
1238085
515309
6296331
6066477
9511467
8214816
8471854
4966930
860505
7866974
9093382
1326126
4786163
9310786
7209263
5016627
2848976
3390292
2787975
7747136
8245006
3489880
8128649
8697949
8212208
5858804
5001038
2610670
972448
3028912
5266509
4522503
5529425
5793987
7734463
1572030
6668220
9324948
8225181
2540176
9249139
9679290
8068774
5373884
1479888
8984579
9883852
7497084
1539493
5531157
888567
251112
9407051
1866189
3113737
8056049
344511
1616968
9692157
3162759
8841513
6120835
6096157
6299264
736461
4347708
3457878
9651669
7652637
4084142
7384375
3566764
517790
1467256
6883625
6713435
6808841
8184790
7903341
5757500
5448540
7038301
6152175
5007854
6216046
8551230
6594807
3775331
4477579
2121474
9877675
3338893
8315090
1322946
6847157
6044802
4063468
8345963
3137297
7848572
3620994
4209166
3144758
1132759
8394716
4703846
702245
1670162
2299104
3533873
5137758
2638736
775463
7000946
9414025
9072750
1973621
2669849
3559494
2613069
1019943
876782
2926653
267662
75029
117455
8609727
2260616
5509754
2734730
3878319
9820968
7347435
8428472
6591639
799213
3791388
4347605
1732225
494595
6595146
2803939
1214561
8483903
8356800
7035349
2181417
3052128
4848055
6807076
1310502
6539122
1545780
7455560
6704087
7921439
5437876
1286657
69285
241535
3002509
9808572
2334838
241843
9203091
1321109
9982374
9891828
1003297
9609851
6578016
5919987
1601151
5968665
7220279
6084038
4176163
8536160
4596274
4305880
5221283
1345045
161914
7329795
7529062
7496212
283662
7015921
9392165
6511244
7492927
5136033
110533
9013506
1908592
3942107
9382956
6423890
3354718
6188186
5410709
1900773
2806131
2548249
9077994
6031018
9463968
6152359
6324792
3049223
7720918
2833794
5445830
5915227
7653515
5094005
4428550
6998122
2077797
622839
7152719
5501888
1150167
5941335
8220797
8033877
5187570
7930848
6018214
6038630
6794528
7085210
8224193
7085628
279187
8205091
8423637
4037297
6382537
9013422
1184956
7512744
649113
3163782
4474124
9082949
1017851
2385500
5800720
4159629
2215615
3193019
8104068
389617
459642
9813193
7141083
4691352
5954362
1180756
4474610
2148607
6858667
4527097
7224024
861143
9682707
532005
8944576
6939520
5803491
8482726
4018847
2141958
3674705
6115137
4885974
9072599
5021370
9574892
7125218
7779807
6794657
9926490
2215767
3908761
1795588
3665131
5814708
6801773
4154106
2995510
8640242
9760731
997768
3820991
182605
6312584
4737935
9557605
4065013
161383
8410745
8049583
6909234
7396443
5979439
9863906
1718196
3142748
1224114
2168563
8790478
4365825
2165098
3881213
9342738
2928624
3194639
5195160
4813307
6329468
4633923
7140097
5939384
7543190
6238021
2172742
6236869
1181284
3480919
1467415
7180090
2320612
7603843
3930423
20257
3920848
107735
5046048
9093815
8739808
3980128
6904387
9606711
3541036
5184969
5435447
3379263
8921133
2054712
9848603
6159948
4014847
4035683
816989
6903671
5260422
5276816
2039919
1364347
7980041
9131242
6272412
9567063
7445496
1437319
9728204
9487809
6989805
2504523
5946550
3015870
79273
4100188
4956671
9315742
7987196
7210543
2383659
2615394
3710694
5197091
2711515
3698307
3467168
8379161
3612277
78381
3459364
7758285
8138367
6310573
1343769
9199240
8982700
1567120
268375
1726586
7417115
1920237
2854425
9123042
4450787
1082229
3361199
4090338
5466865
4489681
1573501
5406467
6931666
664421
8401350
4293733
3032300
1457107
2435937
2738472
233366
3399104
8509957
4271249
6378259
444104
2270967
8932595
4623686
5702094
8864757
592839
5264652
4194208
8482003
8872224
5885629
2654075
5929711
6602894
6357051
3801589
1234249
6179901
4462029
2743732
413745
3530251
6097681
4639832
3662601
8664002
4874853
1820592
8536392
4827161
7066284
949776
1712107
2434707
2617761
5736503
3771536
2660674
985046
3749000
8327452
6573533
4179164
6047652
4070808
9533130
6792166
7996877
7138564
6101199
6010500
1218034
8074230
946314
6521427
3263578
6374655
5315557
4715455
3707342
8727809
9722468
2189605
6106277
9785995
8804641
3281658
5342323
8859311
85934
9315249
2218912
9152136
5267148
7910527
4829943
1647138
2608000
6507935
3581230
8817832
1788034
9295486
9925886
6825541
7910571
4618304
7285356
3701247
772368
8860743
2924443
4627236
1079301
7350549
1716623
2076343
5170939
7794291
91019
3622615
7575848
2944857
3637342
1282506
8123156
864362
1462463
9600796
9088447
2055949
1043579
9893116
4016083
9292370
4286178
5919151
8233181
8010708
683603
866136
873370
5318168
5676255
4720853
8309004
5294317
2300359
8977681
1910610
2692719
1740211
1714682
386
3212541
4507684
5300722
9740074
143158
946902
214001
4458763
6768705
2121391
4941101
8445622
9261086
4482219
2896031
1252635
1993183
7496640
4481898
2256719
7832604
5110540
1112713
9715517
7476989
2305214
9624527
8823179
230371
1018121
4469195
2772524
8261776
5274458
6754562
1288555
5501060
2877480
5993193
4354403
7547174
5782094
7024389
4709016
5218595
9026733
9522439
7045139
3249210
9925360
8316893
6391212
1677283
7561901
7576950
1734636
6454695
9591356
8932771
7854220
4664004
1965459
9096066
3650088
3119194
8011282
2779549
1297258
3206604
4866234
6961044
821019
4840979
534551
989147
2400583
6909903
2718847
5571382
7701733
4205562
3728562
9792246
7675265
6494893
8058119
6569212
8503045
764579
3599986
8811159
5761483
9259416
5463379
7261802
8927463
2458180
2639810
2835862
60991
6692864
8140221
6856910
1187139
4944446
3108130
4975429
1795450
3042968
6807893
5383164
8400010
7616913
5778199
341508
9164900
7201271
3548511
8568202
5916291
1390235
9748666
2167600
9942010
7616545
9656594
16939
2575078
129294
6159080
4528915
4315907
1637704
6641192
5611740
8246382
6884777
9752945
4011881
8128384
6083016
7072286
9234953
162299
7815638
7176919
6030449
1672296
2794237
4411814
3136632
1433120
6501786
9625171
4743966
5335026
6765053
9181268
8557058
9033285
8685299
4579611
782097
2644526
5775526
6704842
8035254
7237945
952517
702380
2982492
2358794
3752682
8776624
9682701
2396829
9670488
8772216
3217551
3477434
3441447
2617557
737416
8227637
7417669
5856268
4217404
7790781
5454932
1619254
6820474
300767
5728802
5155712
6094315
3916066
7424176
6170575
515469
3273101
8734740
6012174
5207024
6455211
5268609
9675487
5580487
1475540
5439650
2594390
1505859
8269289
9165574
920014
1371340
2111530
4309803
4482146
9356643
5947298
5792598
7037888
1717515
604314
8251740
2589710
3732827
3313031
9159672
8178028
6971586
2219240
7991828
4523649
2268643
1376172
8220416
4420479
7544223
1009208
7932012
7015772
3419208
5715235
4281679
104828
7075869
6800622
6916632
4593551
2417882
5341749
9821897
8604650
8770390
620204
4500101
9082345
3441893
4675060
5676284
3647304
3747562
8778468
6933596
8614661
5669423
4319318
454460
5856190
4331159
1987773
4263753
3315256
9824342
6708077
4444450
4839254
8269342
8426553
939129
7392912
1945592
9406134
3805818
2589029
9564600
1557111
1978255
548027
5300037
7143919
3512247
9084561
1505144
4213738
4620829
2923287
569351
5604342
8191794
5146027
5903482
7670302
3154623
329666
4498344
2006639
5085863
4049817
5245246
7155226
6070621
9564396
1259894
8146606
8252174
4303810
3966915
3876859
3843070
649122
5763772
179371
9642225
5663690
7218721
3020634
4703941
5430321
8591940
1070841
5431778
631015
9736721
7998583
4377101
3866581
768872
3840643
3810304
92624
8758930
943753
7215873
534809
6203621
2314681
3302032
5114357
6143306
9210179
1952185
5867714
4883635
2487720
7753271
3940940
4730012
8497648
183935
3290849
3562160
9264925
4653277
8481968
6113222
2222973
3054349
5848782
3834570
1735915
6317019
1662343
3880318
7832558
6176340
2510379
8656001
9450885
1779084
2882501
2020448
914966
4075400
4262155
2101178
9782756
284205
6552305
7336760
1936011
5319719
8890473
4571776
9572792
1284082
8557298
6194338
4592613
4204187
618935
865008
9334132
1146477
6308854
8647944
4583306
8049885
3682152
3447636
8538384
5106457
5611629
4810346
4251460
7111498
6846402
4028693
5521779
4096908
5336965
5812236
8591367
2938009
928350
3102869
9207611
5459341
8706977
1033218
1667746
9718214
8795793
1520243
7376890
3064486
5475302
231194
831097
9802080
2750229
7900695
6787965
9087866
7462466
2232276
3692067
3352681
7259960
3476226
3953485
6808433
5820274
2257307
1124503
2357340
2642297
8312719
2083350
3484033
6111426
2720282
1796815
8369880
5509602
8003840
1843734
3064164
6790317
3452017
7272404
6768485
6521556
670478
615581
337458
6808894
7441730
186164
1572591
311719
7823911
3294924
8850440
3234658
9355512
4294268
326843
3988178
839422
9101057
323903
9058826
3674787
2317887
7248651
4015649
7583738
5074507
3530848
7218859
988979
6445595
6647641
2092332
9746690
6634981
1423076
3945577
6000581
6616769
5333961
5529094
5337454
3620678
7327694
5143872
5191653
1242161
3990981
6110525
2884810
9198022
9936473
6527311
1413959
4116017
8814436
8389300
4286930
1148463
2136287
4688393
3768249
6123570
1589753
5416979
4558015
6452720
1910256
6948131
3587115
2829583
6978554
7008444
7331179
8619195
6769823
8667982
7615321
2074517
1754657
6688892
1724153
9447961
9377255
2177633
7347048
4783072
3955002
4270321
2137223
6473439
4144203
6014807
4293942
2399033
7942237
6282386
2444363
7696238
1237244
9653750
9358916
8232171
1854572
8135261
8322796
222428
3637171
4393361
1152640
7094868
4619267
9997745
7549567
7972383
2062523
1874150
6641775
2693032
1426132
688290
4060414
4982874
1684781
5141752
4527104
8365699
9185835
8446046
2368069
1340294
5556113
5363274
8060522
6609627
2855096
4555978
4324243
8540618
6804697
4931610
3423110
3886602
6989350
3432636
6297108
7627937
6907187
6392385
1528147
10302
2865930
5482757
7030439
5917822
6916663
1304512
7226511
2996030
7784597
2203118
4517248
9110925
6302139
8778620
5405702
7748115
957845
4269271
6119663
8988797
1185968
7380339
3894783
3872158
1979914
4284912
1519583
1519027
7413130
7120560
5887828
8924519
9573024
1373250
8832387
8998921
7735087
2947374
2067137
1055487
1386754
9945536
6126509
1932639
4636830
7769562
6520155
7743180
4063516
1327496
9230988
7269221
554609
2318757
2758518
1365331
6757728
8723799
1375245
9436035
6214295
4560590
8643351
8886327
1894787
8180232
1774621
8072475
3216069
3944505
8052315
718578
2568487
1525103
4562139
7881687
3038296
5909733
2662030
9487690
6828694
561706
3032256
8546841
3979647
1673661
3077937
3584827
4438535
7538692
1050310
4045071
371203
219950
7711278
2852843
1514379
4460104
6716448
911584
5736540
652179
9727754
3480143
49506
7479974
708071
4406861
3832392
5808910
5960371
6939271
1745292
6842594
9958790
6706245
6712555
2691857
9975233
3341744
4051588
1200390
7658064
3856064
7541721
7055795
237235
1010372
8446509
1578451
1044385
7449239
3120848
8048231
8941903
2286907
9148678
6333640
9167127
4362001
2997669
980252
5015156
7038478
4292932
3048113
2465021
7202287
2804689
1302245
8237263
7230733
9189948
1797522
4330950
9226633
9518616
4968197
2632569
6033817
521914
8735317
1963130
6547217
8486233
9014694
9426582
6177431
5744272
3330613
2343861
3661501
8268538
1981936
376055
8918119
5676551
514661
8732389
7386688
2846073
4940908
6225897
4594597
3261629
4496077
2612677
7635888
8900358
1660135
7038921
2962083
9344696
9988131
8757122
8986234
2938237
2238740
1927812
577645
645125
7088606
466689
7369827
9399845
4628363
4308441
3161469
7775754
4330326
2411441
3346635
8293178
3862821
1453442
8189925
9309840
5392398
6318522
1074665
2223359
215029
9019170
9898986
8185910
2512413
6782282
919858
3641434
3930185
6497783
6083921
2083000
3450184
4216066
7615489
142358
3618365
3697364
5583659
1723349
6276474
2876278
2464182
2349689
6232191
9421250
6625870
7621306
2938353
7733984
3789939
2715489
3342773
8755546
4542413
7771473
1286686
5791445
6508645
1567894
6813119
4982598
5548468
6327313
9160890
351628
5851883
6704606
4678607
3110455
5286293
94796
92353
3794051
6855546
979579
9410926
4949307
8816644
4947259
4186775
4648426
209359
7528059
9004958
8930493
3788109
5837572
1560121
7738715
8074574
2376901
3589789
2946930
7322018
4713625
2676598
1336931
2506920
5749872
6021082
8124046
6574117
1887068
2257043
702602
9162373
5749965
3910328
508008
4066005
370054
4245207
9095035
669052
1346628
4050207
7917041
1252220
467633
1400754
409478
4263502
3447720
3150424
2142421
8944247
873091
2799772
6424049
5821940
6242624
7627608
9469921
6068189
323600
2741227
5921382
7085463
154382
3188186
1159440
5675597
739565
5701745
8911087
5040988
6025560
4941284
8257680
7320754
6323016
8843498
6692664
7505518
3757831
7969694
5576006
8953434
444933
4711859
1161979
4402267
9890117
963535
5818552
7603299
1318700
650546
1541333
9387828
8033671
4505890
2573490
9152125
8277054
8579076
2085009
3673857
9540816
868236
8616800
8766158
3375908
9738105
5615963
6773623
8041848
1599440
5167872
9179005
5625359
5848449
418103
7448341
9525740
885753
1117287
132337
5878085
822881
2120469
7611591
9936301
8739052
5971866
473059
2054580
2122820
6787549
4203539
2454695
389565
8356560
8650647
2461359
2864978
4316574
4004212
1279502
3625244
1420114
699992
2300939
7159322
3882606
4994489
781041
9730414
94530
183271
9818523
1625325
4577639
560971
4688789
2473303
7421901
9090884
1658751
919122
5622502
5713953
3145285
6795265
6066628
6264095
5978642
6942280
1303041
9103537
4449955
3698929
389037
8799779
9941691
2454735
9696476
3650282
6657722
99015
4469807
5102422
3649447
2213694
3760210
9109789
6536208
7536471
5014448
7929190
9039980
8013392
349708
4197713
9166094
3663866
8427279
1238718
9251846
7760822
9280150
1422185
7883140
3790532
3565777
4207249
7734991
4250715
8195247
1819275
4284679
257370
6560441
7269270
768347
3182084
5539115
1102561
2158876
4610217
3474519
2058214
2921494
8194799
4285699
1688161
9774621
8462168
749611
4818815
609144
6775740
8661444
5556348
2649422
3165152
4232054
2594123
5457437
2896390
4565119
2522665
9697468
9770926
4038314
6065704
6929837
3402636
5145590
9578809
3299586
7068431
1390898
1842856
8035114
8699060
3816748
8055600
2798167
1765327
6765656
5091613
2523531
4657046
1885462
3767418
1961368
7748176
7695422
1605289
5516038
1212877
8205739
7070938
7330639
8655639
6971716
590055
5342548
3055108
434712
814642
8061975
7829949
8580188
3355334
692698
6310794
7711934
6468682
5081071
3037111
1974250
3377704
811256
2041243
8846106
6452273
4875119
3842527
4113366
6439339
1503039
5976090
6089357
7177570
8952448
4824376
5361330
4572815
6147492
3305505
6953788
4313302
9826598
4624673
3446843
1269593
5587084
2828923
647137
2265623
6062914
9969462
9065727
611053
7230514
6732864
556540
9329189
3108641
9832097
4387089
8392943
3607075
8565799
8597105
5907870
2096642
3609569
4160306
462544
3831377
2222557
5784666
1281492
1080857
3770707
6762003
6627424
3802759
9195769
8329082
7851881
9434985
4752848
1082729
5501877
9672800
7493753
9501677
1766508
9473634
2014180
671225
1400329
7968372
3079180
2364506
5539505
3505893
6034089
7200803
3170735
9358033
7615866
4229493
7024317
6288981
3081448
9804140
6348626
363678
6268868
1295539
8729761
222728
2152025
4499154
1595656
4701589
8753694
9333287
4704963
6070323
8638468
413197
6632490
7932510
2459339
6949168
6870045
3103344
322349
6277248
6699793
9366646
6857805
5956903
1779962
1449105
6659288
911520
9217004
3595971
6638684
3532659
7520088
1094080
3350404
7146027
1048792
7034462
7131887
607719
5352837
402210
2925110
2096290
6410522
4659533
7231536
5349296
7147400
8349082
8411776
4967420
8407783
5130365
6277187
2269224
7940788
6147850
6595714
6501714
5688370
3986657
9363998
9430583
8319699
7156624
1396225
9602242
3864926
5948444
6336404
3587174
6402135
303375
234640
5620652
8093753
9337870
507803
3684570
4974741
8393310
726392
6137995
6753410
6561348
6668658
2807519
3968605
7452077
8711733
8309460
4187427
4314102
1774620
6500184
5354173
5709805
5332136
2275377
4412802
1034439
2808407
1410790
5688711
5902320
3647826
1774761
2469469
4272307
1711340
8119035
7520149
2182679
5823516
2735927
527586
8620743
265456
2666948
5885741
5282515
2920099
2227426
9798221
6940862
9236755
1405131
3983231
4090219
2778680
3018168
7340433
3599288
9933313
1645675
9039343
2824099
862650
2483785
9441494
4895678
8493938
209846
673896
1189285
4421653
129085
9582416
9287981
7935269
5224891
6477447
3750302
5078
3290603
7042282
270780
6298823
7880685
8305065
4130711
3132208
2785827
9191501
9864461
2338571
6786968
5804039
9390166
9504666
2144355
9404975
447607
4409517
5071914
1511245
7230848
8541814
7042122
4375940
4957989
9018643
4782913
7200130
430883
1909988
9107352
6733783
4845936
6353489
5218031
6688675
3653133
6613029
8870809
6932336
1583770
440827
4745695
2081856
750221
5684930
5077705
3743514
9188241
522992
527071
5614116
9263177
308344
8787804
5136253
3808073
6542510
2639300
5698499
7760902
6204849
4578003
8318018
4006600
2565392
8356662
5808849
6158793
7114859
4901155
3000082
856902
5062243
2439446
9953665
6696933
9181729
4675294
2320845
973442
1984176
886687
2122663
6056612
510145
2222165
6410291
6625717
152381
2074943
2187570
3606700
9682234
7406868
3850289
6740070
2965751
8685770
6173553
5868888
4482843
9705755
6402199
3008815
81175
1096772
34529
1000307
1328051
5772844
1218282
8437778
6880532
7582820
9304337
8957160
9731318
5088436
1923224
8705917
6481419
3434033
7937567
5686303
7411701
3439229
2476679
7021248
6410964
1346211
2959129
2423511
6617327
708057
4113659
1300419
8504293
378388
4314759
5743140
4368459
9293649
480165
1002073
1214307
7210085
1685424
1866096
2570673
8406927
2651334
8364139
1001247
595347
3675396
2900161
4822418
1979667
2240968
188708
9631771
3831255
3299475
7383118
2099021
6115032
1418568
5048202
6320123
1035739
3974825
1381823
5099077
8444545
5033374
7174742
3529633
1832058
4231127
2047738
7192686
7768289
3558422
9088703
2885788
870028
9758973
4237089
4563558
6896740
8019569
3888587
3141318
2298115
8687298
8995742
217603
3841345
642525
5024233
746403
355521
1423260
6223169
7447139
201993
6312663
2865437
8830736
9689609
8641315
8540700
3763010
5554121
4190735
6506321
6723192
8004687
8942212
7754201
5899075
8982361
9888732
4002525
5369349
9139031
8347893
6994043
8156496
5424568
6662463
6444507
4415316
5730500
8386364
8199728
9302206
4970855
7027609
9504777
9580563
5632508
2528951
4468013
9433894
3089414
9059724
9718621
391979
4167459
3741559
6125462
8354894
1873832
8911793
2833680
6383273
8587838
7303944
1417431
7714191
3514310
4572302
4267345
8109906
6401507
427223
9849928
2643996
7755590
5696939
4805603
4267388
6579464
7134621
1050802
8709150
6120624
8872035
333258
1122410
5214619
9339146
3040935
4683272
8046403
5706605
6310934
9938170
3077659
3942147
3796453
7630678
3379893
8621769
5816275
9328288
1764653
2647668
4090385
5568642
9269232
1796769
5489373
3454852
7305609
9742430
417670
9829567
3978228
9668915
4037474
176312
7136741
1446888
1363832
6603206
6912511
9000234
5041477
7917989
4395188
303548
7912961
5801557
5504431
1158207
5079308
6328648
1803329
1524495
3806556
1178501
3174947
6339068
5434706
998154
786087
5758155
7135771
7661663
4081468
6998565
3001520
1006184
6497834
2316126
9553815
8049961
1154896
5762988
6661339
2046178
9953776
9782120
7756029
563114
2608488
3285051
119376
6608328
66186
9517965
6611817
7213702
9149353
3454089
3998806
6674166
5180861
4148648
1667609
6190577
7293453
744155
2172706
5758561
7227076
9019232
5633384
7251884
2166781
6723509
5307680
3619192
7932628
3691041
6250416
432156
7251608
6298931
646989
9231753
5229123
3932302
5888262
237945
826451
3072612
5307153
8366867
2967812
6861126
338748
539408
8542234
423219
6633213
7840336
9075995
1409796
1158777
1332304
6775429
3298216
1120558
9869242
4809738
560050
3974783
3870712
8969478
3155000
8577706
6468970
3726076
2497313
474951
6160435
292095
2764514
2145581
4775602
5816253
7188452
9261262
9010710
9067613
6934010
5986981
6749057
4004807
9571528
2757222
745163
4285549
6035699
1615765
765824
4041642
360107
1694953
8004867
6381866
2696751
4545215
2410497
3534518
3661759
8395442
3500387
8997958
1281482
2000185
6335504
8460872
1748299
4117625
1688697
9734321
2227399
8861371
9742062
6062108
4783720
2255493
8724800
7863179
8643
8588079
6115635
8835999
7798049
8354276
6863581
4804227
9229152
4708895
8145774
4951433
8763100
3063456
3466259
2008731
792544
953970
9546853
5390637
1145293
6131394
1453903
7088723
7599025
9280483
892345
8718297
3459234
2783306
2333778
5216490
4394051
4110800
2566517
7469630
9237761
7498078
1850618
8690684
6109341
7541432
7442836
2447084
8793630
4620265
9566670
9756985
5716756
7801115
1518375
9103315
5610787
2020180
1854577
8629478
3406278
5752353
2752959
5350230
2503798
1926591
1753499
3621419
4747977
103599
2600501
8838398
4044995
455200
8015401
6153519
2010858
7350464
3756742
5657190
2870665
4243546
9608146
8063797
4442627
5087865
6468317
175633
1105303
8922319
559076
7878694
9613035
3228389
9031592
7791825
8167359
2564647
8893978
6611728
4419922
1446347
3905075
5352239
1843735
7968918
4846249
8424765
1235020
9143567
8053167
8643108
6432018
8669538
8806189
1206659
5611604
580115
2831596
674798
2539144
4552664
1757251
7496185
9352279
8323400
1876905
1042771
8698414
4324793
1452807
8873340
8724801
2367259
1600051
7212500
1869619
5591796
5770199
2280529
4333509
3996326
3431850
9823181
7594394
6340674
2158288
6976804
7333196
7684835
8225674
8782014
3882874
2225463
9596146
7536015
2857715
8095922
3347569
3308234
7107745
6423543
1122186
6138175
2158558
8519534
8641285
7967650
4549490
1817170
9525252
9625403
3199303
9090275
4276728
4780509
9854630
3714531
709583
6965606
2050673
745514
3853144
104576
8075262
4417711
7344598
7820688
3003425
5267158
5493619
9724342
9403744
983266
6827697
8639207
6037861
9099233
5380282
9011084
4396817
9101386
2516904
8720933
2659945
2537330
8689715
6628573
6519346
1014905
3276787
1573124
4713738
1785720
57275
8389444
9424328
6528406
8929850
2365934
3818046
8778222
5111550
6112611
55640
363564
7206311
3968150
8380190
6546153
5437666
1015342
6606299
862234
7194743
232907
3982019
9978916
3061667
7618771
7141859
7323403
708513
6141
7210138
7068935
807306
5312244
5292642
8978674
2072716
7134225
4736571
5476617
157605
1445179
4274497
6743123
4618869
5011230
444385
9988894
2664224
3850153
9971084
7141580
5839969
1982755
7540863
4679401
1352669
6674170
2252929
8968150
8727916
506299
31164
4239655
1017320
5568367
8393991
8635834
7508922
2466445
3584185
9028955
1696212
1272268
1013900
5429135
2396014
4753172
3601877
2978555
72564
4810728
744614
8585123
449286
8965603
8647180
7928661
5598432
1993826
7762577
4293205
2865714
2193787
9735128
1708091
8205450
6423017
9014040
5263
3609829
6627832
5357847
8956309
9852460
4584051
3970976
3627673
2102602
3311213
3912180
8781133
7104771
518040
5532755
4756463
7557858
8548351
2012038
7318977
8564359
2078508
8773496
3647154
2446122
5756706
5430776
9161407
5777224
1364235
7790821
6809896
1360065
7573412
7301130
6985476
151727
473359
6413996
7202494
3762132
597951
3694144
3436248
3604124
6728740
8454395
6294691
5785804
7953664
3433072
8863757
2424508
9295388
8478423
6869704
7440996
7917235
9742067
9488113
3596714
691278
874393
2164921
6208542
6855390
3933786
5180874
9333433
3076227
7835975
5444787
5668334
95013
7281065
3148823
5171039
3768109
5135958
3542371
3676009
6802350
588123
7153602
4482933
8969281
3790328
8980910
9106738
7428803
941412
8353743
1241952
2249829
2110710
1962270
4200581
6003207
5045073
8287127
3251052
3054615
3646440
9494775
3520946
5898474
442306
9881220
7612077
1163037
4222620
9197318
2186903
7362724
1449882
6113363
5212072
4155865
4802662
955061
3459392
477986
575028
7002543
1552937
8767297
5914918
8045758
8066340
9836650
7373242
4751743
735442
6475317
1970575
4192912
6026952
8746812
7004004
5639880
2692990
8471133
8565471
1103768
7948147
6977134
5186515
1146570
8008156
3021424
4449386
7052558
9710437
7740931
8440794
5121722
1014272
7598781
9058471
772302
5308222
7021704
469992
5404960
8267012
4295906
1670807
6671706
9484615
4600731
5878184
6574800
5820445
1257876
6410341
7055885
6305977
5469625
7881845
1615283
7631143
6639036
1619481
1523439
2175427
7958326
5192656
8787735
5479618
3931919
9040998
1176613
3892055
9924951
2871570
5781506
4430150
5392373
4473646
9214319
4181522
1053610
4396124
6370775
3567637
8043743
4336483
9355396
2335149
9210036
9274852
2852244
6691249
3656200
4150424
7229194
4758181
2758482
1711426
3437866
3929264
4209279
9609568
6314375
9941820
4764557
6783045
5036089
79055
4792751
8537733
770693
9558245
9582697
6054762
5812226
5901691
4646681
8637504
4899399
87113
3759696
4689800
2040653
705526
1301207
7255470
2436689
684974
5269864
977405
8789946
6649578
6286793
1000092
4719385
5538620
2714255
8457002
5349341
1508681
469359
4488158
6112688
3794467
1812753
6098154
7818833
6382549
1180773
4014273
9759472
7179895
7282671
7765019
570661
2108787
5213037
1389141
2717668
1945871
9875049
2808672
3289174
1053943
3465609
8225270
4371873
9052640
6843726
3277434
5915968
1746803
882113
8242597
7020999
1133155
1113489
8542980
1264039
1899655
8025582
2636612
316188
7149172
8472431
1195856
8665049
86429
3619568
5203208
6056870
8387944
8160133
1385716
9914890
9703274
1977331
4208929
7805637
3920139
2279597
2011354
3989534
7171309
7733490
1136259
8726309
6897321
8121740
8363604
5677838
9696544
1246097
4831664
9894771
4080775
7458698
9244835
6659271
2192221
7020329
2735412
96430
3750405
8399696
8055904
6814629
4039015
7159260
6928598
9852063
770581
1549290
467323
8430180
9249773
9178691
4025805
8680361
7235615
7236090
9361307
7198102
4233430
8637370
3324477
2752224
5582062
4000260
1389517
1280737
498956
6417727
2358145
5357037
713647
4049651
9118781
5489971
2153617
1460992
4463476
1897546
677322
8564981
3146307
493800
5062995
7394826
5128712
3392668
6457159
2633601
4544388
8169764
4404719
959167
8054547
3675693
3125169
9242545
3615125
4959068
5245636
7650796
4697936
6880124
7603659
3217822
2719027
9269819
5545414
1803947
5247724
2749284
3521127
6696905
4296740
6297651
5866364
5125971
6720339
3864368
2897761
6729250
772651
7904774
310020
1107738
7057299
4295355
3430136
2377310
7399852
8718395
3823338
8125589
9711783
2265450
2262060
8350324
4935051
1739064
3944138
9703881
827359
3157945
3991768
2474515
2689442
3532255
6714912
9383678
9235761
6664637
2037250
7935199
5950695
4788277
4493978
592936
1855758
181219
8120625
4243282
3746397
4095766
89677
5077298
234099
2786848
707940
444569
2540418
5354979
7417326
4242865
1777051
7826091
3470313
7831839
9735616
109531
2504726
3640553
3679329
5397133
7811476
2050754
9311343
2277646
5132867
2138362
5211900
9221047
1956861
5477241
9966528
9412642
6585659
2273984
9307484
9868153
5751350
6915523
1262223
4509551
625702
3505122
8042185
8829819
7477840
8310643
6787300
3701908
9847289
938669
8641704
9088303
2289559
4062189
6717596
8303727
550077
7514793
1481694
8728219
8521101
8172640
5464314
3112600
6775731
6602419
5514816
5909478
5254340
2441359
5432455
2624628
8496365
6308075
5350199
826543
404086
9552122
4356911
9772013
1697720
8461616
5823167
2440915
4643151
8493892
5290793
414628
6127197
1597601
7590830
2630464
8211819
3203816
3379322
863894
4079847
7988372
9360932
354512
7049973
6396550
9904984
8106531
9955846
5665480
6825661
3263914
7323976
1226700
1552950
5649286
7711608
8199530
1218685
108455
9595816
1238181
4782599
3897905
4368444
7075878
225016
5772362
4819978
5731786
5244433
7295722
5410527
6729045
316908
6596395
2440023
5427028
6241644
5576608
9144128
9447561
1561589
7855281
5905614
3502830
4964425
4129974
5370400
822377
654580
8925127
6996144
7882400
1957688
7327150
1030530
5544846
627778
1796332
2905917
6183004
9751034
196498
8450929
2187554
415507
7558581
285593
2743372
2313743
3922592
1940752
9147644
3033720
7230811
3095380
8647612
4242178
7703566
8813345
3048022
9033289
7532917
8404268
6059222
1728069
9488457
8290924
3063026
937080
3227868
6187118
6104970
5989829
4210684
2945436
3100133
5472759
355366
452006
6236132
7565406
2817154
8016919
8813106
7596940
8253032
8860468
3541314
2984688
7983987
4164650
1911207
6741646
4082577
4680915
6046945
4431894
69325
4928962
2937356
7299559
3093776
5430398
91171
3182119
9059148
4047468
726426
933711
3410296
9399950
7353752
4051869
7142767
2384538
2349575
4526752
4357397
7393783
1545317
419975
6667412
7656692
1958564
1787089
9529934
9203560
6891116
9955398
1735441
4062851
8595355
8880972
8693041
7757950
4757126
9446956
578457
7145851
8836815
3015611
970524
8116769
118168
9028128
9504960
9875682
6510075
5665278
3361807
2947666
3164725
7460178
6431674
165272
1928785
8769779
1512832
4045279
5165016
2739161
9090731
5677898
6353943
2238605
878477
9717317
6573354
9404667
2339262
7649082
2149519
1024947
8169762
25552
9377796
7187662
202541
757658
4898840
9194418
1344681
8337282
7845520
4575129
3755912
6058400
9268574
3123117
4896297
9990338
7069785
195803
6766024
5164993
4806795
4028832
6701714
8726576
5741280
5761254
8605396
6069617
1602769
1601442
1747278
157928
8703255
6097670
9757123
7426317
6641638
8751173
1996542
4975385
7036755
5470719
961069
7362178
4916141
1186497
417174
8229671
7388340
1221045
655286
4733139
4258862
9482418
6582882
9673991
5744849
7311863
370186
5171242
2418727
5192644
5585423
7156129
2735417
458435
2591143
9387719
8587063
6518115
5769373
7105456
9308177
7910440
6967231
717912
1580115
7923837
7511148
83922
7133393
1704293
7641549
3576709
3174720
4289922
825207
8969918
486709
9767481
7231059
9781083
1351195
7471281
9293129
8609112
3699860
8412203
3568711
8684909
956669
8314293
7181709
355551
1649500
4081688
4636945
2960523
5716220
6144212
9881210
2483181
8202667
8703452
2062468
71497
4628553
9267814
9130185
5995312
8675950
8474978
530536
6709286
7076591
4448005
3983808
5900712
3841605
5622150
2183244
3148715
3014541
879647
4215592
8088018
4451335
7901642
2909287
4046249
9897348
656042
7038557
717763
3426893
6437995
7012134
9621517
8161225
3144304
5546393
2877486
8484858
9788002
2599666
9291824
9529416
3283564
7108005
8066666
2867006
1595957
8604258
9733318
8560720
1736764
8137436
4068597
7680486
6288262
9294542
2152315
2914778
6807049
4871860
7985149
3147953
8982527
6005690
9425208
3420485
8602477
351950
6508002
2599914
4211485
6954277
6677856
2569706
6647297
9647225
7923148
218774
9434317
8223602
2669457
9751711
6466824
8950739
7188608
1331254
284316
1754385
2732661
6928407
8613060
4205301
6488493
5599893
2119487
3487003
653174
4485055
5385263
1370899
1767854
3047006
7464635
5350160
4253628
6202896
7612037
3890631
9397123
5347618
301113
8822795
8474313
8680702
9839430
691365
6624251
8976562
854471
7404673
3827509
7281914
5588552
1858091
6128330
93501
298420
9682643
7475715
2522886
4709773
6984880
5032208
772562
2799947
8960560
5181960
3093097
896540
107406
2921887
4322358
6113364
4887537
8814696
9081276
177079
8056577
4998369
7480280
5851013
2487229
6032319
3373891
5974634
184155
1402783
96491
9404623
1122161
1844572
6870461
3899645
9392388
8073473
735513
5902571
7597920
5880132
1422225
4887083
8394248
5609052
3952898
4425156
3287622
6467056
1083921
4174494
4159080
334753
5838695
6210106
9946757
663006
7687482
8967123
8335714
9657258
9878830
7853525
7890099
744989
2780364
1389999
6664521
3482044
8804832
1603848
5443079
7571780
6744731
2522796
6938359
1115138
3945250
2065644
5416200
5948594
2945481
1139258
3339810
4264037
3532332
4409554
527856
3632188
5746617
4436196
7007505
329795
6256265
1384659
8817426
3397971
3546144
7088826
4027978
3435933
2866031
5345381
4606144
8624566
7239852
7622953
7965666
736313
8602116
2513111
889418
948905
2039503
3826201
3190971
4571104
8683201
8162283
8471916
2198908
2467282
8065866
5538469
5079320
7213016
4687962
5231942
9671940
9639857
7157199
9430458
2813482
7183916
7780438
8356490
59136
8921218
351896
8864047
6625361
832586
7203554
2401957
7285533
8037415
7845525
8394912
4724888
9730221
4743393
6456138
244363
4210554
9126694
2019901
9067717
1671631
2700940
4061970
3236486
8581131
433454
1715447
5711183
3525890
1914572
1189822
4944593
8023447
2339270
9559088
3473030
5540476
2552189
6453819
6707345
1591253
9480750
4671336
8799360
1538229
5848059
868212
6169419
2584155
1940392
6502466
1464115
4575894
5520402
2919333
9552885
7453155
5464313
7651905
5791096
1252807
9992000
7798559
4891341
7368015
980065
3569450
1646249
9915679
7178769
323654
6308091
5486899
9220511
5943468
7680565
8977344
1080733
5769197
7000865
8384493
2471647
6325883
6210237
2284726
1677712
8714373
8606893
3346591
2109783
3860573
1627289
2278954
6638832
781299
2028076
6060242
227072
1489264
9094101
2526624
4261215
3449155
8424709
4439758
1698621
9048612
1461639
3976277
8711909
2491142
1520147
8480608
6377604
791379
4631968
5160677
8384840
1981521
4220084
2902386
9769269
5788437
9548642
8936584
8608283
1605778
5021683
337276
6403838
3819114
5849832
5223138
5102972
2893298
4778134
5586980
4758839
3739142
8214661
5588799
4511840
5497431
2158802
1742175
4865352
5610022
5147676
5794453
874163
3065982
277235
8592607
2963795
6010898
3214857
8604085
6016279
9097220
8006194
7733610
9343042
4028273
9003803
9240436
8441660
554854
9704134
2757547
9260502
4872021
9945020
5005369
5196703
6727324
2895106
1560228
4093177
2161956
9576033
7799587
2032688
168792
3196816
9812868
3991284
1481017
3698
6087261
8418008
792014
2182510
2983133
9059030
572130
6867112
9384507
3856918
2099992
9103596
70560
1470839
3844957
6451960
9068094
1749087
8786243
6315545
1717437
4123411
2753572
4701775
5285139
427014
5727460
9337092
6128530
3040680
2846214
2213618
3376121
1352331
5208174
6057194
3018517
1435995
2714531
4052350
8500065
5571700
1748403
7295722
7795882
3772426
8711771
9226096
7293005
5663345
5707955
7092624
4187165
2081425
2150542
5365068
7460759
542096
6158675
6834304
3970717
7987638
292256
2475281
8422514
7343298
7463698
6401748
1482550
9310424
714947
5484532
9311594
9222900
6835983
2180166
3802119
4634700
1828930
7175592
1351710
8370523
9716378
245147
8948195
5315332
602045
9711939
2175620
8617099
3450110
1280613
2434074
2788357
3415887
9084286
9941750
4397495
4237750
1790051
9858706
6438679
7484097
681984
6650760
5059803
5923102
2735351
1997523
5336482
5723320
2883478
1025867
6217182
6623997
2669039
896970
6782515
5518573
4014210
3534714
9063316
9548406
6057530
8792413
1575698
1175212
7555376
7847892
7835743
8408683
3320667
903280
5902735
8105164
1600160
4415472
5299328
6924958
2411755
7409891
1121730
180893
6578343
6318799
2056399
445652
5093422
1025103
4532871
6106574
8250428
8968464
741692
5601636
8150467
8787518
3387983
1731504
4361599
4544051
4691537
8722315
1677919
6139730
4893571
4101573
8575710
5844476
8815270
298955
2348195
5889202
4544414
5553682
8382920
6575198
5021731
2037255
5838970
153387
816241
6297700
5265206
9081386
5699654
6089630
473393
9096858
9741795
218778
5764368
8762135
2493678
7620924
1557252
679705
7864542
8759719
1951334
1087363
7335869
3624470
45326
4709140
4370875
2489812
4278887
457021
523246
1732049
7394843
589856
8792235
81632
5245485
6679359
8039759
6758076
2597463
1661663
9797738
3442565
520010
3467124
6961008
6674373
3898707
6622581
1860017
1961862
4694974
3975881
1720463
2131996
6989410
763212
9196074
4552123
9533251
664736
637024
8217895
7425075
5631091
347261
3002140
7075503
9839831
6821167
2011391
3932748
8408383
9707306
7840867
3854583
612007
2318715
5316247
7610243
7826896
3394984
1504708
1719968
9935062
7100281
4581048
441018
5029512
5056171
4538730
1997858
1171919
2004829
918506
6835809
4567423
7499312
7004851
2318670
8433360
6983688
6091128
6064502
668661
2999540
6372459
8681312
3086862
6983152
1780407
7162177
3847237
3337716
6352985
7230363
3385579
581416
6678146
6628840
5699179
5448447
6230813
4017566
5714734
8310098
7353553
4785795
8838160
1747600
2233280
8522283
3950490
5305718
39518
2743053
493903
399082
694151
3112684
6695407
8168704
4282289
8995769
7208145
7587728
4178457
86583
7837638
5502216
3667703
944611
411203
9031302
4547587
6023389
8048569
3130558
8122313
4174453
7006118
7013015
4087144
2936072
5378027
9277841
3502593
4580663
4102534
2483603
7061265
6936776
5460801
8079282
5991537
6316917
3616366
5680306
5732337
9465917
8026898
1291380
9922307
73157
3074609
3432316
5752950
7816405
9931638
4719025
6498407
6780620
4553041
6127824
5872768
7791715
2786503
7016909
3826726
4735876
4058746
70700
4706126
1670559
6386505
4683618
5763920
2120374
9619891
7711136
9587980
3958377
6915432
1152019
473245
4160695
2166385
7082283
2903528
6577510
2932411
9149762
533244
8612213
1730346
2377485
4697567
8438743
4113808
5497826
295148
2856680
2062005
7802582
5974623
8102451
5939392
9374849
8944449
6979827
852485
1981955
1987877
7167919
694383
6396635
9899371
7510047
6413495
4968091
373434
6633011
2669772
2129104
2876302
3751286
8587180
2772184
6903885
6613484
3396091
8817569
3020810
315792
6215457
9881023
7232886
1843337
7611394
9342512
6823233
9871535
9812067
5499209
4007317
9655185
6472124
886758
3525090
8536381
5861894
3398548
2024174
7957715
9893911
7036307
999715
2534544
6358149
7221971
8126450
6563928
9626008
309007
6458093
5755869
7290264
9390262
6293563
8252207
5882467
1681093
9352941
4410462
5105929
4971489
8971698
8637128
1774750
9020968
9224732
9534172
1041439
6643323
8505179
93967
3510998
1287400
7649925
7888280
9626619
2207877
1443237
2591915
5016543
896223
2125768
7832170
123310
9332666
390348
4038049
6977389
2808803
3305159
6377362
4280825
2693116
9915638
8802158
3189172
3993966
1518222
2585537
602049
7539570
5254956
1501983
7823182
8252550
4095996
7355161
9157635
5240123
7716454
3933910
2977293
5257162
212060
4484723
6883057
1381829
5815192
4872990
9352909
5916651
5059439
9799885
9937379
7198342
9428816
6450970
2634254
7964048
4089017
4352214
9190227
5320930
7063488
1508672
3986433
6682589
4097886
5047343
2761177
8708966
6433478
822406
8766134
7455773
4162875
9971393
3769152
5051016
9526999
1499335
8484159
147294
1475180
8978947
528988
8301224
3989411
3947810
8291819
1499699
1474536
8082359
2467885
9625189
1851709
4509556
3158464
9309259
452106
8668356
842608
9653004
3221396
480243
69383
4889249
4393500
2474294
4209852
7947491
7171351
1093203
7459893
753904
4595425
5275532
4059226
2494550
7515426
1510721
6379966
8656062
9388714
3066394
4475022
6902334
8097097
37264
294452
6192712
3586584
5203022
3686331
3342754
6265456
5516469
769171
5402690
1413076
2817028
3040328
535115
809638
2467627
1889109
8399055
9941902
7093878
3287972
6905619
4663959
8350234
8993052
5016275
3391318
4582603
44620
1550908
6637025
3400739
6936513
5469928
5286843
9202395
8677756
872437
8949083
7586131
5771255
1248333
4045951
879183
7573381
799300
3750549
6327164
2163907
3590143
7525772
4508185
5559952
8792487
443568
8706301
2047533
5244831
7457662
803288
3089348
5637986
6772502
7839870
5863417
9805039
984567
5966909
4374721
8075219
4709529
8049889
2593142
1140526
4514837
1647777
9742708
3929739
1109246
6753279
2862051
4576047
5984488
8864349
3672210
8127975
7228311
3453724
5961956
8197853
6291498
9799064
1924061
9578594
2134808
5343565
3070110
9925000
3021936
2776601
9027558
187965
9456645
7567426
6966920
2700865
7363025
4942369
4385892
9709170
4339075
1490405
6090626
1032730
9803059
2268284
3235073
8242219
389983
5723229
2036725
3731008
8175475
5023965
9511217
5242183
1455142
5596083
9929200
3475092
6386457
8973959
9008139
7964197
5636645
4098062
1673713
5785355
9247043
3636919
1041733
1116496
8813171
591690
6016779
1515869
7536870
7432792
5135139
5831129
1228596
9131375
1508372
173450
805185
9118160
9057034
4981341
7758569
5155192
6944492
451263
5729171
7211565
1462709
6252886
4325337
4952305
2745629
8954656
1729145
6616176
2103786
6127516
3622532
7467888
4984163
8929144
973745
8846779
9523960
6413177
2340655
8690855
885633
2910503
4830373
1255465
9704184
2042413
2734576
9928711
7227602
4059166
5495809
6190334
7092287
835682
4135486
1751810
5849666
4482657
9101259
4119592
3465087
339791
3166188
2121701
971636
4357428
9071038
3067822
2621351
5931920
5148794
364443
5925973
5061304
8291502
187027
9476907
82029
5659081
9818622
1040114
6759401
7998151
788853
5851287
5262932
8208446
7328695
4011694
1785224
8867560
1990514
5706792
9994808
1382187
9782617
9031390
1811833
7851111
5889257
5127457
1490453
8935907
5663523
4475324
5646386
5780559
3538118
6347229
2732898
5531151
1129067
3215894
1812708
2893112
422915
9962932
8301487
3448826
7319106
7127497
1043791
5968300
1490438
3517885
1457082
4533329
6594250
1623762
825863
9180415
6264699
2525106
7664827
8137089
6265433
6416929
3970356
2934830
8181575
8083601
7088865
2171352
7772591
1915836
5897118
4524639
9176037
9220399
5831166
3206316
3352813
7639562
2629924
6482220
643126
2950445
4979396
6361440
2796809
2951098
2271056
2336181
364919
5429154
2857066
1817170
2106192
6779760
6835396
5246244
801242
2170937
6036482
8443984
5058213
8179982
426312
8816892
3272262
1916476
1345963
5527369
218805
5945655
7701101
2359888
6701122
1566901
5362563
9573990
3321164
5714766
7896775
8256168
1430975
1196824
105613
8771785
6514698
1392913
7264448
398162
1553865
8174251
1930589
6167329
8266949
2558420
2670359
4911627
6071215
2953098
5622064
5435673
9089446
6802130
6748863
7139283
8312177
9988301
1882776
5360188
7350353
1076269
8767568
3537655
4619280
9742682
8185120
2157163
4605681
9623314
9109463
9559545
9861340
1523218
4856114
2318075
544619
6250264
384123
4444130
8241403
4426365
1089720
3340968
6999675
6418495
6280441
222831
4703510
7576698
289341
8380325
1131614
7043314
9995492
9000708
8246792
9355786
460339
5542821
9720971
3907619
2118931
6659877
6523194
9629086
6255728
8071649
7162728
659168
7465820
4251938
7735691
1942565
3701297
6983726
6119989
4667503
1651426
8290895
1477289
7210944
1366903
3114963
6832018
6017997
215286
3737816
4772339
838756
9472585
1998280
9834932
7611038
9075609
1317328
4258876
2362028
4775491
8790226
6184153
9394114
8316943
7568865
5650404
1335919
3386810
7807588
8208179
733841
1952663
5189911
7549970
4340891
8753764
8270180
1281704
9677646
4783617
6646904
9983541
5350162
9594878
8199910
863501
3317829
3536844
4120213
2126685
4805143
814310
4526064
4554755
9690760
6483126
6474606
4504030
4165908
1278865
9314218
193062
970535
62222
1602522
5001385
8925760
5937773
3184301
6278459
1404094
2130470
7268874
9073600
5308425
92184
3070560
251
128700
662994
7071577
6304270
8950830
3415877
751100
7809934
6475699
9474208
2685425
8672347
9754234
7110314
5176830
2800127
5658197
3327402
4503150
7878166
8622046
3330724
9179771
5577241
8553843
2818511
5652635
5085655
7353709
8500553
8676439
3562191
5429453
5291913
6657530
1155681
2361827
9221058
370227
3952567
1237887
6577717
2733616
3721111
3817221
6551745
6291008
5582820
1568582
6196072
3735954
14456
2267994
6184817
9328885
3706195
4411005
6334048
9765600
7245452
7795855
459728
712163
3522454
4165714
8842709
6841321
5842248
9129673
8814828
5182736
1788348
8440845
5159944
2738313
6882407
4062243
6133062
8063280
4455450
7062454
9905954
2438189
3924342
7264978
3656894
7233716
7963905
797841
8078363
8097175
6172785
2756020
2986406
1341650
9234182
6730546
8671589
4023406
9374883
6184853
6812033
2578796
7783643
1676498
8446924
5017231
3410587
2455905
8135590
111084
5683718
3551381
8917150
2663697
1451270
7602559
8476804
3195294
7291144
2341502
3536191
4775033
682438
6315645
2788332
6322707
6309421
6957904
8183284
7284360
5264270
5394046
8582080
6582921
601967
303288
8168093
3062064
6939501
6908859
8850181
9901631
5971464
9628617
7700067
1775729
2612075
5747991
9509657
8818169
5344608
3594973
3947855
8507169
2320290
9948352
6655277
7235813
4237682
2896279
4475092
9029971
2382559
7458726
2973587
2828695
6473798
4601817
661874
2876727
5722876
8416329
1148357
5179320
8795491
3175437
2871828
459055
8932964
8171651
5105012
6086715
7812645
478529
1803147
1796655
7310552
5409886
4599896
9736952
2364062
4468192
7690651
2433603
8072510
5511024
7274405
604387
7649236
1815516
5053467
6170316
5616022
9941461
9681990
5754687
277830
6207418
4969160
4252092
9026012
6248353
8612752
1477472
4369184
2161410
2238333
8009643
4755280
1552643
8855705
636124
5540321
1166714
8539532
1888796
2386940
1494915
8143519
997952
3172263
8922067
5167473
8868046
1514578
9779870
9052500
1909807
1777636
4536283
2432077
381013
3267221
9368605
743376
8802081
4407132
499943
8791467
6364426
4217101
6312732
6678938
9535271
6112459
2530642
1864627
7744936
2630932
1793886
9069293
6598513
8169464
6309554
9803040
723873
4073660
4130197
4420530
1801255
1627600
8867260
689630
9576956
2292463
420995
5175922
5900070
1143748
7374507
5130293
6159949
9744004
2725960
7973026
2050490
5221105
9578476
8790252
4440871
3126043
7741921
8352856
4290128
5579938
5516158
5874028
6519810
8403171
2582768
9716478
5189470
4489104
4460839
835638
7068354
2467139
8379655
4900589
5253362
3902194
472861
8721325
5575913
8960842
2702097
9220021
5800275
8513967
4116053
1672632
880610
1484094
5943119
1468112
524363
7857119
5909108
7465290
646396
5733115
5605765
2927093
111470
6044649
673062
9693851
4287638
325162
8993763
8112784
5796084
3857014
4942581
1759033
6909336
1145264
6668017
8087923
9991721
1201644
5943975
1772347
6253856
7496717
8976288
9449603
32885
9018574
833161
5032697
9259648
4465149
7703183
5917857
977662
7396995
2129532
3538413
8246762
9603100
6661009
3782677
1268809
5269304
6668029
4617231
2968
3476808
9583761
8840334
2096078
5091074
6523089
786633
8612622
5545877
1687506
6858273
5519783
4082219
8464385
6308062
8326491
6544537
7326404
9175190
555501
1193538
7194320
191757
4822627
3375438
688045
5049283
1420453
8909664
6909854
6997849
7362741
6554708
6431496
8939668
6220838
2216326
3844840
4817376
3292457
241009
1577048
9308551
3045489
2309756
7459509
8723915
3529948
3179956
6168850
6074035
5240829
192003
3518730
7839262
8639920
1143158
3306978
8651969
9577669
4812781
2254228
4605034
5339803
8208338
8439859
1646773
3966813
8499675
173208
2791583
6132226
7608085
5225724
4151485
441939
7927821
2084888
3001539
851963
4501189
4983008
9307927
8001807
7406636
8794826
2267244
5614072
6757626
3536732
6793941
1160340
3923803
8211472
9342920
7831888
5462082
9340588
1827276
5083694
3917586
3522720
7012052
7570166
8120650
1463206
9225450
3445990
8703302
350846
1826501
8395398
2965970
3858616
2745666
6318360
9097986
7890665
1350618
837642
9803906
9834848
5994159
7121252
6557619
6171574
2544460
7844992
2564153
3112926
8782060
2343520
4252469
5226001
1255752
7586326
7010075
8626334
6350294
641393
623660
209251
5166470
2279087
6903029
6167530
5181282
6254062
212904
4801872
473067
6062464
298927
3643642
1795608
9849872
546566
4286601
9433054
6785800
1339379
2826057
4790746
8985625
4878998
8973514
5076085
803821
7086653
5398978
4463905
1683221
2123081
1237549
9667833
544662
7588238
8462378
7274241
2676653
5797441
7005457
2098999
8057754
6346630
8314482
8928063
5117852
2713020
3280494
739800
8358901
9898132
6281458
7729772
7150246
2713095
2429595
3231654
7101236
1924224
5035326
9577295
7717534
7324268
5724162
7240064
8338064
1602440
5178695
3662124
5686236
9959437
2960891
4213673
7269590
9000028
3544901
8168857
6243955
9997727
4388132
4766408
5307827
5821358
9383230
760546
1939881
1386842
7409405
3285362
7737176
7647018
2152231
3132782
2505925
8821814
7152562
7896894
5494998
5886851
9587265
180796
6318900
827586
451356
9263356
6722139
38452
5026412
4920132
5204708
8755273
2203206
7020290
3094458
3218968
4156076
1344100
8772037
3814063
8167597
637765
7199130
8793837
1767652
9388996
323536
1402584
5659031
8032593
4831029
5744104
3024604
6944504
4325323
2672994
3832536
4150599
511762
6135463
7051523
3881611
8549492
4730420
798793
1961737
2256796
1711722
5758920
7475560
9576458
386451
922480
4382397
3003206
8805862
7954405
2560065
7937989
4207598
532596
6156285
9733609
3183095
7433916
1099889
7724121
1564075
4876284
1861732
6371476
9437371
3151683
5751163
3908865
9460957
8888447
3310860
4096373
9681721
823422
1140178
7787732
6248929
3732005
3434476
9948688
8419494
54868
4876459
4866329
1284407
6058119
7057906
9252940
6552396
1242046
8180708
2633663
5923725
4362351
2626804
1190934
1049001
5513420
9114440
6603828
8932886
2377472
2976028
7664642
8295456
8475365
6966005
590121
3587433
4427525
9157101
9465435
3740019
6900709
1731399
6606543
9250791
5463816
386224
1863026
3832087
6404632
5328990
5245112
483227
9065237
5234531
4414385
8454818
8920819
9835845
8399718
6933546
7300757
233404
764640
1089088
9186856
8259813
6569963
9890518
5454038
6179573
9091051
5144165
58201
1781971
4052665
521141
6899743
6652073
663522
1999367
3411780
2575498
8549563
5241033
1039692
9256664
9820315
5011134
4606635
9735713
7252537
6200285
933419
5639703
2166878
3387494
1405495
9823009
9401421
9213903
1960520
7037432
1136709
4445070
5328435
1639084
5483833
1778271
1193582
4729538
5029338
9546774
3594798
2367959
8540376
9678870
6448253
2340639
2772965
1386015
9022742
5372016
9948157
4733773
1708782
5190097
1690592
7368819
5722011
2722035
8469419
7514634
5273255
1574913
288724
1210657
1513508
1523877
288418
8589320
1939419
4983336
8908650
6540559
3248714
9067481
6007975
2663290
2225465
9766011
6465606
7938846
4055086
2162039
8048733
3438179
5995072
1719989
6405074
4529196
9038674
287726
4778611
9389149
7792461
2265994
1205446
731971
5348145
1680009
446000
4746847
6614907
5273909
5966566
4790356
7596812
3242827
5631922
6421264
7311769
278401
8599753
6813313
7633351
617485
7651093
4324075
2790722
2895983
5412193
2280783
4251466
612215
980489
154654
6403829
4960340
7243454
679341
2366106
1264963
3887731
7866749
7150729
4294123
9655870
28934
2131050
2319104
9468815
1772763
118197
1759168
5910619
7558501
7993924
6409154
8467303
6712222
5944355
1295887
2749183
730754
3127981
3922895
7911541
8062186
4235136
4934267
8961620
4826797
5777150
8622936
6918119
9244220
5985662
3493224
1472354
9507187
5055771
600531
8753411
3010486
3672934
3213058
4826696
4900007
8808189
7478519
395775
5859452
4867949
1980464
3601642
4194827
2427131
6643777
4501727
8318292
4460320
1566371
4615930
8673984
3325028
1876631
9158881
6245019
8426810
4512472
7070603
3744307
7954613
2583168
3854301
3765047
614387
1289885
7039476
8412501
5723756
1850630
1208884
2997676
6541788
3367593
8354055
7026701
3361713
6612072
8440955
4427775
3090389
1095530
42540
55591
1789125
3885241
4655986
9855269
6556122
5840107
823900
6520106
2221806
8669867
5628182
2470212
978719
6318234
2965157
7404454
2390412
9302391
5495172
2966707
5698943
6920414
9035899
2697149
1639116
94709
2240577
4909659
7146434
2249770
1723434
2807615
9129138
578646
3039565
701065
4618462
3956010
3460883
4927420
6338275
1496949
5870554
9288524
4139190
2975450
2648027
334658
9827636
1859782
119602
8099702
6536693
2560495
2716273
8568943
8784500
79474
63374
2797642
824759
4293823
8222774
7656354
9886801
2773283
3608737
9020642
2048447
6527911
9586358
5073096
3284883
774021
3306215
7661681
8662136
4128261
5560019
1279886
7494154
5358978
1711713
9900774
4973206
4297234
1810241
3474252
5395948
4290214
693678
3055587
9309668
5623498
8033865
8107790
6013316
1541711
7023857
9440067
6965779
9786898
3772234
6303762
681337
7615552
2557060
9745425
9057436
6771461
9461474
8392563
8518371
9363205
1956701
2446779
750682
2550651
6184789
8927129
9224528
1208090
6325921
321657
5803041
9563714
1636441
6428468
3896669
7336206
7117672
476580
8031781
1110865
8997520
2075625
7996927
8115165
8940927
8883901
7316412
9542426
3507647
7206734
2716811
1352327
6228344
5989793
8167212
3767823
5232078
2845468
6070629
4601775
3907755
8293086
9194672
716205
783178
5915440
7018636
9105733
2581780
384464
5141612
9734903
9351216
8213921
3839770
7912713
2720819
8436819
6680059
9327067
9141386
3163140
694337
2024016
6326235
4442817
3993546
8405588
8033905
9526126
9622359
477838
1481998
8598751
2011243
3479818
4728949
9822377
3335509
5989
6630647
4840314
4796314
996552
8900443
6283513
8043883
5801688
6682122
9712262
6242952
5247690
133833
70213
1146069
1558983
5958529
9039306
2328984
1917027
2855725
6147569
858428
5612650
8301957
1683991
3494013
8679385
7631730
5348508
3625513
2204020
2735696
181294
2092873
5161434
8659013
6468609
585069
854686
1564612
3150120
6691750
7997988
8118151
1916704
7632154
7308759
4517940
1073206
9736449
8671343
3698940
9413636
1115594
6844000
6179881
5828560
7100261
1318588
679963
9552398
4171068
1817089
7412361
8410746
9427719
462417
5842818
6387681
5258080
60749
1269709
8551215
9942199
6227449
138099
2520406
5272045
78164
5192760
2296239
9874553
5022871
3908959
5186746
3057853
6165217
9575778
2357564
3080070
6571213
9884751
2474367
7475308
2008631
3389986
5742738
5441287
6429607
8757662
1335146
9779724
1227670
4314148
4450036
2201387
2429168
3128744
6547014
2830776
4039615
8472578
3188892
8541949
3326215
9655784
5383280
7628393
8653738
1002420
2490224
7866869
728522
5478502
7896534
3112815
3516609
3079387
1076884
6991021
8038914
8136298
1669099
1848283
7680292
1119942
8423263
5375630
6537263
5745451
7970643
4925725
1791247
9749321
4528008
2471831
6423211
6966962
8582183
4709077
2629350
8269209
9796187
2072737
4564891
6778867
6865917
4744028
6860121
3179248
533745
984297
9868066
9059851
7975643
6448634
9016608
7102443
7786374
7513047
370626
5419764
73026
4819199
9849062
9113158
3291209
153646
4286947
9463047
132146
6478004
7130988
5975817
4969760
5018977
1116313
5459520
764284
3608215
7188855
7390345
9958256
9639068
4032726
6221230
6907844
6757369
7046575
651727
497159
7166692
6330975
4518187
7068925
5542158
8372838
5025090
804450
9360928
82193
8279178
7140096
415318
5206461
2705220
1708288
223941
768836
9093699
8556239
1868477
407880
8903493
2106449
9123986
4194064
822999
2469864
3432679
1307459
2946689
1910202
9093617
236598
168061
8876391
5851565
3603616
6420701
4449553
1220657
6998546
643642
739122
4037434
5016759
6428829
3979144
7512856
6755774
8053675
2483234
5962027
8445471
7333034
946954
6048791
6477606
1598040
2184503
4991414
5216575
9632702
4176405
3759693
8854149
8289017
9167683
7653001
6382327
927840
9434220
1080596
8973897
2458846
4506450
4697133
1612591
1976513
9772649
4630609
8651624
7106249
6787528
2289640
6516422
5748699
7930793
7415812
7976700
8081595
7447071
3693576
7972429
6367731
6358899
1319335
5200459
5775903
3313584
2463624
5488949
4635519
4232535
5092684
3587830
7910589
3291038
5572938
9028852
7316740
4850032
7238981
9379089
9523452
5495333
297587
3438775
4236495
4238857
9990687
5662126
4669748
5241253
3985708
3745989
9965206
1681059
8093351
1015036
7175707
8996865
6984480
5387126
9819394
824375
6610817
7074237
1547821
4280257
4092418
2596186
6935498
8337942
8123245
2770367
4662892
8783332
9093034
1398770
7952161
1103937
4056193
3693710
8243926
7986668
3780334
333091
9535250
2564729
2588668
9414714
2292074
1434344
3058409
6119715
62385
2844483
1285815
9854589
3976591
2497196
8855341
7649786
2825410
2896629
2864174
4876796
8359531
1715661
9380760
3797896
3244511
1832996
1298091
5772628
2358680
7412783
3605046
5893133
4616949
5526388
1550872
2427008
6074096
2325217
8883021
6946112
9454155
620915
1078871
4606772
7823502
7981812
6999616
529428
8286751
2444347
7427326
6600531
7056327
129707
2358355
8408914
9178257
5028895
2095805
88542
9748035
1494971
114206
4214338
553632
7058593
9775324
7554832
2714563
7443615
369782
8931685
8441539
6760631
5681071
6418936
219576
879027
7122246
8780545
2315293
3246575
3458647
2171540
3586126
7436575
4150407
2592454
2509097
6285022
283745
6372357
4313180
8117486
2715221
7005042
5465435
2762677
7319343
4311008
7119938
6658951
77604
7073328
8650143
853751
9177060
8452507
3406834
3735717
1607296
2379102
2415454
47077
8084507
3261688
4057521
5330724
5071137
4442525
9973676
1997818
8465132
7428684
5267573
8043195
4301843
8591027
8657836
7296573
5220545
4858919
1910442
3063926
951329
3462359
4695381
3669772
7626059
1397331
367012
4347425
5165371
5305772
6790229
3192611
7846937
7838749
4033076
8571594
3472074
6414450
203882
4388713
458225
5997672
1671509
4523914
5161546
8980445
2516561
39319
1432966
2962361
9738900
3669893
1767092
1743119
3252768
5295304
6635726
8373660
878991
7945934
7256165
3156901
7873998
3740420
4796555
9881121
3913678
416429
8981585
8271200
8971278
5792958
7444898
7235333
3447663
6606818
2443977
9095882
5855729
5568612
7677624
7640190
2296946
5293229
9790063
6151498
2877990
3477366
5493354
4582335
8735126
3040642
4650807
7977725
3133976
4617498
8563488
3629553
3977735
4782938
9459227
2734616
4888641
2604384
3563060
849634
55514
4099951
3763481
5918946
6958503
9606539
8805841
186437
5405339
8383550
6354181
9916515
3741522
1210486
1897666
7177395
9752439
878547
7971526
5001065
3752611
4524795
9826795
9086422
197996
4784056
556464
8393199
158772
3365958
6318495
4971897
2979553
7045574
2598801
8295361
3342575
8359548
2747436
8510012
6488123
8834869
8806137
6386387
5831803
2483636
1293741
4432253
3654311
3416517
7151091
7183474
3551995
9783082
461119
8178728
3024137
7666894
2203985
2630512
3783798
2694436
4818071
5109574
3506313
1727662
1422930
398889
3431213
8917498
4156044
2430600
7259742
8046256
1128591
4059523
339671
3398452
410702
137441
1793234
1725601
8208400
9409014
7648402
9974701
9366713
7788290
4334747
2427546
7154808
874710
3141719
8896003
2143487
1206065
8408807
6492133
445717
4346955
9173842
1172793
709296
9493646
9790105
9584089
6796290
4586294
9289193
9398221
8699160
