8412782
4592454
1800337
4432729
9347435
9222760
8302566
8582952
6814726
635589
4168688
2226607
1408335
1564574
5029021
5852786
9773943
6179246
4072755
9330042
7581264
7030110
2695327
2782802
9028966
1140501
21611
1028550
7158969
6183691
2716678
1088130
842113
5352725
7973392
3781991
1919470
1466503
18651
1080202
3713268
7438326
3784558
4384398
3029051
7944024
4209113
6478264
2246865
7113864
4636595
8717371
1169081
7769804
8196626
9210900
9303361
8192998
7899224
9489394
3692275
5560087
1602398
3044061
6953496
9674120
1654169
9011985
4847562
3276960
6787743
6718041
6060813
6964960
2480371
5525637
5187597
7297239
565407
4619696
5846620
1785482
6872104
5664947
9564732
5683397
6737100
4751627
4712778
412202
4601887
887217
420569
3528867
1412090
5972822
9877054
867239
1860220
1300632
3923107
937700
2829274
5054282
5311910
703130
7605
7942160
631758
527121
3323055
1579365
79790
2315854
9197081
7867769
5927702
2759281
647480
7756493
9581172
3214154
6514832
3167458
9930467
4023507
740556
7323778
3206550
558782
6400682
6902788
3819714
7017392
3777962
662467
3253461
2528163
1966113
4034153
2321714
8984068
144705
347208
9526390
5898330
2373119
771765
428793
451692
3344089
4210063
2713379
5983173
3231056
7865545
7325281
6701430
6333275
5686390
7376330
3925067
8567747
3785872
2790954
7604635
1046157
3085316
4272658
5771675
9810321
5613219
313869
9738726
2511518
5960254
3339021
7875940
7535855
8124581
9985724
2317817
1721140
2963903
2518418
1240414
8234114
8725346
2888404
2866010
1519681
8199818
5986222
8490751
2300378
1072565
5494447
9006080
568512
5923129
4686720
8919226
7760123
3386126
935123
1761267
7852013
4721549
1972344
7665714
8151484
7105317
5006338
7946562
4075214
7877897
4515184
7343555
427237
8041213
3103219
9997023
5614535
7120207
228888
8137350
2213013
4422027
88709
6637363
7652765
6640152
8678891
3417098
4950293
8452348
124716
9289505
8105252
4781847
1327880
8752916
1291146
5579287
150900
2832752
8001774
4339906
2266279
2112506
9698917
2695532
1131160
7242178
804066
3852719
1117210
3799024
3295675
9706455
5986836
6497774
8995229
1459360
1463818
61808
4029150
5304496
8339655
9625361
9162374
5640028
8649140
6791865
6610346
8675078
9389904
8978699
6634782
2644102
3679024
6865655
1901546
9197817
1866086
4778451
1938826
1065009
335626
9906870
9467233
9734730
1341060
6459142
6439478
9010597
8397539
4320769
8860605
1629103
3713963
8783318
6276797
4558255
9535253
8122409
9875951
3280263
5160179
697638
3893495
5078181
1191746
744511
190505
8200122
9193256
7395083
7068224
6550519
446828
3638846
3359985
5184218
2955108
349817
4867970
966614
1030557
1168592
2273839
6392876
1350844
1572024
4728456
1599898
3343072
5619762
5653089
7755207
6406416
8371213
1382050
9529539
4877271
5249991
5132938
7546429
7276025
4704357
9695336
9318914
6869637
4265446
9179063
8170624
9679104
9435412
2207408
5394207
53423
4600021
7345087
4409520
3147162
4600791
6549301
2624250
2411782
5068143
8268292
6418673
775136
4772719
2327962
4061626
3030977
8611638
9281718
160919
7001863
1894258
7109064
5533446
2354954
1116090
7287658
561550
4619666
4732605
9424385
9315820
4264437
2157427
2101262
111186
1271461
4597208
6057312
3162821
903535
462452
3577622
490647
5270770
83445
7691752
50337
3690229
6480598
2358143
6147826
6397437
5900193
7899333
2341345
1984890
5667448
989239
6123052
298748
9751452
1567378
5619100
5619720
1073767
5355121
1506592
2433212
8988873
2058586
8978114
2177734
4482975
4982812
7379123
3725932
1574685
8769203
812012
6313756
9200983
3648313
569576
7000562
3569942
8281462
4781232
9288902
3755860
9740548
6947970
6998252
9370720
1866284
8251995
5168785
6362720
363464
564785
8039169
3242448
3827688
2733627
8939693
9363671
1286344
4467351
1985504
8782484
4367143
6496990
4794514
5714282
9010662
8665591
4708551
4749521
7273219
1281088
7491079
4354664
840936
6522031
2941453
6157845
503177
3408306
2485303
666874
1809190
7035171
3751351
7094657
1419800
8617376
2314952
2681305
8207890
1788591
5046553
8191156
5374307
3691795
5107371
5393090
9178084
7770262
8348428
5790205
8448525
4579059
4499792
211138
2188919
1659861
8828837
8519169
1072522
2528110
2914264
8104878
129860
8803254
3306849
7093671
5530780
9045067
1403225
4802527
7257375
6356321
1864313
4306460
5105595
9695253
6631444
5040711
8857921
3928664
8476099
805393
2556113
9004619
8740179
3820491
4158991
1145938
3771659
7928186
9653651
5924941
2487189
8213480
4378401
130077
7894261
9403240
5024636
8002685
4065478
8185768
6988939
7403226
1346700
362857
9475159
9752242
1791845
4839082
7827265
5719300
7094881
8379351
8976364
7731775
8233731
5283425
4131912
9234858
5712192
9874349
6077476
4912644
305027
3853876
1997119
1336523
1084044
2232076
1555745
9976505
5807648
5149181
6122696
164057
7972152
7980482
6753689
1181662
5477476
6769615
1699373
5428694
9066684
4651340
3877325
9636587
9408234
2090214
1700734
1083586
793253
9811601
9569440
1269168
8580359
1395249
1365155
4077666
9152037
7959744
6307794
8115332
9912813
2473149
745597
1637692
9087858
9635018
8340217
3563637
6600966
6064576
683262
6496277
4655512
8220413
7769932
6884676
5670083
1739563
833252
8391549
1334353
2300374
4332332
2248819
1935387
3334570
5453331
5179330
8549340
2517098
2050332
657837
397870
5357770
8812940
7796670
8577295
7317656
5957596
2744530
151927
4985529
3107119
1183802
6078919
3521637
6355874
5103107
2445053
3097658
9114226
5938918
2501197
8002449
1464394
2318112
7147291
4336855
2690788
9964535
5784076
7887139
6508991
8065800
4634298
7935463
7597674
5082112
7401788
4388162
4119848
5928757
6686079
8324953
2402079
6204576
1218809
6821514
8389853
2766306
9263099
5660895
5140606
505077
3916908
9600498
5309078
8612960
3880462
6306459
6970474
8764611
2546862
259424
2506724
5792202
3377476
5750142
7358721
3078588
3233696
3528519
3860582
9939629
4199200
9187772
5630200
196798
4854359
3978025
9929470
8344817
6866165
7819298
2905316
9481870
2616910
5238333
6470215
6148373
9404962
5732336
1839934
3617419
2695395
1277328
3750320
7653785
5612709
7255025
7133798
8720258
7574002
690015
534925
197247
6415850
2172732
8853400
1618015
1172024
1589300
2842581
6597668
6489154
6431351
717424
3173207
2602145
2118088
1749558
3776021
5464605
993130
9269991
4284820
5616849
7440349
5608897
5693366
4549095
1163257
2608485
4459708
7276274
9640824
2111613
5363442
9791232
6955121
6170602
5525370
1660782
2946757
1624338
9891422
7105974
1482919
2858390
7601726
5222628
6531401
1920639
4444922
5494817
4756585
4158957
3774751
982834
7112877
6481664
3605441
1444501
840805
6364327
2616580
9902581
6294605
1818796
6379883
6304466
9386093
371104
1277286
6302581
2876281
1022491
8257134
4330036
6450012
7553133
2876485
904058
8359270
6236167
4412435
2417542
179270
2709961
8531373
9448793
7033057
591730
7166652
7419270
4666572
2266930
2444059
6937931
5760663
3980095
1452302
6034783
4991434
6640113
6520370
737374
2419198
182422
4734483
3915684
7881997
1989683
3506217
1542930
1252809
6484021
3497514
2140183
8875982
9523934
2029888
6982615
9823258
8079105
8729048
6536664
1868001
4515132
5249981
8023400
9227357
2432942
8119320
2656955
9572672
8657436
3227591
9019479
5092350
6208248
211461
9178532
3261254
7520274
9186476
853166
6896237
5761059
1791906
7225638
26189
8922150
2064246
832614
2707856
5060397
9783928
386725
9263346
9265791
2880517
3636183
8944281
3205104
1280056
8643205
4110522
7006395
4259001
6232985
4942235
1660200
8672341
9647924
8720095
3551479
1920098
8006152
4989171
4596189
7838111
2836655
1413770
6929814
762932
9865161
1996087
386732
8767151
3334352
1112189
5474268
7067524
2873817
5799982
1955685
6726726
1278099
7654197
7570899
8742979
9518766
9796255
157081
4063011
6045679
5608425
8107271
9056525
6021863
7576509
8401267
8616570
7144184
619921
363032
9762566
3531780
7511976
9033824
4208148
6654542
8418792
4104954
3425010
7585948
1813267
1888980
7118727
2359365
8998458
5733207
8712961
7255294
6274366
7993551
1779442
9440372
2091915
5391989
3321926
3892710
4070417
649117
1186997
