7419773
2988282
7153766
7103030
6290755
3165532
7427970
3813807
8348238
5314065
6375785
2127205
5993511
9967492
584926
4236514
6119142
978406
2486383
2691864
5741861
5531590
8990401
6100385
9403280
4408466
8627365
8844230
4375905
5598861
4638410
2827045
8274159
8839447
2895150
324563
3765920
5624202
4159112
6995109
4034215
8124951
2940692
6157786
3931425
7265586
7963577
9431074
6777028
9904148
9772267
7800152
4581708
2822089
8583624
6479239
6658518
8238591
6829202
328780
3889522
9801543
3515739
8457295
8229779
5667371
3031602
5779512
9755282
4714545
251893
7162311
5821405
3851004
7942180
4914205
1033497
3708549
7174938
4574701
6825510
4935359
5886126
9987167
1462307
2413285
2373080
3516166
594712
1768365
8918193
9779178
9949129
9578066
5709438
5695252
8900918
803593
9166630
9613886
2355723
1528575
2642118
675275
7019958
515162
6820862
9475701
1724586
3392930
6914286
5768662
7462686
1295357
8597207
2042046
7312462
2744588
5063533
5890560
8787555
1292652
4764060
1971559
525911
9928050
4961936
4272520
5964408
7711418
7995892
4587879
9669507
5684422
9671159
9298190
5025209
4365435
586169
3156483
6419303
4416611
964282
3270837
5040178
850937
4330885
2962793
5429066
3757937
2336215
5555841
7528146
8900747
7041820
3520464
1475344
2072599
1909651
589952
6742838
1936259
7039128
4880180
3253784
2376686
9702352
9066253
9925089
6899075
5093161
1668142
1002779
3962357
2236840
8560300
9843740
2178395
3348767
5487035
9266666
1049890
2010329
9410707
6576210
8293239
9785502
4397686
3785018
8989675
4586654
2490312
1380392
9214803
1437843
9344501
6032121
7729589
5781275
3464546
4583705
809572
8704546
8610405
7475326
5916122
8613223
9940002
395333
5646156
4637607
8379875
8061203
4854944
1020052
465109
3399743
7479549
9346285
2615938
5634265
5395355
172264
6789522
3490325
4514899
7792356
1515778
8314441
415202
6520472
3134372
5756304
3508444
8699620
5481812
1205727
7625495
961567
1239325
1014649
7954207
1608127
3214309
4569273
6689971
3463873
3199714
3417014
7816647
393968
8616572
7041547
4107577
3431256
8610705
6185764
6132891
6813607
3589129
6201291
4651947
8508543
9691252
3942743
1974504
8797452
6266179
2296923
1029201
4232367
6625597
8545722
7490556
9921091
1333046
943428
6923554
5140919
8624577
5459063
9273427
9448699
3073312
9184907
4147106
5551589
3205866
3881900
64746
9262190
114868
2955218
1047817
8672462
4818451
8569914
7211484
6218406
8493724
4716321
4793491
4984594
6378053
7591666
2466347
644610
7554732
6341499
1736415
9554602
3321085
7587264
8623644
2631572
2951042
1066869
6908324
126899
9720406
866031
7889024
4111670
5754400
9128025
8200076
5975446
2744042
720993
1182223
2599196
3168084
9153693
5176866
4824412
8756451
4991546
9473644
7348167
9985141
8026594
7269449
9142340
1504028
7568548
654420
5085237
4410941
2878513
2681649
1604144
9466804
12428
3763533
4485902
4859590
9377883
3405607
2567093
2657723
6085415
9436296
9235554
9858592
2547508
3224132
5986606
6442220
3670695
8987523
724995
9536709
5519724
9685263
4505220
898578
1368954
2000517
1988308
8557667
9742303
3995531
1426145
7838741
6078884
6943071
4461128
7263320
688340
4012989
1857127
9443319
1558777
2427447
6305811
7504238
5859341
6265995
7302140
965388
7230389
8451552
6604623
2288985
3394983
3936628
156304
6379018
9727864
3226996
7999326
5298283
2147672
4543995
9940288
504304
2696607
3350085
5262815
6173187
5088534
3639150
6367396
8757419
2275243
4814482
3838098
3748207
7716690
617553
6276402
9485909
8393004
5857380
9301824
2019295
7321722
3953523
5539337
7213602
659398
8409149
4079050
574006
1323368
7197867
5796512
9830800
9188533
932428
276454
8256408
1854222
9121399
7172757
26016
6693184
8898977
9264561
7651792
9940129
9329570
1345563
570612
9515161
8328746
5873066
4019812
7141104
5790355
7500861
4536477
2356133
590203
7824516
6180350
6301490
7402790
9526106
7583548
4529527
6567458
8408291
1355846
2850577
440021
9097334
8224989
7269218
1865517
5970830
3055537
4450132
683448
3704938
5391989
326766
8811103
2981369
157536
2456253
5282384
4459598
2290625
2051332
7733301
8027146
7083840
7100895
7276395
4869255
2291109
1547250
5362104
2411478
1393023
3811050
4396690
4659889
6956045
1905363
6003961
365903
9986602
269148
7299337
4606886
3612929
3763243
8587845
2934321
2144379
5388482
7374931
753414
3018024
4920225
9352737
4040366
1163477
6110441
1877736
5281891
5354811
8818027
2958014
4298977
8387654
2944761
7609476
1940766
3129627
841164
6202629
2982849
2441452
600472
8655041
2365017
108697
3390609
5329764
4579926
2467298
4662402
7966962
8019978
5660105
3224404
4435578
1376514
6139168
8638780
4510250
6115012
2307506
7609249
1588823
8908199
4805164
904262
2339800
4320869
199964
1534041
1592376
3179589
8508568
2838125
749054
2803497
8420325
1099205
8603980
5338942
3800882
4254621
2487535
975639
6123128
210712
6735846
402517
4006340
2956775
7080067
4508442
5464958
1482114
2792000
1443543
7798229
6965143
3795477
4632387
3232305
3417642
820172
2103029
7224179
6455920
248774
1136308
8179016
5962259
1934514
4374408
1395395
2862362
6397682
8652540
1076762
3648078
9609622
3885451
8321707
1578261
7919894
9133755
3610953
957322
7444875
8545975
6839805
8869292
6061067
9741826
198830
6898801
4971276
6757175
7249263
8179001
4822379
5270501
6576880
3500238
5609979
5376122
5147650
4947289
6261444
1622904
4697316
1152147
2078108
7084401
5983190
7931168
6499000
1981930
5586888
1300794
2835785
2781999
6762061
1617378
3324873
7100788
8204743
9648480
4191360
7625970
9155451
372554
2452655
3108121
6868179
3712613
1601126
9157494
8646058
3495106
3712936
19480
925180
4039444
7023282
6991440
4749213
9575056
7227748
9299018
716957
7159220
8300331
4971079
9300265
5416504
6091628
1877557
8459342
7199331
9650438
6211694
8879912
1834235
1097940
6806197
5990714
2212253
9278325
7485783
1325597
4461051
5086874
8934310
1817902
8150133
7330846
6763680
8891285
604417
5768091
6578867
1520703
7079245
4292584
3657683
3558441
2608288
8899624
1162718
8993398
148814
4914437
1532847
6690733
4709856
4565766
948068
4161986
3254419
2370487
7414004
3175248
4934101
1884009
4790732
794341
4419775
6732081
7674627
8489216
8609015
6357230
9385513
828134
8227384
8204671
887104
4237767
31757
259900
1663095
7265239
355998
5762355
9700351
9586841
4956921
2639225
1579065
3335018
192799
1311497
1359795
7319132
6960142
5933605
678523
8545099
7150577
4456649
4224357
8737890
4261866
8541911
6024051
8428748
1167000
3204616
429889
916179
7798795
4769767
1079862
1745572
739127
248041
4051533
6671039
8268877
1148224
4378197
5481838
6409380
8397725
6773694
259172
8470982
4320904
383495
9064757
3215395
3289763
201743
4623012
5793408
515309
1939842
9906965
5142418
7291026
8455981
6969782
1011634
1764331
3636316
4243613
5163584
2822933
1265686
1341362
2549376
4341641
2310163
9680474
4158208
6630194
6411846
8135652
6119412
3477751
671561
7183732
1834509
9921867
4507491
4647417
2505038
5825805
177660
6806926
4638053
5118806
6424916
6037121
2988247
9083088
3689898
1049693
1090173
4427293
6145652
4219544
6411583
9364389
1919563
9560839
8756159
9679187
6878618
858107
6066204
5738052
8791062
7918291
3348370
9560711
5243534
8991444
303093
9172909
7725989
2622251
5067901
7123279
4372096
3488754
970009
1909891
5164597
4473378
9749216
7050922
1126785
4867784
6894832
2893278
559059
8948836
2556534
3085207
4137898
8612453
603577
5937859
4355772
8101764
5407501
2129842
9089925
6560823
840143
4755031
4777253
6082180
5675451
393128
7083669
3407963
6520878
3089426
3134837
7795837
7913565
4050692
2605191
9643877
911290
9092610
5896925
7808134
1666984
6159755
497165
2159521
4499586
5529285
8269621
2837737
8174244
41429
2539250
9124275
8090633
7177995
2490459
2084978
640741
7962823
1046245
5105297
7954429
1392974
2241451
5994013
6774815
7939543
3184588
4024350
4908858
3273844
134945
1891010
71196
530300
693353
4661523
2921106
4937306
3374601
9063843
6356215
3892827
8690654
5263789
5402116
4209116
670577
3236089
4976791
2101608
9868676
9175871
7722926
5767357
5671268
768085
9535641
3013734
9823027
3713627
8637957
2712594
7687131
283265
6065399
8325480
7381901
5727458
6035816
8138296
9605977
5356095
6588161
4451846
5480969
5140598
5956227
77087
6408935
981982
691395
3665215
148778
9889523
9814430
8278154
5578705
915658
5164880
458877
5668816
4259187
1671564
5179836
1209121
8614766
7702621
7155006
1826648
7865399
8534328
5986111
3898477
4942703
6258214
62986
5052876
8281391
5695320
1478003
440261
67015
2835697
3815082
3523850
2125068
2657888
419523
9621119
9769367
8250419
1743522
8655153
8866885
440697
4604798
4232260
9661330
6420115
113378
7849413
5853388
8467057
2641072
377961
2035624
9719239
8193727
5321485
2780941
2307249
2202452
60162
3852726
2732439
6182906
7488675
5848887
4180072
2942241
7562840
7310500
9979809
6781869
3978566
2964327
4347886
6660083
5498164
8355801
8747574
4708394
7754332
9656276
3920788
9235565
7863205
1601863
5218060
5001282
3317172
7196514
671284
5864695
1015925
6878335
1750704
4812395
1074362
5355287
3071476
1585408
7429730
4555836
1810905
4024296
2361981
4453648
2908277
8296255
4835948
2636555
8265322
7589276
7741500
657797
9530005
1138875
9562014
8713516
9705084
6549402
3107615
7554408
9271706
3791512
4997465
252245
5795566
3994749
6927208
2954206
8936585
868727
8639120
5659011
686146
4352397
426987
5810597
2883614
5346125
1129740
375608
9288497
3953864
6300191
2575335
8799714
2991128
2479862
9020354
6939567
7813030
8510176
9516973
3061176
7458771
2983846
7295738
3840517
8492370
3998186
3600007
6920470
732655
7185476
9038534
9905879
2065439
7619743
5443931
3452298
3897466
2160127
4274447
1615124
1973177
8875877
5588442
2452580
8511093
646813
4580557
9057368
9574892
4465932
9492229
8417843
4003711
63657
7695742
6910650
5687898
9112284
3982405
2046558
6813991
2769715
2406770
1305005
8102809
253628
4888251
5434380
821240
9159663
70779
1404888
777398
341430
302682
9879876
7472194
9945558
5004151
2418767
831219
3891080
3196783
7077973
1552749
3832031
1170323
4293079
7484408
2231117
3876878
2743170
1304084
5540374
2535078
9137676
8632938
4070603
9834379
9545883
8888222
2729536
5626137
7831430
1973778
7347093
705305
9968175
9074415
4727989
1643643
808997
9040520
6615619
9069909
8995639
5974382
1398146
1615991
13562
5954084
5415543
2394295
5520594
2136598
388925
800331
7068888
696022
4290121
9203505
2771948
3273307
3757935
264056
2400769
2831543
5774347
6415833
3106623
7817862
6726448
2722817
4329685
960937
5695555
8081466
7395860
946200
8615108
660547
8197987
9904965
5338471
6981689
990884
2677704
4759557
2958596
406847
2215038
4856708
9720494
7447592
4083855
5209116
3791684
956309
9063521
6388248
9685104
4076543
1564796
3515911
7670255
6101871
773520
7681444
1233132
2919208
588890
5352209
9164728
3978632
8355770
3124012
9733472
3398103
8832707
4308322
3127102
3569402
298548
341828
3051029
933273
5644115
123958
4637997
9763220
8674957
2537150
6005797
1023935
5653817
537138
4127518
1097244
1231057
635126
879787
2827356
2818453
3663310
1667565
3680987
5301687
8543809
3225909
9047431
6715115
8849192
3684221
2508972
8061614
9177643
1855955
5872085
7190801
3979706
563357
7175650
5595607
5875375
2694967
8703415
8786790
8640386
5916688
1320770
70031
3872424
6997009
7459630
4220809
3931224
1170189
3879863
3380156
1885773
154673
4878772
5643218
8248328
1361285
8756599
5166506
6688727
9560802
6226538
265340
3093184
1812316
8964053
7562622
4670600
5882974
8982632
4307179
1404600
2126925
9858810
6142594
911932
2541992
4668109
7963040
3742217
6837659
4636350
9702201
9870366
2272068
4993845
4854786
3603342
8688210
1802122
8584625
8815775
7425161
9866562
2142822
1937171
8693308
3743000
8777931
5864223
4034167
917713
3644108
1457086
3444319
4287140
116353
7367182
3311495
7900230
9382891
7306608
6668876
4296649
4363500
8737797
3786213
7981176
9236683
7604580
7204958
2867576
6483584
2752980
7741722
237553
2203600
1456517
7480632
1757571
3284608
9825900
34477
3116035
1575994
2744742
8061993
113117
3526158
8125558
9259606
7841813
6076162
994790
647836
2178834
2629335
2295247
5177181
4270016
3952555
9402371
7838412
476502
4272108
1966244
4732822
5794163
9058664
8572165
9946967
5690056
488379
3610897
4577710
3729441
9931141
2692140
4726147
8436041
6862367
1196237
5005145
5105740
7307693
1640850
4476846
206656
5634859
5846800
2298643
8029481
5108579
735122
3687523
7600977
1746409
1464617
2393697
9893907
8393780
3528605
8364516
1956971
4940656
429581
1383133
6092223
7868043
2703578
6013485
6558319
6170432
3960669
1695864
4746215
6748445
319048
1612232
8197371
6976381
628549
3939634
1082865
2621712
9555988
7093182
570312
1882615
1703114
7621003
8869857
3044924
2203995
4695408
6771911
765842
334489
5142863
4287081
5588614
451398
8813012
1056256
9691853
2204829
5517664
4999468
9692391
5603485
2022151
6747220
1843324
5900791
613246
4839793
2703364
4865514
7308730
3016018
9502708
8275591
1551213
470672
302436
9564917
3753519
742168
6192215
5779937
5611237
2446279
3020358
753361
844271
6172879
7189319
8452417
7274719
5408231
3988771
4884493
5410547
3323969
7755860
1327696
4567562
4596689
6719205
5819747
3267805
4280972
7202290
9792538
2041945
1741527
4174038
3089745
335193
5960473
8644078
690797
2527230
1324354
1940156
6887035
6951631
7441287
4305653
717942
4801515
3380101
5790002
3334033
5267694
7365120
3957626
5512984
1713709
3852264
9055630
7574254
4994219
9711864
4997653
5241376
8165822
2580887
6326958
8701664
3231159
9059740
7061213
2321596
2034548
3606040
9136046
1505989
1136884
4391135
1291527
8987594
3956837
8647294
1405612
1931148
9236248
6151643
3476083
9841944
5120392
5266553
6895842
3542155
3245948
3125748
202917
2862320
7735801
8821001
9273699
2595503
1983563
4394051
5476168
8864576
3472252
7156992
5610067
2162775
5179890
9667971
8981092
4882803
6933835
1411925
9184519
274340
3063710
2227978
3900262
8684417
3019459
1018914
9768281
6461890
523202
9841770
9683874
4433425
6347277
7008348
1098223
2923908
669196
3962420
8407733
9051218
5260685
7584204
9501227
2705777
2089775
3376781
1152463
1607930
3844169
6466198
3668353
981387
8710587
9257766
1672666
1998481
2394205
949432
218148
1498113
7267358
7331363
3955320
7166220
4041581
4027243
6043613
5163302
7337302
8123124
595001
2410818
6212375
5286307
7125803
607064
3656099
3536276
9129948
1465620
9864963
7985616
6713212
2372728
4058508
9270884
9025009
205827
687336
9859988
902069
2481417
2769887
2244510
4480311
7428397
7590522
9429080
9517182
6851809
9191800
2105154
354080
6048132
6558030
6210663
4815517
5448115
1529157
9775442
6270396
2015811
1005726
7034184
4908268
2811280
9292591
4059686
3493433
150935
6820871
6499592
2677731
6710926
2396438
2830488
2393982
2908353
455895
1598562
2181407
1996283
3076567
2325278
3166404
4864238
4096953
9088440
7378148
1973565
6221397
4953410
7639521
5745425
3382263
698000
1816552
2260430
6398799
288910
4672633
1612561
1955364
8267678
8547901
8059320
9134308
7397965
1086142
3888200
6021735
9498264
9980310
6358415
4881949
6521495
8147670
4437621
2386223
8284017
6908225
4652949
9968643
7408178
4711223
9920824
3577914
8939884
7948856
586463
6810720
4599229
906570
8471073
3879207
6711252
7875520
7964815
5340688
9477569
5296290
9134378
4906118
12729
3309713
6789876
9717973
2969756
7972985
74
76142
9638543
5341262
9329879
3685485
3480520
9049070
9974141
5529463
4388640
5148755
2709598
2913493
2966416
4355167
1275499
3010314
3982381
1029346
4084404
972914
3246330
1789659
6123803
7887100
1980090
3091546
5233594
1861008
2563908
761254
4585294
9901252
4836368
2627284
7482744
8693634
251577
900152
2101317
6469951
7291463
7839186
2806476
3853924
8652456
5440696
8130500
6129865
8141352
3689404
7644488
6577452
4879886
2941517
633368
8332449
3957995
5524824
7855167
6165841
9048828
3530999
2678998
49411
7994733
1162257
2401609
285927
7196633
9821914
3304763
4887707
5276852
3385559
4049864
591288
2596867
1029417
6696934
3286563
3088303
7533704
7216985
6775467
7672630
6354374
3902284
1170595
4782025
3909344
4516351
7981352
2526551
5214568
798505
3857697
5944170
7030353
9711216
6004971
6395295
7314617
3929971
8067002
7967725
9829201
6187566
7916688
6128776
4321761
9684549
4008069
3112986
6590229
7037968
4296660
7129316
8152480
9220138
3615296
6057515
4867932
4689905
1571259
7520078
8745745
2875522
3226803
3599337
9941960
3639316
712843
395103
9799904
4480990
1693793
4836369
5366749
2113832
2936149
1092028
5063316
8575103
1696319
1578505
7059976
7926369
4350087
3924796
8705413
7874439
5850139
8821935
9249581
1531886
5841373
2442906
8232635
1219441
5063652
5583585
5177462
4436671
8595796
7723029
9678742
4024455
7288866
7464533
5538140
3291033
1751726
4773752
8192014
8160883
5283456
1657769
951400
7167755
7865155
4985321
6694449
1925878
3447951
5462382
9280143
4363068
9506038
1930431
9360424
4528277
1138845
9121176
8258878
3026174
468549
9996218
3651319
5242821
3880680
5072931
7725697
3490329
4240785
9877019
1293513
4883867
9855658
1674813
3122287
3190122
5809219
5226786
3634352
5449432
8229597
5256847
8386568
3267656
7220616
6572573
3283239
2387747
2204724
9806621
6417005
3004052
1659218
5032243
6468820
1214533
7125532
4481907
9623380
2404458
4769200
3530933
7427844
472476
2392349
9272575
9347943
1223964
4959188
9442740
5632111
6466376
8981982
5143203
342804
8225545
6550539
445665
5580376
5941625
5953737
7612379
1130738
3202688
5776885
6418185
8485292
7350704
7995513
6593701
5455250
9686538
9276117
6024902
8580108
7113319
5685909
2619158
3971620
1525062
7345805
691718
3103556
5177922
7675151
569216
813791
232599
5058778
6310570
8854127
7104367
2771396
2772193
2430196
5025826
6169563
2828138
717264
5314130
6453721
3426428
2300584
5754417
9413744
7828204
1223105
6917008
3219992
4839199
2583754
4313009
8574523
8479543
3034260
3852397
6456879
1605485
1600280
514871
22263
8308870
1680850
4244814
6436191
3014459
2149823
9808080
1826196
2034678
1503301
9911438
4607786
2480447
5515948
3305212
873099
8719457
5068209
675512
9641888
6594388
2035366
2456713
1316402
6183493
1022723
2083480
6483839
5063592
7633697
5481560
1468571
9467893
9812832
4205167
1918411
667260
2852805
4822020
1271294
2678214
1833548
1390452
195535
8319479
5493590
6851584
512771
376538
8119260
6881863
2060325
7317715
5861811
9081285
1411701
7463764
9555023
6723027
56108
6878847
87426
3029967
9933895
5710960
9442054
7649569
4763897
3788130
5707458
8271458
2356338
1592379
3302889
6045204
2386303
4194197
341140
5838833
6627178
2600025
974517
1275352
397966
7308545
9229506
1546349
7154995
5310108
5109276
8702917
2319198
6628812
7130877
2817751
6284656
49824
2214796
2969678
876810
5441262
6350774
9659900
5644258
4230030
5303621
2141417
367347
4670134
563011
6798847
3410399
4189604
6483083
2557122
2557542
636470
1901977
7524994
4227875
2898628
3061496
5417951
7904728
7912573
1870887
170737
5140378
6341245
9979535
65327
6856301
5030194
8420840
5871875
4884980
7532357
7026681
5616019
5471179
9712276
7703328
2032717
930126
3772468
9490544
5879236
5684506
9721618
3821095
2881680
4822025
7686991
8066535
5698994
7846411
7778656
9831114
2768729
943080
2782857
7918845
4425492
7304982
86748
3059521
189617
4567994
5462279
2578689
4765684
3003307
708461
7020752
5083570
7682119
6524165
1120071
2366917
6465900
3215979
6710017
2626133
3244470
3109575
5324746
6911357
6483050
3300448
5502374
5372062
6506509
19160
7723164
1742597
7123824
609631
6189867
9989473
897898
5721383
3465195
4881644
3098031
1436931
9055689
951223
8208063
212969
7244720
3044403
3579759
7705166
9182769
2296295
3805438
7826692
3429602
1763072
1929868
6020615
3675051
3901494
3674254
8740270
6437326
9436587
9228937
3954299
9128003
8844841
3693836
913510
7838362
4397355
3255606
4765086
3777123
2352090
7068863
7963370
5411060
795191
2452411
646512
9926363
7554203
7245504
2347664
17749
4486078
2920168
1074633
6305019
6300478
4340412
3351561
338413
8035005
6652499
6189473
3367515
4799473
4235628
2720251
7529113
3450447
1290126
3943405
8067033
532756
5854284
8755420
790900
9108488
514862
1915013
226034
2755146
6594415
9699085
8109554
8245845
4049361
2409868
6909221
3841450
5870506
788797
6139212
1353462
2855564
1938594
5936667
5751995
5989996
8925215
6919676
7997700
8175189
5246829
6550779
9035457
1653982
9752011
1167583
1846860
2534812
3447404
3551762
3008142
4618664
4009054
4966012
124041
6579411
7058746
9156051
8886295
3742318
5950188
4974638
4759895
3805280
9805645
2120757
5646791
1358278
7061707
892718
8592274
5664392
2139141
4968052
8693934
9034893
8711586
4350758
6216813
3275655
1113390
9122723
8059859
8803087
8256443
3809264
7920978
6806112
9933127
2534720
6593523
1102275
138104
7091713
6764562
9368078
5754046
3036628
3724256
543202
7815258
7039535
6276742
8053731
5809781
1750040
3447455
9716555
1390571
8312632
1035362
8384641
4412650
3787411
773822
4653985
2615455
925865
6844729
7744033
2683499
595180
594696
5445760
7733897
6820470
7311257
5824614
2482504
9409305
3895101
8465260
1756206
7830951
5903865
8531284
2240620
324724
4149864
3807594
7604181
3962211
5027282
25285
8353573
1374454
2672983
2418542
9571249
2491969
4809732
9239597
8014391
5032517
6034765
5712934
3018322
1221201
1302005
9379007
935348
6089275
4443535
8246705
3883898
7596910
1085325
9951788
5623745
8175515
5213184
801238
5440211
9033425
9755297
6464230
7470269
5137885
1578442
4981148
8593337
4218387
2273519
7545921
9411245
588711
8056106
4433921
9381381
4786945
1907429
7868317
2543454
9239945
9916920
8718942
422283
2130977
6330989
5768004
8994125
9571966
3723654
6488586
9197450
5498293
245935
4368338
2981860
3170977
9210557
3475188
2078449
9005532
1289435
5934732
4317845
7063114
7940043
6075361
6844229
4584797
2157978
9112815
9570420
4618125
3599687
3112689
5617736
7314454
9765728
6811770
2515044
7396538
8322160
7226166
2095069
2410952
1864388
9030231
6547288
225964
4090755
2943471
620808
9075430
8172623
9334032
1026729
2480368
3641762
5910795
1057499
7177614
1316281
9110672
6947422
1324141
2502156
2764503
2233206
7957210
8547466
4821326
7641568
5257371
6315169
5666467
350172
3488274
2697557
8906554
8586386
5753619
1844891
7534063
2698798
8466086
3326313
9736450
3238795
9158580
8737384
1811216
6534083
4201480
9068688
512836
9283260
9945275
6974639
4756094
3599711
6438338
59746
734442
7971112
6691144
8281031
2361990
3253089
2866577
2347208
5085921
673602
1287200
2869292
3489516
1322749
267087
6669786
8507661
1672694
5947298
9666026
379501
4791034
8581777
2710010
6023882
3958573
6190418
8162733
6103907
9416475
6918870
2207621
1833008
1358056
8022916
3882838
4610103
4480802
7105336
8930636
5645077
3438852
2807976
356916
3434819
1015659
4173716
8024700
6456975
5194130
6272978
2280078
8597941
573797
4748133
5243058
4868779
4632318
5131154
8928106
8903124
8416764
9751891
4048197
6378604
6242519
9467838
9975845
285659
6291854
480189
7873354
2644209
1404322
5757375
762687
2479784
1997058
9975421
652859
2113131
7482064
9713600
4038357
4539301
2883106
4232697
6459557
7366159
9113092
3610687
4306395
7750317
551841
6884374
5150481
7567084
4083303
7570950
1302808
2265225
4739268
1346066
4873135
838778
6783807
5052955
9126083
6101844
519354
8631674
4801726
7741274
2917146
6400938
5009969
4006491
323247
618412
5879534
2117694
7913629
3701639
8722041
8570380
2389729
8433014
8982733
4706729
6907726
8446519
9430005
3644426
9528409
3636255
217758
7938542
8667787
2567874
5993121
12888
7621325
740119
6510404
6433578
8077776
7953495
2978044
2230242
3380054
171459
2450458
8295991
3121558
738195
1935565
1365390
8232402
5196024
9744738
4515866
2205805
1785047
1472860
5967517
4384248
2761144
7130309
6203162
5346323
5682604
2998966
7471296
1179066
7290387
8939956
7724752
2779098
3653928
4536176
907659
1544609
5866799
2905103
2438733
1780330
7296778
8255798
7519392
479766
3686274
2185132
9714416
811403
5058305
7204620
7323060
592690
106591
7789972
9072037
6385263
8160343
6476138
6584019
5046375
5677103
6183121
7907397
8072629
7574429
3442704
3134153
9285501
7210520
5669474
2859960
9637697
4595292
5347209
7983161
4569716
6858131
5587384
6720253
7657762
4502207
1820034
860757
8838715
592425
6872345
2369253
3888134
5044685
9727465
6315911
654830
6873562
4453166
7666211
314621
5372752
615440
9192748
7087044
3063382
1476485
4175708
6328823
666035
2874033
5547359
7483257
368691
9093627
7829196
1305032
5015005
2866790
6199601
8213780
4801017
5483768
3612136
362412
3903806
7565747
2289558
2411551
7722479
7844445
8063086
3443996
7019556
9534469
8487313
1864088
6509737
4341001
2167526
9921941
3097391
5714155
9324900
2442644
8189729
8527767
9598308
4277467
3191204
5829278
8421632
5583523
2369385
8077792
6187901
4630393
670291
4341260
5496513
8085835
5040421
3370047
4710490
8489067
2152997
2743322
4878735
2850602
9635117
1428812
3755881
1663955
6612676
21125
8436446
7893480
9471755
5599741
184135
1202894
7021567
3406229
641161
2582544
4381251
5107750
8499320
7811687
1445633
9724611
797456
3573334
4886098
1434638
8678312
2393355
4351004
4976288
9091573
7248454
158237
364533
8594841
238135
82981
9068900
7402915
1149389
5455934
6689787
1195788
7995727
5697659
7994042
5333848
9342253
4104051
9745867
8047083
3189059
2499489
5754497
5792010
6814029
2179264
4212835
6243855
6892326
9204472
4537046
7299832
9858312
7231742
9011161
2837515
2262826
4355899
4188029
7016895
5557094
3143432
7076592
386293
6763925
6886468
8641671
3841309
2555040
6619685
338967
3336405
4313538
8343695
9774752
3448487
8007060
2903747
8833542
3040000
734769
6939755
1177838
603165
6159933
3557651
5520700
9762702
2968130
2064034
669404
6779631
8272258
8797099
3606438
4327653
4964719
2743609
5955660
747140
2063636
6839126
1882668
2461673
180922
5435954
9382845
6665698
3952037
1379029
2696427
587820
8524955
566938
4843956
1378423
9585063
6571652
5360731
8315477
6671017
894284
6741454
4387719
2049394
7063626
3550068
4400830
6421140
6589030
4163715
9249724
3315975
815711
4609427
4753100
6401452
9433997
1206063
7360674
9302536
863976
901909
4631847
2864035
9418718
6187434
9166878
8274763
9395590
938346
7496653
9944653
129689
2182573
4041974
5130603
8311587
1291781
3803006
2395952
4384315
1912040
1282844
5911308
1313322
2095945
2441522
4093477
9238562
5789101
8190924
8138580
6012997
7951788
5517609
5636035
2348211
5406590
8657585
5049150
9525
7557785
2481890
7178005
7283481
8251318
931536
528873
6583017
4186573
9755831
9726818
9182997
2377568
7795219
458627
4251667
2629093
5369043
2024955
8635256
1336069
2297427
5279691
5656749
3888318
4058654
5870637
7005661
1517948
3629397
6658011
1824827
6377542
3701120
2994368
7885694
9164341
1757933
8149132
8058310
5969293
4711076
6909230
6241817
6244622
5900361
9771762
7688292
5708167
6377566
1855384
6885092
3135350
6417829
6312056
9883024
2560900
7005541
1125432
6615183
9088238
9089718
9944894
438960
9625806
4670356
6474429
9968238
9245481
6296984
9016622
6591685
5455270
4851293
3262654
8601349
6632448
1646478
5944747
191240
9807212
570182
4332164
9766584
8550213
6917108
6881333
435424
8157703
3881204
7757267
6946281
1884357
1590716
6303992
6995674
3325080
9013417
3607552
6377648
1467515
4772764
6620402
1291253
2748645
8630054
3833167
4755817
1251180
8631861
6241964
4627225
1635012
8601206
1701973
346509
1383262
9830785
2604766
5759057
2295687
9782192
599965
7948159
7105939
9811314
9029441
3816190
9764691
7749078
6937896
8641132
8937772
7277044
7543042
7896515
6808629
9797130
980272
9702317
9229532
3749374
1823202
4373801
7452328
1979144
6781940
8913079
969263
6917672
92192
3542319
7431036
2076412
1028454
5209623
6537111
4419904
3724760
1472165
8574300
8882980
7885388
884520
3594505
1936248
5293299
6210818
2728239
3969175
9622514
1727062
5417248
6152778
7660043
3385411
9455042
3348461
7831993
6406453
9056444
9416231
8739442
8028388
5509409
614159
2428222
9126146
6136659
625451
8740131
9545040
6075781
6834958
6318357
3262336
4139030
9812775
7189436
8930763
8325999
4743406
415846
4554112
9840473
7885193
3739194
3176652
7853915
3016090
4259874
4447091
6982909
6534599
1922746
9038339
8262345
486621
6244452
2502206
7955874
8747130
4791890
8345047
2775789
1844148
290726
7648343
7115
1677864
5829189
4398735
5561493
4082272
5067507
1325724
1424155
9154011
1409268
2142961
5770924
588138
6864742
980654
2580999
8824615
2735433
9766692
5130612
5053469
560420
9242226
4643258
3009432
6504787
8697615
8111397
9289989
9781434
5616621
5516115
1009436
1422667
6530548
2077007
8848355
6084674
8401541
2397286
5316782
7957850
801528
5411319
2147576
2993895
3472108
3102953
4843677
976919
9670596
6777316
6300049
3651987
138236
5774112
8046326
3388440
4587728
4819174
2146078
8300067
129317
6077555
3455796
791532
2384332
994718
9779073
9130073
1796413
1550094
3224589
7003908
4026408
2356577
2886594
3254765
8312453
4822618
5751249
7939245
4902971
6716380
7730162
6567925
5233135
2313140
3592386
7946535
8455507
1451991
125122
3869512
1865077
5244715
3605756
9187433
7142557
9123530
4827400
2233928
4243264
4536737
2848486
8633082
6768781
545282
3111125
7634382
9784425
4730125
5704476
2162659
2074040
69380
7960732
9785739
6946737
9753440
7638983
3986068
1903895
9902542
877929
4858102
4096563
1588031
6348578
5746885
369213
8612938
5554721
3528880
8430329
1748549
7295349
5058957
2728405
5324929
7201008
6338200
777389
727093
3436470
2027642
4677977
4082996
5947326
1492484
9807304
9457139
6479890
1341093
3130838
8603996
432430
2666155
8475230
3277827
7213483
839629
6798916
9536376
4342854
4735601
2978414
556218
3102439
5999787
1233465
7564792
7195486
881587
6821175
1741133
2050288
5636147
3626258
847769
4837027
5396262
246258
4021277
607124
2961848
3287666
9718663
7356656
3610926
9552385
2177027
5601053
7064964
4277261
7421953
2076273
3785319
7789799
7389504
9906126
8587148
1824178
4923365
6688303
8089080
9174427
8351070
5223970
1813095
3959002
9191319
8308635
5014014
5937120
4857679
9777270
4886210
116771
2216284
895310
3716975
3479059
9391495
2318765
3907493
3406591
2305434
6863661
8119921
4044984
3670197
5037498
4515683
6203803
5714897
2006255
3055875
2984340
3149670
9264850
7133968
7289799
9941175
5285370
7435374
1038878
9527540
192677
5592705
9613555
3055428
9623008
8054547
7416909
224038
7774162
5524098
5647816
9059008
474878
304533
2834027
4527779
183980
7993471
3498882
3712928
4036422
8412787
8486545
6166241
122651
2134320
1356519
7776161
2116455
553001
7337111
8318329
2702292
7195218
7874890
7922837
3762679
4142402
6485985
989699
6644342
1138774
9425459
9893614
9532528
2933135
2006184
838552
6112797
3996638
5544223
6210708
9922853
7069515
5048107
2338103
6131222
2645657
901310
1563825
5294018
7884870
8778618
1021067
7660466
4431573
4610905
818927
2607052
3023625
3412731
3934004
674216
8542698
6524464
774356
4721790
3915446
1628788
4072775
5992377
4108604
151082
4735388
6681332
1736900
2603453
6686624
4562488
5103192
2707903
206816
7378300
7381670
7898733
5310208
5971041
9328511
4561467
9231693
9254408
1088824
9100829
4375014
2389866
7540790
457330
414441
3730344
7834561
2147773
3177502
2680832
4472949
8656077
2152919
7675
1699590
3700766
3035010
8574540
8834102
2520761
7974907
1756698
7455857
7344745
6071079
9979193
7038561
3438809
593163
7304778
4073141
7792718
5697618
8397821
9606776
6672036
4411614
5355370
930332
3965619
1007587
5790408
6830680
6930103
2220281
1551117
8788359
7591511
5105526
7315960
4599480
979197
1498540
9551961
4377681
3273300
7323598
4674030
4760107
8797104
5182585
738564
649448
2813314
7965305
2214790
4834502
1602722
4757820
3764834
4654608
7582996
4705629
2366332
4253917
2899042
1453803
7242906
2498598
1740113
8029050
6508900
2931398
6070577
1883421
6200704
7775929
5837343
2267430
9422858
5695542
7999226
4164016
8596281
288819
226383
9704148
822088
4499399
747077
7463201
8999815
6091581
7141320
3572066
2418582
379781
8062786
3567813
5835858
5811452
7932245
6444531
9042961
2602337
4593508
6866566
4359283
999551
9168390
9535551
404199
778137
9898855
4759115
8377874
1972159
2926627
8538190
9466011
3967285
8056904
4781908
8874885
1974429
6313278
4162397
9546823
6520258
3342262
6562203
5458506
1004794
7897305
9071641
4705492
7551673
5070600
861053
613337
7452589
2760806
2742032
5036625
4872837
6512975
6654687
5894981
5135323
5596622
7895308
5439219
7457957
1820514
6479390
4576891
4453208
5854538
3570832
9230014
4845509
1021290
8750570
6901093
5400686
5214277
4814801
7082639
9701716
2942620
4542499
1801854
6728699
3619378
3444086
4039446
4880671
8988454
5484538
9002254
1367469
8071613
2542529
625430
640328
816441
4015590
1899762
3434365
9375600
4625040
3960566
7101794
8243998
3484422
946679
5031831
831357
693680
3971508
7740383
8147198
2894283
1396403
4701274
5430623
5575417
4497998
4757208
4225005
7994996
8109572
993060
9328086
1711609
1142539
8893764
5327506
1191297
1027410
5891602
3851724
4330871
7415819
5992432
5851924
6032364
183899
6490385
5354727
2635529
3270443
3856639
9723314
4852844
4095556
6629046
9707854
9977424
4175564
9352502
2412704
7164324
5644220
6040091
9574007
74797
7301589
958674
173410
1499702
7110563
6502864
8558015
4776244
4226461
1651095
8303877
6202538
5673650
9178038
5436188
2979810
7086831
6751325
5392178
9635328
4706626
6269471
9123152
4186704
6987215
7344596
8191788
9737548
4005359
8785621
8920122
4721491
4880473
6070850
2667144
1565269
2899831
5665674
285843
4218425
6789652
2748915
6368196
4174155
5807688
724384
560121
5505383
4856932
8656648
7945128
1134251
5240845
8963334
5614639
9892161
1365271
7651602
4303540
6234241
2042150
8450585
4844993
6768738
2953992
3154155
8995274
927225
6981022
5640151
2486484
9491916
9147572
6243477
6393349
8959213
562288
8179471
7760843
8959920
9044963
2918920
7451144
5753459
1546594
6716598
778816
85732
2309802
134926
1908980
604943
598895
4867590
6629434
4867642
7630142
6415353
4970422
6277424
4896622
2526294
7021740
3245801
1542894
3033112
4352868
8548175
4020300
7996739
2023661
9471974
2958319
8468497
4599518
5769261
461869
3974724
3772342
8324009
2106901
1271396
4455900
889857
6156421
174972
1215485
2452621
3556670
3389521
5609538
481802
900490
3772404
6503095
6864333
7297334
2029860
3721950
1722884
1051665
1784853
6442219
2361399
324991
8637333
2771458
3476924
3430200
1949910
2383482
5420316
3018828
1838397
3975001
7944820
1738885
799434
4779038
9492059
8346683
1359442
4717295
1836688
9876787
7946189
327809
2331127
2085830
6731817
2491523
7450060
792825
5335395
7864291
5156435
6684825
6165614
8628045
4418922
2800423
6140329
4000311
954185
6429450
4352920
7115131
1921387
7768083
6623426
1852631
210703
6170362
7681633
7604438
6578939
7827884
7614946
7133220
8796681
4063544
5471897
6613786
1940520
8653762
1073953
7871418
6773390
9974418
7053591
4076910
9299385
148750
4180131
802443
4672661
1063170
8066220
404789
4972410
4113644
223911
5708513
764049
3877379
6392767
880210
5102635
2809477
9871874
8290203
329905
8168407
2759324
7365969
475875
1895196
8254547
1469635
1701565
904274
3224168
7205502
3907411
9915563
53733
7161841
1599959
216901
6934816
2313987
1018661
1506431
9863535
1609370
5666364
394601
2313937
4197497
6208959
7942429
6723300
7093146
4122126
1020324
7280249
1814197
2138976
3970447
6439440
7961749
9049217
5913485
8858779
9783279
7776309
7526172
2187601
5903267
5485537
8168297
7100497
7870018
7736328
9239243
6283522
1936363
7694190
4162686
6179597
6493791
5995210
4722039
3948991
1199421
3753396
5069941
5838931
7049186
8271985
8360186
7080736
3234759
7043340
9686418
1405208
33106
9185860
563425
2186487
1395038
1828557
8662944
7708318
2294690
30452
5536693
9922448
7813952
5777743
9960324
8336787
9725677
3611174
6301461
6232703
9529483
8628442
4491176
5607102
769063
8279897
4326876
7349566
8800305
9932944
1766047
9140628
5052424
6937942
296562
1377516
9443658
251511
9854261
9956006
6446838
461026
6479426
8650657
7800814
3201312
6602226
9490502
2792026
4802806
9706931
717878
6920650
5245988
9420930
2954340
3969286
331854
9500552
8776072
4966817
4878755
2987119
8841808
6727879
6779104
507835
1568576
6983005
870730
1898831
3699020
9469746
3332055
5632449
7926904
1639162
5433450
1449512
567950
7975174
9927479
3188913
6709164
1143202
2621785
230999
5241255
4770846
1736223
883771
9171177
3718808
9939310
3047069
6548303
7085447
5812418
7362592
40786
9971772
1909088
6970743
6139136
1573710
2113914
5129219
6134056
2184462
9604495
4657421
232101
4514095
7889960
1340604
4639712
9202501
1483325
4443236
6279944
4596448
8317696
3624412
7914281
6289596
290382
2066358
616651
3764837
6124262
8932548
3492415
3934650
5351102
9675641
7208111
893758
1032383
7838990
2440053
1789347
4484984
8074901
2565154
6669072
8141293
4327583
2773710
4589915
7834870
3126366
5009505
6418601
3169997
7027345
4390513
915919
1658893
5150106
6298164
8365823
7118505
5832673
6768424
9028415
5074626
5394630
8056027
5554895
9584709
6060393
857167
330995
844529
9294943
3789377
8163369
129663
7946470
2191667
7362440
8914861
3573158
3903239
2250948
3771186
4266124
4115804
2112641
7885304
4716996
1171923
5535303
3970270
3328350
7987460
5530527
6022013
4444542
9932559
8978663
4605029
6007292
6355493
8226085
6982181
5796682
912441
6335552
5321301
2206020
2271180
268851
7751545
7313371
3061326
1335683
4653686
6775265
5780664
1975858
2305657
8703860
7826858
2483816
9421546
6030111
4703079
1957205
302235
7811034
1080466
7535043
7399577
8320747
9941747
5781282
5484489
8652265
1557382
542632
6733648
9660177
436049
4441841
2556207
4667036
9041352
8491659
2180620
5919770
8494996
4045346
5808024
8410081
1167877
1963543
6683292
9576077
5133753
5736876
3992323
3704695
4371888
8290226
9282257
3975628
6643888
9703806
6230331
6936578
4859712
9930757
3106840
6835990
2712036
1572448
703855
8319252
8209686
7822567
4647153
1667487
8901326
2895607
9370730
2233977
852037
7247955
4361989
2532990
9561423
4420050
9177781
3487169
3579387
2199018
7106121
6816496
5885773
3024802
2443048
4297074
3746073
972281
5597190
158876
8724319
3115514
6297767
7411262
8315527
6496848
32072
5617477
8405328
9113440
7420978
3240719
7412693
322334
4941784
9924804
6327889
2920243
7032989
1088153
1228674
9832516
1703154
5165911
6621150
8907531
8684671
1911961
5867064
6749153
8413816
9658417
3983098
8050299
7309216
9692108
9485774
7343669
4997053
5230054
4335356
6678157
1716640
8289010
1094048
4520719
7789370
5681092
5947480
9114467
4608890
4918312
5162398
6563634
1079785
8812133
7439139
6775473
1588997
4217973
417966
2570311
6474191
8148436
2819044
2440010
6090844
2510924
669259
2235231
971402
9531346
6330882
1530435
4244483
8961272
2519554
406047
5164471
4804423
6001546
3182336
2364926
3818056
102531
7104818
4916973
7823740
1372074
6077661
4012260
1297987
6068713
8930845
5552775
3071559
2989896
6797834
1424080
6395906
5545150
9410911
2936627
2398905
824647
2474811
7117881
7657580
2804662
2010162
7086999
667768
9966060
5897987
9808568
2476740
1914436
2367316
6167054
9288534
2600550
6129855
4905243
8711944
5874924
486018
2299774
9145585
130775
171982
2801472
2888567
4313062
1641520
235746
1223543
1751401
1282611
4649095
3838598
1952085
6089308
1387733
5853158
7318637
8976550
3916410
488595
2274915
5491729
1763698
8094561
5707997
8486670
9900947
6310358
7739770
2805333
7433590
717884
9744150
2253462
4463036
3545850
6226087
378374
9864690
2382786
8142504
1285027
8854308
8853945
2480502
254429
4268101
4894519
9020091
7416780
573502
8975171
2515105
8149263
4001244
2619970
7005061
4902461
1345061
708796
8430859
314918
4989384
283466
8619203
3157595
2865053
9723029
6111073
8553453
5044170
3378868
8877025
3176170
7377092
614938
8443157
1500165
7199213
4466961
2435613
19701
7425557
7551629
179694
7046060
7708471
3363113
5507415
6690815
2273935
8006348
9171118
7156563
39163
4391212
6468601
4329509
2900359
3998806
7698192
1146337
9263510
1348963
9758430
9398536
3111059
4212644
6838306
9661878
7400434
8226139
6933144
7681394
2977760
6433027
8822586
1420057
1644287
7822649
5001301
3836128
4590189
4215539
938464
2747542
2809122
9895709
6503772
4833292
3987479
5959916
853038
934885
4161703
6122189
5452963
8930981
3004445
7044759
2578939
4948248
1291961
2613496
2142840
2176325
4412343
5973843
436878
4570257
7853013
99811
9213548
5915687
1438429
1237418
6998030
7956081
4055595
1740829
2511591
6236018
824833
1181052
7879023
308457
7833554
7472226
1507409
2759190
2728476
6454854
1722705
9677042
4842747
180490
8648883
3218522
6932655
4360225
841426
201350
5369510
5927517
7137886
7554025
5410096
6085353
770111
6440068
9814503
7056338
523714
3676245
1520327
3277380
3583689
8038864
628412
486305
2977453
3863724
1663870
6071856
6447615
2500079
5670628
9948231
134358
8352923
1132587
5503912
1084980
279945
2569123
4058746
4089886
8269346
7874469
6559440
9498353
251056
7236742
802534
7768518
1422373
9754406
1079010
2386833
5686886
742270
3277538
1882706
3295923
6933124
1837995
6062348
7319820
1781515
2173902
7152224
8879625
210877
9031408
2382822
176297
625853
6384321
9948260
6742864
5836487
2095407
9936108
3113985
3516675
3433086
8830592
1888886
9753639
3163841
2675668
6525354
3142141
6193649
1451637
3360547
4971095
8071597
4996275
8144527
4602907
7483925
8195893
7232710
1192313
2517717
6941138
5777782
1904248
8420392
5283806
6042639
499993
8466072
6774327
4303346
1949657
453294
9317758
2138575
4367891
1659074
8796510
1726473
4771868
2454572
2063520
738116
7202469
2868403
4592277
6718112
5342309
2370698
8521061
8725438
971402
7634520
3127818
7574349
746322
2599119
8884252
6820635
9743070
1783956
5916983
8117757
1279598
5706802
7309437
6054806
5732799
7782653
281831
1486566
3948434
6330661
1484425
1228267
5030612
9114504
5913433
7233291
416216
6216590
4977049
3174191
8735520
3204194
832
2547386
7290742
4160386
2689411
3011238
9916764
6839067
8237236
9026048
389531
1048746
9730054
9829238
7150767
9899083
3010973
8252978
4069955
163053
7770927
1500258
5089888
137047
5380405
7200878
8036225
5801180
8554347
6397253
8456683
6923907
6245176
1207229
8455218
5501901
8300618
5443667
180995
3326363
7309138
1575946
1665504
8709921
7791801
6275918
6795208
7835326
2420151
6003910
8080005
8484341
2791947
4435707
1095890
7312670
8006487
619517
4524150
2249903
3964233
8332394
1399779
5251768
1121513
3812544
2637762
7463975
2965050
5479361
4573346
3037504
823038
1558917
5117730
3247544
3412969
9768953
5443719
8397101
4652294
2842993
1814014
2258078
3536268
8239929
887430
7741676
829799
9542076
4967339
2632023
7950060
8714707
4015341
4445727
248103
5362030
489115
132249
253139
4021277
5232076
9343139
9463140
2782595
9222293
5546735
8562108
6903804
7148943
940316
4620165
461442
5651403
7443429
170000
8333756
7968759
2714901
7680494
1730355
6143220
1369743
7036791
5665589
9944645
5976046
3784858
1539352
7859201
559944
2597955
7950066
3308290
1521691
2045264
9422220
8176965
6588176
2937908
4879821
2736837
1597680
626723
3255517
8375847
9196855
9917988
1224933
284519
2922570
8591609
1908226
3307511
8760871
8732060
5389271
3294942
1196980
2048860
2308926
318954
2276010
9885716
7195543
3126607
3205923
4776527
7416422
336357
9870805
4752887
5753349
2961447
1997414
792797
8065050
2443268
307091
723792
3532657
1369410
5727709
4473183
1359799
4532919
6781098
5917822
2218832
4812416
4485841
3834363
8256865
5998896
546076
1489590
485158
9207081
7161435
1234723
7615134
7917088
6251451
7070410
9812403
8151201
1328949
8144302
4568016
3183683
8340459
8787169
858842
7531575
4629662
2804234
3392064
1818458
9675090
469060
4360319
7182487
3431398
6577438
5454016
9140853
3994449
7865921
8678419
6498712
2857903
8528941
4227183
9561472
4570416
3656738
5568439
8374978
7182017
5459228
7085756
7533028
5991703
1014642
5115329
5411500
974873
7732198
6430491
3063151
6159859
5713807
6471224
2901547
2736407
6009968
379883
9377854
8093628
9007077
8822672
8445597
2167907
4223492
9912184
5038424
5039793
970860
17238
4400120
6931428
5030523
4765240
2823808
4615951
6509364
7052002
2336879
6924820
1589969
3071946
4255409
3413508
5217494
1605584
4015697
1316795
1691740
6053452
9238941
6505937
2044854
696467
9788595
1279197
5709039
7086964
3684488
6386636
8987252
4872340
3462064
6400813
9919401
5247157
7097181
2406464
386340
9939209
5364709
2178570
4182607
5952704
4465517
5648735
1850825
9926097
1869399
3186745
4428451
8471108
1882474
1035998
2210774
127653
3612496
4915352
721310
5495523
700848
5400711
2639292
6647402
56100
2997707
9647783
2540252
4741242
6635940
6867813
2863419
899060
9460421
7358288
6894022
8874892
4673017
5826852
8930828
7857502
9356497
7244199
9936933
5209679
9380597
7390017
7431213
909360
3460314
6583846
7787742
1929727
1884785
6607887
1156718
9443877
9439503
4769440
6402907
6264033
6633811
1217919
4722192
4623636
4520402
9671481
6612339
4483909
8778257
2031458
5823803
8783185
358154
5802839
9432323
8998090
9007265
1372584
6146812
7525722
2175723
2664736
8298471
5065917
1402340
5909144
1201754
1397711
4914750
7886304
5470305
9515697
5093663
4193283
8110951
559482
4014185
1275617
6759583
6569753
44361
9446998
5572000
7473187
8673456
773087
5569930
8063209
2584937
9029774
4783930
624514
7962304
143147
6133033
6352228
8795112
1771878
3132576
951445
6226867
6477527
3802373
7001384
9356431
3818422
1770660
2451089
6105672
4110500
109395
9131575
9362512
787042
9906547
1317343
5672687
270238
2554969
2494600
8219525
8908514
7240460
2675693
2180287
6992004
6609678
3648881
4539853
6916306
3601741
6399685
5853090
1546770
3894869
8995404
8278052
3586421
9263229
3425944
9673254
9064971
6675842
1988067
7701963
5612938
3888430
9678215
2722477
3512759
479816
8672554
4861647
2925860
8442757
9065013
7517987
2509439
4276653
4612850
9903579
5516720
5187351
7577110
136107
1552958
71392
3814965
2508578
630228
9709862
2228304
6251972
9978256
2851353
1028059
7140688
4510993
5612922
1444722
5374087
8496674
2521426
4117858
3433971
26945
1150651
676050
5489272
4010488
5393447
4695123
6884838
2544216
7895482
7886044
4231896
9455555
8706829
927098
6827174
6380431
3681249
5149009
1124507
5966161
6827282
7029842
7786336
7142844
1435041
6065378
9059931
202511
5628495
4194678
8156844
7258257
5458239
4473311
9706506
3175656
845679
320199
683160
8450300
6455500
3604054
1059510
2401196
8305461
4727123
6611186
8583657
2746221
7138358
589476
7918302
4553234
2566359
9433608
3180066
9856542
6453855
4522328
4553866
5359141
9611703
9748596
781980
2453657
4915031
3423968
8512100
1454399
1415317
1564878
7010977
5142111
8526311
2264366
8336387
149436
7548656
8168464
5009812
4773134
6654517
930406
5887982
9752222
9348319
7206093
6357916
2349325
6509477
2009726
8735120
9545393
9022999
7511151
8437139
6687291
8695039
2504085
3072356
2024548
2408651
3801282
1581759
5485708
5462156
8271830
710460
7759039
8772301
3562787
9456105
6652723
8798003
6073270
4022772
17202
5229276
3913327
1531518
3061739
8554944
9279006
6545996
3882326
4171464
6706618
5698757
394438
8964590
7334038
2041422
8054010
4167272
2437572
3218548
6901551
3229076
2816171
8295385
7082445
728808
1104240
1051009
8573727
4560205
2855340
5730566
6101220
3437127
5524037
9257048
561854
5109510
9987405
3291616
5082294
4612061
5081903
4435558
3289478
4665691
1538481
2064065
3029343
6451166
9733014
9505084
2638396
6631541
7348206
8796224
5763432
9021102
8828520
7752930
5761025
6522636
6509563
1757925
1414551
5022377
9830577
8767567
2633073
7641425
4209831
4599384
2560508
4091002
504182
8055706
7711120
8431293
4819087
3951531
5796967
9111817
411678
7633940
3101787
4222687
1352882
7663615
6541925
6548420
1017533
3771782
6658945
8956774
6444067
5259660
6416188
7717247
4744295
4264404
8607635
5270953
8660917
9893841
4977510
1604903
1471795
7322004
6453500
7326725
2736784
1462472
83895
7972093
3510648
2683720
9206981
2422203
9531223
2092864
9849721
2842791
668104
9896823
6866071
7190587
5890267
2779745
3293473
6570866
1603995
6899189
9521258
6371667
9311006
3418903
7325476
3373202
175801
6855199
2831034
78493
1537160
1764310
9605524
1483740
1418142
1907606
4511494
8042909
4944396
4580256
3047314
5500101
4515929
610828
3107597
6494890
8138481
2100000
7125199
787470
1387594
5424747
3212510
9158052
9053859
7881933
5128805
6117425
82239
5583586
4442745
6388407
660215
96457
8896557
8250275
7016305
5982305
6803656
2127885
7418233
1872171
3317347
6055181
6800667
4882878
2349798
7245219
2324340
333225
4782549
4623975
2939205
5854099
280585
5101154
8596952
6268187
4269832
9157395
4669689
6284146
799608
829400
6099706
1795915
8209873
5053503
6365186
4599599
1071468
1066846
6107542
7719857
8537690
178775
981114
4195155
520767
6399154
3933412
5963267
6559456
9431391
5577601
7121931
7979080
9579839
1215135
5814607
5723578
5722104
139156
80316
5029765
664204
6388062
710401
577483
4591356
6346877
358427
258939
9521245
6294895
4585441
6728371
5184400
5872263
6236140
8997819
2345183
9412443
3918282
3916968
3057646
4866432
9947488
8529062
8636678
2645179
9262597
4228620
8888558
5381528
2947769
6320547
69670
9644018
5520674
2735102
4071363
8861016
4249131
5655515
2538673
1397770
7745285
6930155
3976552
1358662
6920938
7510933
9265953
4247390
7414512
7630646
3524753
7497374
7364670
7345622
9040737
2170501
4420980
2018224
3735817
9677562
8474374
9222868
8142549
6802545
3182804
4587092
4407891
5494625
2676372
1967917
3880430
9987444
6591400
5221387
7790804
6792640
1953717
1616041
5268305
6336241
433412
2165791
1377067
3872488
4736155
592290
5149833
9602467
8938990
2041090
9820267
4399982
807474
7184673
639590
5218090
2782834
8000370
5498611
829358
9340119
8705995
6022283
3684303
550644
781541
3036838
6643921
2765069
1736462
1431930
7105791
8543488
958234
2646117
198951
8591106
4405451
8032602
8109664
4378226
120640
579076
3871541
1609994
3231652
3803999
9154144
4323244
7058060
8918937
580917
9242599
3771179
3197328
8418053
2430636
2146976
2499512
6823742
8420831
7287032
5006661
2970510
99032
1286812
557478
7410672
1588712
4247085
5072978
2247336
5781486
9532429
5825354
5734581
9571652
2875624
2360178
1633057
7856371
7488869
9182324
7398118
1009263
6685640
6321727
3438057
1217921
2101988
2309030
2135722
7305290
643820
3247707
2206203
5141770
7278357
8864579
1210197
7650247
6763381
2978217
7864550
4334024
7558893
7362831
42512
3736393
4738911
7585563
2278571
3128071
9650295
4554349
9125901
8550229
9493028
9944343
9203128
7733665
1496545
2616651
6666510
8414218
4922720
881493
3465767
9866257
6065539
7961270
593950
54296
9483092
4993988
5482637
6369460
8681828
56604
6429262
8944099
5795208
2739046
363646
5736512
528393
9194301
465660
821479
2162018
9939422
983146
8069012
8144833
3760997
3907359
6393249
7483604
4162175
5552674
2325199
6131768
6447232
9945932
1416714
9199696
2968849
8031203
9011062
17384
9776223
3615474
3263932
9528796
7555586
1582454
1933246
6131169
257306
9557844
9911301
8899884
7772135
7452094
153691
145808
4124127
6753051
4127132
4399182
2591162
6165459
8881869
1530754
1450307
8148325
8909453
715227
8019735
1039078
3288187
3846120
6472057
6843875
8571746
6299240
8421291
4408448
6564264
7516797
7270310
4023351
9748455
9641309
468100
3259303
9685172
7942077
2168565
1131101
7742677
8668126
9147754
9302351
7281126
6012972
9165444
90965
6866435
6103873
7416297
2528599
2494217
626206
346059
2863496
8110640
7786699
2975323
513538
5716235
1698486
5550550
7173560
810316
940493
9092584
1513636
2450095
2799387
3353228
3799572
1349674
2595984
340233
8961051
5610423
7472890
2730630
9115542
6285421
1472972
8743144
4882368
6968971
3981281
8321405
4258910
7698708
7096091
7964299
1088137
1164853
1549352
2728967
619066
2178950
1867225
9574643
6267270
7574829
4930747
9664723
2899839
6756745
1997426
4726190
3656951
7040945
5481874
6057817
3211309
5908843
8723785
5364224
9666645
1260628
2590331
9750113
6755794
9956235
4452508
3612044
7596557
9908188
7258333
6062394
5849306
6183032
4162470
1998813
6959610
1212519
2397963
4236888
502667
3281251
6126025
4749197
3940604
5214899
1259077
5707775
2911126
3525585
671372
7685053
6850427
7051922
5684682
6694798
5684136
9966902
3932418
5383679
3178149
2404192
6147139
7236382
3459524
2222956
6026785
3017762
3306860
4009457
8949164
9771901
4580578
9068973
8771545
9491325
234622
357300
2815028
36130
6274485
8632255
5517741
5474672
5838194
4115993
5757250
4169071
2673368
2567082
4106677
2861067
5447511
9816775
9524027
6925402
7571094
1679003
7284840
8092834
2404163
4977052
7239759
4504418
2184605
5066429
5378533
230912
2969618
5858710
9474872
3772395
3565802
6046657
1089058
4117027
6203729
992958
5774850
3650145
8159751
6662644
8940141
6141684
8139166
9125523
26426
3584055
9634114
5863878
7625946
3166477
2422812
449372
8976797
525974
9552683
2360938
9650642
1342994
666555
4135280
4811346
107315
6148185
8216380
9109026
2278258
6097397
1227973
6148514
823603
4182245
6200232
652453
7391405
1236925
6326823
4535893
575178
3191931
2671492
76493
6903169
6203995
2341716
9445365
4384950
7276849
7393049
3638346
5771380
8388381
538499
2304016
6362367
4566843
2512455
7961730
4037521
8381262
6197090
230209
7948576
9280376
9918398
9272041
5744013
1694790
6831746
4988086
8126635
5117111
6448975
528987
5503855
9028646
7181493
6178805
9851611
9505478
4767614
2591418
9716527
5061866
5019847
8869815
4851129
7925366
2662621
6356628
6004075
4116784
7563515
7493520
1497620
1088892
6565861
9592336
3096625
9781459
182727
6246146
158371
7782588
5101349
2010569
5829743
8202554
681729
5691970
7487023
8093227
5262630
478914
4400414
7243695
6773841
6135143
7932066
9016216
5553272
3463184
4956192
4396600
2873328
5259375
4820976
2094992
2478142
4668424
2306099
761547
1953005
3176074
3372797
2212727
6288229
9890681
4105553
6550936
8001780
8387055
3086497
233324
8468932
9534715
5133935
6078560
3746707
9857837
5779702
3080825
6679560
662404
3964702
4439328
9300224
708231
5945211
9013714
301903
8558733
3853979
3933331
5353424
1424158
4379857
7122677
3502757
1557250
99658
6227856
6432115
9143579
6893522
2300807
7600084
143099
4442561
3159668
842847
5445428
4334237
7524312
3170214
9991780
6344655
1920403
2108262
4628786
6514880
8261843
141744
2342251
3192847
4125866
6937042
1707014
3573024
4914724
3092833
7405170
8433904
5438545
4632458
9522679
8961927
1010573
2298271
1104100
9108210
6935381
1546948
9061311
7133350
8810834
1660537
7678271
963048
8584689
9481241
3264916
5525921
4662656
5085343
7149098
9877063
9106700
6185800
7284376
2674273
8928188
7354978
6359924
8341420
5684754
8650958
8566604
4097876
1816702
8806134
2598789
4011119
3691657
7008243
3210955
8871766
6899572
7041699
4823319
7122775
1886220
1540831
3121471
3826630
1893287
1403310
5748061
5031701
1363637
7266680
3759991
6311363
4962642
4163090
3174717
6214674
7735660
2167604
6404273
4397822
6538856
6470780
3951165
1479059
4236679
9228171
1548222
4488579
1690856
4249127
7149239
6530461
1976127
4383481
2729083
8081405
453192
4740496
5595497
6270241
7230461
6325154
2055639
9516720
6164693
7158476
7556497
1039563
147094
9201177
8337611
3843110
5204337
9455875
3128455
1816535
9598862
8486000
9996117
6509924
4020664
4797172
1948245
2838872
6640386
6347478
9224849
817908
241921
1397774
8836539
5312878
7240770
5847318
4473384
2977431
8259212
5239838
1154948
1597779
8680182
6875512
16889
9832433
4526982
934730
2302674
1632575
7720890
2904163
1737229
2689069
3253564
2825076
956896
3421972
3257186
1656023
7382097
6705115
1940882
5420581
6047982
3421707
5535668
4603034
8740146
7070448
861252
7499523
9736232
8146128
6413839
1637475
9597605
360228
9513829
1581292
4583774
5579688
8802308
1758447
8617346
8079032
7502137
680043
7497084
588346
7160347
2338900
6667493
3501293
4029518
3192144
8910669
6049995
2362215
4244595
4043908
8927833
3300294
2362195
6148052
8843997
5961665
9698011
7000302
3556611
5320189
6926015
5415552
5676969
9374870
9439115
8994379
7173408
8186811
9484936
542212
2806119
8200634
5558844
3980386
2469711
8612103
6686792
1942177
7795453
7313746
6437631
148330
5828701
6611139
4520598
7249264
3234982
4122336
1549166
8920180
9165011
232594
4497150
2138702
9902254
5559919
4569519
9190662
6378660
5350257
3845362
810069
3999094
5938483
8921860
8693263
952179
9309262
6897561
2974356
2558496
1163090
7972300
1618689
7119427
9221343
331608
5571121
5694993
8630463
9073399
6495837
4875076
3602887
5397514
742191
1545071
6973604
6404232
2615869
1615673
8337272
126178
8217831
8734782
4127622
8352431
3747278
3400943
1325796
2975601
351802
6469293
6847729
9263372
4268393
5035492
8547694
8252647
1024405
5938463
6961396
3878174
778360
8885613
9353622
8651567
6972653
8718102
2699436
486911
1118483
5945861
7558378
7082901
3900060
660412
5992414
4320281
1609936
8515629
3009944
8714937
256800
44451
139265
3126421
7631093
559890
602979
6838419
3735866
4516253
3202855
8178940
3459849
1553192
3521169
8212227
6724570
3749714
185933
5437030
2237890
1442410
531447
6576577
5481396
2248348
1428843
8081486
9429203
5872093
5354123
7181931
3404021
5980028
5885763
4837373
532840
9505669
3694141
9707982
431518
3397330
6655791
8664681
6355647
1360797
5183774
7799807
1300860
8911341
2993279
2031597
4691262
6480277
6416662
9219891
4771603
6161794
5176823
6281975
428672
5286633
4516687
6209444
2084146
8428826
5541946
1409880
3048158
8728595
3548045
5980404
9614749
5435464
9586462
6337963
3121753
1361742
2769062
7832300
3947519
1435316
4970914
8906997
7661680
7021005
3891854
966606
7432854
5699580
7631942
8165536
9335036
9193447
5976229
1148189
8687406
8089669
6419933
5282992
5692774
789294
7550824
6581217
5362710
8098312
1541130
4951981
9135043
6424116
5308710
7189187
47989
4973445
9060163
3419051
7227934
5146350
7859390
5985571
6393155
2298781
5656484
6517649
3580821
1466176
4248830
2226400
8134376
7599998
5019852
8144422
3858159
3099200
6054649
2074113
5579901
2382200
9444371
8215716
7680714
7052219
3949492
1527491
7696458
1729065
4725183
2234092
1145543
4620794
7090777
3208005
2690986
5336335
8019362
77703
8733182
8676095
9214790
9380429
1776372
7501535
8654465
3357361
5028953
3212330
6269043
7095673
3393168
9968673
5536540
5717146
2253929
3126802
7376531
5884041
110487
616233
3749818
6495441
604859
2113427
1973876
223297
827434
4623561
1152492
5769138
3702244
3787732
9227401
3845627
4034807
3177242
2740380
1622480
4849918
4377304
2107017
8118462
1153361
7925695
646320
850818
9203479
4306100
7967676
503239
2342955
5502569
2517388
6924362
4101492
374
3693541
7921110
7595896
1793921
9793789
7276806
3611816
3154756
9506464
50868
6829517
656691
2565786
8919460
6853411
1623877
8265927
1440825
828349
9933127
5593252
5543362
374512
8087461
3724467
6679925
3947557
839397
8270700
5670323
265984
3038625
1502609
9090421
6116706
8203095
3179659
3767617
6184229
4007949
7013587
4383433
5654056
5027565
294394
2838019
3870434
8043816
2568234
7614273
5617017
5161380
8633742
8670830
6501649
3445145
9262589
7294415
521495
1278963
5990971
3545999
9618105
4020026
6923707
8741884
7168792
3591345
7664416
3473048
5096946
2638332
1941421
4406676
8757430
9401587
8124969
3847555
5277000
8864116
575114
5516157
890927
7330657
8689702
8853341
1713800
4835268
7813387
364346
149764
3466067
9938024
7360213
9441655
7191423
7145383
6620117
3448193
3753954
8730429
3484311
7525617
7147364
2231303
8353373
5081265
8468426
2044892
6301427
3143698
9503241
7647944
4930913
1986600
3597993
3958944
3250219
415712
6043190
2477841
7155321
7184225
4607633
382530
3051092
1376841
2655045
9509844
7531710
4854594
3030216
5280545
834332
2733055
9935893
2832943
8558093
2756156
8067695
5536458
1953617
4560293
1412075
6261682
3379334
7255521
6825932
62248
3263153
3235891
8717216
2847606
9827773
825839
9108882
3399643
6134723
8418930
9078138
7568919
7714220
7338215
1834086
5939878
401962
6580748
2241430
1553040
8791708
1979905
2904532
1890788
3831981
8491050
42862
443247
7462652
1611694
6359667
6880930
7608509
3234200
8052940
4013023
4668162
3005210
2350843
8691471
5800326
6517683
5371869
4282745
132516
6296092
8371759
4173145
4071413
8203786
569020
3236008
1093818
5420351
6055800
1965405
1247021
1321988
8633196
6094333
7072033
9607734
7265884
2899185
5082282
6113048
1756789
1639113
53795
1057317
7792545
8438985
7166583
5308440
2856388
7495702
7224818
6927131
5600906
5608854
4843921
7795017
5288062
7304775
4095599
7961552
9279831
7148149
4941738
7790353
6290401
9664580
3832940
399663
8215382
433345
5595834
6895027
7800435
7441263
3219601
5613843
9162138
3092809
407145
9267537
9845654
5644953
2305931
1470057
3760414
572752
8818647
7871095
5432755
719793
9652491
6154888
7468370
9821514
5226101
3882131
7688379
6150389
8658886
1066458
410829
9623579
2685051
2796711
3416865
8585534
2800851
685376
8079971
3425631
9451836
5450066
4455868
7151781
2931704
267841
2615396
5510351
5426367
2879073
9713682
5416531
5189556
6202969
5233983
4111282
9984807
3437082
5782241
5011785
5001560
842960
8500857
3990859
3045552
919870
5135607
4853044
7867138
2327324
4422118
7062033
8074471
2620953
262721
7378443
3121574
2568059
5497451
5206664
8907110
853361
656664
4161478
9755635
656924
8525830
370142
7221803
9653895
3015542
3546589
3269985
6768837
3116266
639304
9327928
4626734
939515
9801895
3514362
2928699
7308605
8598627
2649833
5926899
8658921
9273386
7802997
9613026
8315922
6393769
2886743
9505692
3056676
8222298
9046416
5099896
7789618
4000627
138626
7636479
6257825
2159694
7548916
4108744
6782204
4107120
4053253
6052636
968316
3446130
7178815
3618382
6290091
1121947
5657427
3312331
7116801
7534884
3097472
3129215
1531324
957419
7655921
7433945
1786915
4902845
9223650
1968309
9780622
9447729
7857918
8450127
4903750
7565398
575313
5119534
1791825
6132734
2072991
58948
8146857
1655836
4239188
3440952
1571394
4550227
6042852
743382
737807
6912028
7691708
3257136
5649755
6476399
8585291
9599056
2156741
5810455
5258223
6410457
6493398
8916504
4523564
9683809
8575727
9744667
7805802
5195714
3514581
3272930
6948141
7218431
3249149
9437059
7639435
81214
1420410
7577158
7337877
2343263
6596567
8116857
2553799
6439412
5515980
5340616
5203465
4458828
4998212
4304655
3950022
3366990
6936451
3198777
9371524
7891212
7349264
5563513
4627073
6631620
1124687
416123
5194504
246321
4391966
7507249
5782539
83644
4631804
7443502
3909010
6454085
9617055
1670804
8943268
5233932
1829424
3702701
8682501
5373356
5811510
882225
4476003
7131219
540919
391982
1774621
3794333
8189778
1800038
6895336
6330301
877792
7863179
4223413
2262276
7560775
2535202
1768178
9995522
1211629
6684168
8592128
7639938
9212351
2192741
7861887
3049732
2124284
1525212
9866855
2306070
4962468
7838797
5322873
5299631
5076012
4532268
8415211
6772522
6952361
6588494
9989244
4326436
3759074
4709399
2670196
5103874
3491633
1869466
6629329
7586140
6396072
2617294
8424559
2260050
416853
5561321
2006364
8356552
2188568
2351222
8739169
5484090
8404678
8798694
2657242
5341961
2023653
2737393
9922385
9813643
8656009
1493104
9345338
4456071
4987503
8596616
8509610
3551272
6134040
9261731
7702622
9342570
8749186
1937532
2785463
3756437
6237937
2458157
1024132
3520909
5076992
945226
3406795
3421586
2823376
4423538
40201
8983438
5404895
2277103
1450553
5410220
2184569
6305767
7583665
1462241
630846
4453079
1916353
3502979
726824
7550018
9299025
4986004
9324401
2694621
5883353
4196248
3519811
5802540
5352709
8109194
829957
8392994
7932946
4074841
5891067
708580
1605764
2274286
5871272
4345644
4480577
5020964
6897180
7590875
4416273
4200156
1303491
2037697
5175427
5409847
5369124
5566586
7500067
6777324
3786155
9727599
1895045
6804088
7213713
490469
7922634
5453403
1902162
2814554
5747455
2739273
9475535
8110220
6507520
274662
2694374
3839409
2865373
9116417
9704526
1531624
9604484
4004458
2418864
7978264
2806794
696131
4009231
2633215
1588972
9914862
1403436
9568414
6069197
5978036
4786103
877838
7211600
752997
8258608
9922491
2751424
985691
5882005
4940284
772034
6984382
7350473
1190815
1833569
918996
9090426
2049343
3289656
3233437
4761112
5693609
3472747
2149463
5249672
3986275
5929377
6906797
3989053
7652933
7419715
3169714
8182937
4852205
9883128
6694183
6703691
3919685
1654058
2185582
6658255
8857523
4591127
6233822
4112241
8419237
8930251
6110381
2161805
2823406
35762
3562262
3832681
4953783
713750
9385737
4934244
5990081
5456356
3172537
6112164
8865065
9715702
4264129
6365597
9697
9224940
9771873
9553869
8206015
1909294
8935405
1441179
9495217
3057026
9002203
2959039
5131119
8345329
710147
5898322
131278
7874379
3407511
8987485
7164047
5408542
7318922
2138183
9486256
7141847
6985468
4510011
8293550
1748857
2067192
8921339
6190131
9597907
2987215
4265337
6537672
7253974
8854366
8400011
6009396
7976208
6080841
5205382
3624786
6244113
4560996
3568739
8198890
935758
1150731
1063995
1795746
2788551
4222250
257499
6689999
1149868
2350250
8656079
9327623
1339521
8207811
9168348
5634874
932988
2415072
5465724
7078935
2624007
4927806
3776925
3647827
2123403
6518620
1944433
6253014
4495992
9203440
1684961
757459
3861255
9620949
2697407
5907911
5176552
5742425
7390626
7261963
7959585
5806238
8670746
5494575
2045152
4680927
9585131
2065550
3978061
5564189
8101459
5456790
4812329
433186
4894655
9603172
7934485
8516115
8656540
1710111
6034490
139862
3365292
500080
1151931
6129851
1501513
3396645
8264899
9465395
72579
7711183
9148792
3074214
803230
4499897
8986180
743638
5795962
4391538
5075056
3304325
3994154
9644232
5038853
3201144
2139351
746627
4534510
9296760
40050
5830308
2254623
6898246
7282689
4326329
3059059
6507340
4936925
7308436
2772591
133902
3264402
7569806
9421779
3346017
6209248
2462350
2579249
5880276
4247147
818312
842006
6754627
9327945
8595765
4820696
1057369
5807600
1147662
9283683
5835027
6328067
613760
9731907
5455846
9157078
6630147
8348614
1560619
2776139
6633732
1523997
533747
2095802
925896
6824781
8878466
8892639
4858677
7706896
9551371
4392710
4226429
7644556
7373518
7005120
7449558
2902143
851086
3308510
5082980
5595231
5404544
6377845
6885879
8401005
1827781
3513326
9668043
532539
6080593
4509999
6116693
2676968
1438457
1234460
9795018
9571910
884207
8738627
5697479
1031982
2186781
8848395
2469305
6208322
8396646
8560592
1010169
3473736
4752401
6833622
8420315
7458381
1941843
4498430
4529932
1744502
5467357
7036868
501322
7470114
6547947
5930769
5803935
8867316
6464904
6276582
6388637
2891994
890670
8449677
4481690
1619772
8657912
2652425
8198158
6393435
8360602
1886717
9625447
6661469
2738976
479645
6009116
1094023
4436418
5153053
4330818
4212572
257194
398119
7093986
4761786
1645052
8841083
9844971
6677870
18974
2825551
4652572
3910374
4886095
6145420
9096670
2850370
1106902
7562758
2195149
9966978
5136871
8555328
1450714
96789
1417950
1802566
6656739
4329256
7213979
3532391
4244929
1973962
1049387
7098000
48866
459242
1251471
3317608
5807349
5772866
232175
386805
7823305
4743712
4061208
93677
1495877
8946314
1871947
6488578
8652812
472842
9216888
7905142
4665581
8669723
1296173
7755608
9604430
28841
5948514
4049648
6351170
6930746
5753880
1885965
2499310
9555299
7137482
6412975
4389528
9258476
752196
849893
7062345
8010619
3538801
8026034
5130831
9416886
3763176
1549803
2899371
1334328
7456298
9654087
5427590
7311503
3153920
4846006
5905655
3371553
3617293
1329237
9657723
3889498
3890916
6699218
8678594
6381405
2436624
5178125
2726272
6012348
9765273
9028333
3832703
8723411
2000687
8109121
2529366
5243468
808503
6996645
3180804
5318642
6223713
3673335
1450246
3309003
578763
727842
508148
6487825
7090006
8347512
3380645
7997011
8502927
8576261
4905511
1039996
1844387
4443850
1218928
3582751
1050248
5520604
61032
3099770
9444696
1165893
5559919
7555172
545836
9085701
7201879
2816021
6457019
3617123
5613137
9886841
4943143
257460
1058725
1593055
3093963
617321
2582269
6090988
4321327
6877583
5433994
1075582
1098626
7647648
1311902
1230631
5650139
7691491
5258995
409489
19011
9437730
1497873
2082908
1562598
5964316
1808685
1401077
267508
5726175
4345689
9393758
2333651
8111667
5325460
1228072
5016870
6319233
2140707
9380054
8054685
3136150
6385209
2828865
9950300
5034788
1827618
6075953
6866853
6318515
2376249
6304000
7402632
1085371
7325036
5300905
7991180
1793790
1543848
4715970
5147549
2298635
5177835
1656830
3535794
6877575
7543174
3315291
270869
3438157
9698369
904356
6362917
9595923
1402699
859499
3471230
9097929
2717896
6456512
135147
8890989
3648903
9597931
9170344
9039930
8329280
3697235
8245599
2373073
7613287
4425829
2081167
462686
7437581
7595004
4217097
2567660
1031055
3553626
9370098
8275449
2223151
2640653
4014472
9435728
8191597
2649944
7246043
4470638
2810257
4478916
709500
63366
9063688
3892849
2387404
6439922
7560304
3190364
2261869
4319823
3839450
3759551
2053162
9987694
4198493
7378101
9202994
9427834
487460
2993877
4793906
3792954
1340547
8247332
8231944
424738
7806559
4854614
6424888
1284344
853348
9686648
6427056
9555377
6204792
87918
4089081
47347
3095952
6226711
5826769
6452488
118417
7778691
9130909
1017023
4922241
1738073
8435130
8087942
3647557
8678378
985050
4562284
245824
2165458
7887720
9474110
1379681
3717964
4724707
5117695
3679286
7459033
6499505
6864500
6031052
9567320
4823428
2082111
757864
2370762
4357913
7632616
4801092
3622389
1601241
2578373
9859385
9338706
948023
5649307
1328179
3032154
27311
9204307
4143778
2061147
3303828
9246039
1518425
3071038
8311967
5776147
3473653
2001559
3652602
2313464
4750205
4345308
5575269
5820618
82929
5073032
8257459
5236199
5102282
8032843
2564866
3121145
5835448
1979114
8663085
1633590
4502027
6008743
1415630
2342236
1038448
7738949
2406659
2770462
2512873
8523182
7836335
6187671
496320
5650596
5172668
2097862
4186990
6691472
194231
349457
924835
2187336
3278827
8103043
3162440
3621799
3314902
7205698
9109345
5737397
7163164
5943007
3395784
7540755
2049349
4405017
2840281
2492209
3945958
1999335
1303497
650466
6244997
9213294
7232315
8163980
8086264
4699352
9595479
5984403
2611179
3883701
7685805
7318535
594700
8922369
3160001
995691
4429615
8230042
8185318
5352737
3887427
4732594
8357201
6091472
275652
2738648
1766697
4489080
5618423
289605
6899932
7584960
4320174
4714509
1280672
1991479
7770111
644654
9655569
1428433
7175468
351001
3275348
177918
5967708
520706
1149650
2895626
8729409
2199278
2016907
1600996
1929372
4556970
8548061
202008
1331440
3893479
5361170
1747444
5801331
7550611
8719144
4914202
6148993
8327723
4186763
4510114
9341987
3779319
4556966
2427141
3753315
2820799
3161376
8529218
8604752
1846034
6886185
1846745
2036215
9721017
2232014
166901
7541347
6687418
3761317
3368158
1591228
8851445
3667288
3423272
613548
9637537
4418271
8727653
9286308
4919701
8712414
1530579
5308830
3152335
791887
1608973
4773746
2173731
8224534
3704591
2077527
1465464
5404149
8646213
7456052
7759162
2814736
2616386
3100430
8903486
9749202
2459135
5281115
8234058
9145483
7737815
2055030
2198070
1378175
2089932
3014852
6505870
7850745
7015236
8761676
7974047
3429248
1052190
9579034
2588421
9351411
6319901
1387143
6410581
7221605
6053607
2049118
9366361
842732
306904
6961570
5987696
2439869
8355516
830207
2316775
3320469
4511493
405990
1006221
2149360
4548045
794676
9986748
5307948
1387092
4675156
5109492
3293884
2044336
6141838
6303544
5393086
4759835
215921
4005548
3728188
2413562
7774675
1766203
8025343
2155864
8953822
5746439
7366030
6325677
4728636
9800582
5051734
3233726
2807651
1084584
1302389
8344995
2028569
3253228
3231616
5101241
4205092
594514
5991851
2482091
1033806
4545423
6521626
5388561
8297970
9777020
4283957
2878450
7198907
7768534
8968626
2235309
7116430
5719348
1506583
7925459
8035728
8740589
979825
2599770
7035541
3369816
5520436
4169416
6705740
7001370
2798978
9879038
4822135
76727
1236683
9883680
4201566
6235948
3521771
8608012
2080747
1706542
9045461
888132
9739814
5290276
9008217
6694204
6715296
3116338
9195589
2927974
1113850
7668840
4563600
4812565
5833846
8249080
5292639
5450032
4231240
1766665
3951256
6344998
5094758
957651
3321189
9944997
9316639
4692869
5738233
672853
6386279
2856370
9983245
6365610
1462773
9777261
3783800
6952327
2201532
2753330
8249125
8708240
221916
7417341
2997390
8881544
7228755
8735768
231240
520860
4148110
7118182
5984150
9032184
6512453
7471250
7479623
5623709
4233961
8108321
7996366
993446
2542459
3945719
7568240
3784699
6886397
6092513
5395892
3412394
8333416
9663932
4497487
7934873
3539652
4846360
6685377
8096897
3408201
9295866
3106828
780237
9276117
4726945
1370436
4532645
7679200
1752177
3373697
6255669
6328512
468724
7967110
5278125
6410664
6572573
9952204
7995973
8403441
7262377
8591489
6969104
8529088
9756344
2699832
5234721
6919563
5005643
9870661
424917
6258900
4309779
678904
3119152
9407305
5793825
4534136
5942730
4725097
2964915
6063857
232859
4258642
682333
877105
7131665
1647275
9476178
1160759
4024469
5206220
6679559
313762
7399412
6767202
4758550
4331274
4261920
6995294
5367960
9949543
4760615
7340529
9710968
8914553
4523173
5014566
9160892
8341228
1575503
4497972
2690434
1019697
6195826
6805894
8313214
9183205
3702667
8657496
5319370
2278774
2940395
2937618
4429691
4541080
7270034
5643402
8892089
6288003
7048914
6085836
4063317
1319405
6645412
1912335
3991805
8667005
585076
1108586
2870589
1546981
2401973
4906095
6431384
5901046
6523355
9345321
1038941
6298732
4995387
2805689
4241286
809427
9736245
6061650
418577
5288116
3587401
8992246
8060450
6082207
138920
2094677
9300828
8616023
7745663
9127764
7896007
9294698
9740501
6094669
1695160
6045497
9213048
1805304
2542098
1205387
4906275
1222688
2084714
8111454
4188828
3431343
8853304
3135954
9896253
1842193
1578968
3133479
7547400
4746394
1450063
6432772
1468762
9483247
2565368
6187251
6091197
4911709
4659320
4875294
1476116
627743
9442043
927939
5654226
333483
9874318
7054039
655300
8304939
9359210
1207764
7105622
8088460
4324718
3601663
3591159
2563141
5831738
3713164
3446762
6571723
1997916
5214764
892426
480340
5582597
9801261
6599939
1862318
7844703
3969752
265834
8536933
4529554
5391455
4005645
8148536
3953311
5991400
346021
2224830
1469414
6625888
2338226
4047085
5040868
7619153
1792052
703487
7704907
7746569
2115311
579735
6181940
5063168
7171026
2162213
3143909
8970999
8172016
15919
6524802
9040100
6966232
7668933
6262902
9186044
5699926
7251753
1320925
9743327
6649788
1781930
9353898
9133433
9901769
4618454
4299147
2938009
4264852
8517059
8668280
1672661
9465718
9106205
8539511
379611
8133345
3408859
3413406
7176985
4427989
7574862
5759309
2657623
3243009
3452000
7669369
7805525
5501001
457127
9656437
578491
5068939
6818051
4001302
731828
1861385
5295182
4111718
9556296
635908
7081394
6606242
4128512
8407740
802699
9107465
6525589
9199171
8979255
2852103
8735855
8356946
8133310
1323034
1657208
8454632
7150578
6586309
817219
286221
9756575
1343453
352103
371963
7827353
8490805
1300194
7102605
6493961
5519937
680177
7300495
6654372
7327645
8199225
3170268
7016423
8038410
6739249
5357146
5266839
5434354
7940998
4848706
7407092
8771295
8894540
4018718
3515448
3357328
737145
9584913
98827
1787684
8642325
3749729
3160696
9754275
6228942
9108419
2350339
3557245
7609659
1611105
8703979
9758051
4925509
4893272
1597886
8844700
436274
2106352
4561919
7652861
9682364
9181596
5703586
3121869
7257661
3611851
6318472
7369937
6205403
2606100
3355022
2927307
9840207
1370518
8023672
2447040
1453997
9893659
83753
3063893
5708373
1464133
9975497
2262026
9485596
4825577
585713
9239174
4845869
2032637
6316474
4263102
5432430
3496942
5253275
9166854
3384123
3324391
6068025
2874888
5971038
2200372
2106438
772564
3784708
2281925
1548236
9080366
7536525
882853
4898588
1685924
2996294
3650386
1391304
1592819
1576238
9363217
8348328
5192864
2824557
3936733
6550030
3110511
5675584
1130879
6529090
9474692
3537204
6356638
4275319
8182630
238889
3497477
8806601
4599057
5772129
294142
2953676
4721238
8311786
2124275
7022927
7419989
2131322
3149392
6226335
2429618
7428271
3570546
8028177
6938933
835236
3575563
9353744
974524
4656624
5544431
1336357
4015939
954721
4954942
6929441
5381695
7798551
4273824
2231760
3385823
1008519
3151737
1146014
4302935
1709516
7048843
814020
3462090
3100618
2462449
8667042
8890419
605666
9345014
5737472
3257772
4705177
3072364
6588372
997323
1034239
8217889
6100584
6966683
1302584
7612681
2806578
2099524
2183599
5504767
5854212
9111736
7357146
6807183
9162543
651169
9289436
5653080
5155217
701170
7811937
9252348
7212456
173496
4705679
9402093
4663646
4309253
9662195
9523963
9395386
6012137
2063559
1266845
1098647
313072
7773715
1489590
8646235
6333694
8245290
9009124
6221765
9777057
754418
7238435
4963670
7220449
2741778
6075283
7650175
3173390
3575909
5924530
8906506
4174685
3691373
269389
6525249
7436566
8633603
422684
3085355
3430551
2347376
8109120
9722489
4040132
8176317
6243672
1772632
6614483
2293671
4328818
1012790
5885588
2979507
4101695
9191956
9413941
3783495
5294906
8253375
7206209
2941988
9847422
7398277
544697
3010566
5632767
5457263
6167383
5028597
2536674
1342167
9689445
308868
5004227
9882003
6903999
3632028
1496545
9143897
9789421
4205165
5153888
9526370
1074918
6203028
6566938
8098191
7946530
8776186
760283
5880340
7297968
6217585
7412366
1904163
9845238
9804010
7904932
2902154
1172214
7031734
1629197
6112756
3781105
8052492
2464300
3728578
9041171
1566657
4183936
60721
5702035
2024543
6744477
8936501
818268
1600078
7802540
229556
4735436
3000796
6530906
6937675
1047889
2053324
2647057
6680216
5501892
1344139
3578909
5252669
7756733
4976182
6358884
1272321
9392571
9451951
6226633
2130468
8659961
6553045
8955006
8094656
1523472
5242157
4486874
5347394
7219028
9541712
6337491
6076623
1532887
3963139
7019214
8415466
317720
2701915
8746125
9803147
5302784
6639748
3112512
3862507
9911791
3867653
1167294
3936572
3639012
5398423
911742
4309488
7153434
982141
8124911
7917390
6912772
3728204
6970123
6196388
2373962
4535353
4694180
8309138
8980663
7950569
600506
6904496
3413848
5424615
6564617
3376790
9190872
4800117
6411159
2989745
4537947
3798802
9559052
6204480
9263994
8668655
4433693
9217722
4443788
4328292
9792419
1739115
4797256
8335834
1396129
705961
7178044
8748382
737179
5400616
4984895
9534666
6554028
4251211
8775156
7663841
340308
1445226
230344
222990
9755710
5648
6348815
7076326
7745045
6906154
6714237
7703078
5177148
1813091
5462233
1941818
7268999
292169
1496133
5697634
2003236
9657679
8730128
9854143
1987928
2448977
9794388
2446746
3254583
9751787
5095806
5990449
7484466
6536957
1963838
8452042
6005799
7174613
1020188
9414358
9913746
7613116
4000559
1849191
1784812
3367777
1250960
2754057
5506989
4092613
1931283
6801894
8090047
6987750
7902762
6026246
8520368
2999667
6940528
8384420
4312775
5661672
2009703
2431118
2497055
9680337
3757943
6452204
1266709
9491539
1313753
7232377
9610728
3367238
6343384
9739768
6223864
6679278
8576647
104564
1336825
2832763
1239716
4527654
5160823
838663
1178626
7929640
3272097
5948537
4641300
7184509
4283744
1820165
535400
6345689
3036020
5618452
5885021
5430578
7267829
8925305
9042111
9004537
7971810
1208462
1017174
8006531
9997695
7455273
8612815
1380075
5716399
7727964
8397018
5090767
1568431
6584535
2353420
7719504
1511953
7291283
2165576
626510
74872
1352184
493909
9826746
6155494
717414
1102843
8591614
8387295
2564065
809507
2645797
874403
7372164
302133
4599140
835448
2923877
890196
3961380
3099209
7015340
237103
5186882
3299592
8866476
9146771
6317194
247079
8765504
1901068
1700997
8094273
3252936
9553088
9026054
3007940
4218810
3665062
5738384
7975952
6056391
3528135
1694343
7411254
4839101
7741884
6097166
6120477
1776454
2279584
6071005
4321082
9701335
9524805
7010128
121443
4684903
6268051
7222876
6868873
1635456
1313248
8345595
352195
2938194
9007978
3350508
6514068
7682597
6182236
3096573
6932322
7002918
4123853
9430742
4186796
3977347
1256982
8326349
8303873
9330093
8701416
7565442
9617617
8740490
5442503
1495913
5394500
2734238
911443
4459619
4687585
8291365
3669697
1399240
6392417
6148529
6715179
4964014
9055750
4010956
2313445
1777054
5017603
7277436
6990296
146956
6818439
7590630
5732938
6991454
8311506
8432833
3087225
3697938
6855202
1520126
8942557
1240141
6163370
8195943
6502601
7401397
1016876
9398547
9622130
5946350
1010331
9659716
1736874
1483787
6631971
8590364
2412249
9106956
