4391371
4653642
1621364
2766309
2923954
9745114
5050069
9875020
6818048
6800283
682133
4320921
3727746
5126586
251429
2895949
9333495
5679213
357445
6745584
4078606
7671848
3075048
7610338
4384388
4431440
3326721
7203512
7061603
5603196
4169767
697236
6318145
4533334
6883376
2869834
7764828
3613839
5789952
9987051
2649574
7622110
7538580
4401254
205339
573718
7907652
3650904
7989945
1788667
7485591
7220384
8044357
9417185
827015
507748
8330816
4951209
6018319
6378664
6978437
2671645
203276
251895
4674319
2265681
6008226
4160618
199069
9418094
2022021
5039903
9078413
424802
6233857
7158720
2272679
4584278
8127507
8816201
4853407
5460192
3145987
764538
2159375
1704422
5999596
3672306
6746287
9966979
465354
781082
2258424
7034975
5759347
2544765
6844556
4026994
3219999
6864610
7674731
720206
4081684
9536011
7257151
2113960
2638718
9790252
9264649
9740613
5996412
1309583
4903544
4302779
8063597
2101214
5358142
1392769
7166223
9326759
5872592
5380116
3436521
7923972
2838626
8486677
833493
3061349
2673391
4988149
1570832
748203
2583297
7583356
2259198
5287859
8932127
7987126
6106932
6579811
2824932
3229051
4645100
4445522
6666416
8531563
9924933
9105797
5559722
5672933
5146777
8786703
9690276
5153754
4478695
6862940
3816341
8624704
8608071
6130892
6826844
7907800
5938717
9322612
383259
1761803
5635488
500963
3002821
7096370
7009942
947116
5854712
3846900
1556692
1058654
3941351
6471772
9663056
9438679
925939
3537803
3091569
5547276
6229995
9728473
6047438
9108741
3073869
8540939
8048346
5367449
2308274
4463334
184129
3287784
3882154
387417
7562757
6734454
8982343
2303397
3032513
3339795
9733789
6344606
4834037
7601561
7479139
3337722
5360961
3742040
7877967
6984163
9445462
6220320
6442087
1767199
8575173
6619493
5614442
122776
83797
3734561
4826752
4748333
6696696
95925
9341388
2014722
2702901
9133353
8020283
991332
5183042
5092368
3647826
959865
8077695
2987163
1683234
2809658
1485202
6536411
547618
8966938
4547774
8414774
789192
2914229
1390062
6772215
1182807
7994623
9928759
3955819
5758005
9107461
6185859
1339990
8816992
3449914
8590777
8875947
5472443
2179976
7945463
7920834
7377025
5548029
7524338
4148161
7561118
9392869
4870620
4695740
2762018
5975066
6493632
5771624
9225666
9719184
1551524
1814714
3691144
3625048
4452136
2115575
2840558
2250294
871645
3799016
2614786
701968
209406
6479066
82570
5156383
9274107
2988885
8513466
5569001
7757141
613829
3550877
7182798
1239315
6704687
4605766
2612862
3594586
4590104
9655532
3801734
8091125
2929473
8073588
6551253
401851
218392
4384879
4181258
4777639
2500843
4564870
1737596
9603294
4472212
9874282
9444147
6562372
6049785
1617346
4206282
1751084
8813700
443248
3665364
6877298
6429228
6334116
850573
2847596
3811102
3362892
5739375
138951
6015568
5381399
8804492
9899146
7943242
7666163
2366794
2565185
4131557
3473464
5083819
5822877
5595750
2083365
2917203
6144795
8659705
8567140
7998415
8011931
897224
2895884
8651222
7364181
7015574
9281993
4305251
6488601
8429568
6914407
2768604
1427183
5489500
3965017
4162902
8444541
5307488
5090079
3751898
2746494
4790670
6893397
7204771
334472
1257647
2561538
4733248
4110184
9154871
9941808
7416314
4643733
6237022
8924140
5588526
4479641
3172546
136856
9516449
4254307
6799954
7869819
2894155
8698673
8405304
2656380
3918326
1467161
5160216
3631973
4992021
5418425
3417052
7776668
4106319
5756762
1206051
5861033
9873398
3835234
3505569
9359503
4698007
9302538
828750
3477952
8605880
4140834
6801572
7038721
8166474
7680943
159006
9475021
9003335
7564703
2021819
7157616
4536684
6650078
5300099
2742066
1115323
1474407
406997
521318
2796864
134267
8925403
5245310
5782147
3705858
859899
540841
1403019
9232899
8835500
7167719
2567740
341109
6268963
8199840
1121219
6075748
7026383
4070779
343685
2154246
881826
6550399
63819
2867204
4172219
1089069
6282545
1306620
2114706
2187049
8869438
12470
3995873
6969048
1256234
515916
8059133
6259862
1839444
2523079
5157987
7866369
8242462
6859439
4775405
7408196
6984883
8624222
9966131
8866834
9719790
4731727
721531
3214082
9519498
5976448
4687203
1255818
3246233
6007981
3506149
6390374
2968063
7606930
7788810
9605673
9012181
7600769
8187180
2286846
7927867
5101646
6519187
6298578
158005
5709745
8070400
1750922
6363468
9535226
9371291
4389402
3052768
155181
5324491
6913221
3523652
2402247
2769369
2035435
7626075
2076425
7710819
1675183
1243172
6558959
8014311
1843567
8955398
5634148
8526013
7460970
8927923
7871456
4280645
7555002
2376970
3183052
8954851
4124203
8718535
4064894
1639571
4010185
8603722
6168653
1675658
2357909
9893004
6007127
176996
6661596
1872837
1510182
7389832
726460
3202352
8022347
919780
8184557
6913630
6240849
7317587
5280974
2123055
5225896
8812371
2043543
3423691
9768534
6767754
6348491
1294984
767244
9063822
496009
4502138
4411074
762823
9530778
9505734
3216137
594641
8877864
140193
2264912
3424984
6875035
8663446
7710424
2578183
5515285
2430633
1082036
2834638
4591766
32029
8635992
6486584
652379
6425657
9369377
9494103
3929312
9986348
5453736
8860222
6353727
5622639
4411547
4428924
7772642
3524517
272767
8401846
6781404
4124765
271456
4460105
1153117
3414605
3455152
3977502
1754682
9221920
2755945
2408565
1199642
6306037
1843586
3903723
1814277
488376
2072403
8337508
6067803
4719833
5727443
5862058
4593944
4399510
5869729
7934847
2556237
6254605
7977776
8961466
7887497
6608456
9905005
2195227
5561535
1934725
1529690
4986890
3601561
4403919
6903760
5600007
1045793
6835355
6254360
4606117
4019379
536850
2481885
5533018
8498059
3691738
9734978
5167854
3027878
5844056
6180230
7542805
6908416
9765380
9875535
5542494
7556116
689788
5290995
5175010
366994
5400760
5633592
9996216
4436640
9904194
7555697
184408
9127707
8767423
4705605
3533423
9950455
1112627
5211583
7975786
9047619
8382719
3070247
4334945
8004436
5743642
6688509
48275
5970191
613192
2498007
236716
8745944
912479
6696248
5498176
5694537
4644315
5125454
7753149
9100416
1243779
3702277
332684
3655455
3868805
5904007
1527684
9574841
6062970
7574152
2396169
5241365
771015
1564758
4511076
7548868
233969
7679656
8660606
4808583
7006071
6497017
1380343
7775987
3475647
548426
4385918
4155832
3565347
8541190
6354930
5632332
8146217
6001900
6882910
1291087
163774
8732537
483930
5031958
9161257
6861139
5385853
7199003
9986343
6320848
4854646
4103803
9455198
2223669
8692861
2556465
5866363
3128523
8886359
9374078
8503818
7697230
6065399
847087
8404318
1386845
2221030
1071522
4160156
9097731
6941382
20410
1389774
971145
592463
9277054
1773063
7399894
1809645
7409054
8346758
7785884
5053339
4019020
6006184
9162075
8429002
8699601
2777124
9583663
1134088
1755248
636978
6698717
6448230
729000
1194305
9124636
8245987
7465449
6177618
5759809
5270426
9598536
5455645
5773403
2657409
7538925
2711769
2182056
8894347
6082603
7413804
9940591
9679383
782596
9470267
8078823
9028647
9719906
9676499
677372
634449
6842160
4840777
4485718
5782249
9366479
2016530
6762336
7999878
8863397
5963805
7229986
5273789
5105964
2223232
2772903
9870426
8851119
7369270
6160878
1142939
5553193
4925500
2975966
1525531
5028666
9750049
1329125
3756153
5353152
6988904
4502505
5198728
7839221
9653504
3454312
8298668
9337550
6548795
9841764
6313941
739820
9310314
6012735
5381808
781102
3819642
1187804
5037743
3457974
7391713
4647438
9111300
4717618
1899809
209147
2467395
1253508
3953973
7658600
1031163
8569033
3361131
3020341
4613572
2515828
3495509
5588703
9088311
5687638
1683932
5911781
8033916
4067493
8042197
4128581
9367800
8910942
7365176
7147922
7321960
9451169
5196411
8902866
8036372
5276649
5145123
6700273
3278570
8481475
7959582
7121185
5026836
5998076
100837
5433506
6747193
5472093
8951343
3121228
6279282
6733836
6083517
3995014
357038
1002040
9361718
5735572
6227391
5489487
814738
3222509
8440379
2908020
5746938
1123733
5952702
9398197
4895918
8581311
8824254
2512668
390852
8021505
1466116
1201865
7892279
9014044
9799988
585142
2764281
5570263
1748140
7094290
143617
216800
5237309
9601187
2118392
6444665
8978584
4911107
1818847
3827659
4631579
4135481
8062809
7837309
2415972
996740
5933588
7880704
6653264
9593262
5254566
8552217
9777975
6183245
1479539
1563452
4883115
5236152
5809933
9138786
7967355
1913408
9172276
6818694
6710498
432331
5905184
3558629
8558073
5883262
4164391
616726
1562116
3780783
260751
1210118
6195750
8318631
6274958
1811257
5721551
507581
4977614
9538735
4400753
6624581
3372103
2187967
4503357
3123259
4218891
6797940
7698362
4139778
9394720
1219177
11331
4984910
6450269
3301273
2221592
4331152
8669872
2985520
9986771
5011825
7717853
1661676
2533797
3939570
5587355
4047118
4097919
6827052
4124886
5085665
6712351
2400108
7166002
6705278
6724436
956611
7544578
2356209
7038920
1658255
9188442
3559857
5660946
2392798
8721213
3425066
3765937
197571
5056102
2769242
8004119
7288450
2507327
419565
4883126
318484
9893485
9125000
2588186
235849
4584456
714440
5602053
7203000
6076531
1142881
768331
9240795
6178045
8848372
4663683
8882887
8302978
5848779
2833002
5939273
4784370
731317
3131288
6845792
5688223
7295789
2995003
3450127
3121816
4932682
3620480
2849138
5917442
9026954
1329025
1801522
6387571
3273059
8575279
3639832
5375576
1414915
793316
251131
1360216
448573
3987051
2175901
3539490
9947400
7381881
4708634
3348965
8132137
6642126
3957830
5883080
5656161
2713312
6149593
929492
1414158
9914805
8748233
476572
819607
6279449
4706523
6854865
3612530
9505976
1024648
7227027
9219715
5213445
1924242
1732887
6044730
9380610
603669
2239839
9096710
3317559
6345135
7949218
553533
3219904
2345664
4842793
5778187
9320888
4817369
8745439
4127614
9510464
132316
6539657
3532686
5456310
2188856
9776616
9606781
1112561
5463650
3040149
4121319
9558990
2577468
3293188
9736857
3825929
8073033
4028584
16011
8539132
2512177
1655553
8809629
5417779
2223855
5565648
1466637
5260481
2117031
8404418
7692497
8839843
3497030
7342096
5223137
5364135
6882372
9800192
1423324
9743505
1685448
9479394
797683
9837250
3169794
4908013
2676893
4870295
5896962
4688777
6217926
6138714
4281532
1312043
8634123
5756982
3538223
7091977
4601485
7672395
6287664
6312167
1948225
389879
7984980
6702604
9669660
4783140
1834255
9931031
7780798
533583
6075830
4321999
7289581
9276448
5524820
5816805
7148601
7441425
7913469
8563791
8927165
985819
7623119
1843027
6821085
1388780
1542327
8396957
8763371
4423370
1918495
9494069
3562965
9599778
3549379
7712792
5303483
2197899
4289407
7272146
1281509
8649385
2265442
3625184
1088910
9180863
8628318
7856463
5430148
1465520
6082346
5675344
5399995
4074193
2004970
5259427
2772659
935436
6412053
7737234
7875768
1314017
113942
5762142
3188672
8171404
4968830
3739
1200249
7732965
2726804
3519465
1553738
595875
8802808
7854939
3894797
5610504
5229292
5269637
6001938
1473352
2407147
9138824
9630047
7036248
7964088
9653283
6744804
3212781
2351421
9357065
6107892
6455749
3223378
186755
7145000
5563551
4251220
1033805
3036504
2527963
7853188
3035568
9235829
6177721
4217800
1387822
7554072
4165519
4535850
1754771
8399799
5294285
6855573
1638459
145375
451661
7174093
2549010
8878430
4755501
7642838
9660795
9062200
6230212
1262740
2033026
474511
9448038
3383117
8046339
2592412
9559566
5184621
2986485
5522844
5054897
2716428
3076323
9516858
4869587
2158683
7834379
4801249
8504724
5100599
3556716
80085
7137668
3554225
6037618
459020
9364706
2217716
9319425
7507496
5446596
2877417
3783582
4580890
5810338
6760518
717880
8998277
9423477
9776920
9749815
44637
5299873
6899670
6991582
2238353
7047826
4599567
7202609
4885509
9627551
1749470
8964541
9768650
2453115
9815315
498533
805946
6952930
9687803
7877688
9158130
8179073
4402691
7352160
694997
7394779
3939537
8779408
419702
7927702
1519063
9374043
8866720
6852645
6437237
1141016
2686896
1698244
8629814
5043751
834943
1993082
4920865
992955
8855840
2768818
1014202
846192
8391718
7175364
2081294
1036223
8163106
6996442
6564692
5730181
8338035
5945080
6065941
1248971
7353796
6352329
7560831
3271303
4159262
2979406
6283084
843187
6730440
368269
4317588
9543463
4809936
2121793
6736689
3687083
673983
2241312
4741199
9518204
970033
7137834
3832088
7508837
7637975
6225675
2566114
9676421
7600382
9638857
9320703
5035069
9603449
2653397
8617122
9343930
8137994
4530263
9692974
21452
4210306
9451298
5257129
408953
3259562
9623792
5582258
2333606
6271993
4227601
811077
7540677
3865775
7496359
3300724
5374435
262953
2228815
1240853
8812639
2743231
3895731
4092845
4328888
8789405
2517817
4207445
7009977
1261430
3825910
7075055
9037164
5382707
2973783
2049816
5858852
7915159
9615974
9487287
7533866
1163369
4422029
7058322
1615662
537751
7425370
7331001
1886333
8684286
1231963
1910494
942730
2197107
8314936
1666456
9061208
6426255
7112956
58522
9894208
5427861
3568872
3429382
519727
6334894
43485
5675212
3727904
8733239
38809
2119378
7708732
2169602
7131221
6633693
2912537
8128039
5791860
9736866
9074269
2537162
1645901
730341
4625737
6836752
9601529
6778988
6381997
1224663
3570403
1063196
2654601
2116376
4947105
9086397
8353119
407573
2514627
6715642
5535725
7321608
9184083
503228
533754
2964975
1292516
1059075
6119644
5127871
7355685
8716028
6422481
5932436
3421961
5526504
1329727
2853981
3499656
2365058
387602
7266710
7259361
5715840
913790
8193301
5435005
33127
6344024
7163786
1562880
1386575
1083014
3964249
2948289
5953431
6352372
2634554
9942148
7345465
3138415
5409683
8534256
4570916
6679723
4631062
5108958
4650780
5690482
6902105
9481622
6331881
8999274
9589439
2767442
2712343
1156098
9023536
8444273
1554736
4174479
8330875
3421216
1166366
7793241
2926728
172326
826717
2168227
8177031
5248711
8039837
6508070
4421435
8104457
2030086
9842315
9794837
476151
5924123
3973819
6113278
7866035
3511231
2886916
7720940
3681141
9245826
114759
854792
5794881
1667057
518078
2898291
9851731
2473466
429906
8137897
4938529
5085802
3634395
4678592
9926561
1911484
9757886
5289233
1200545
3804743
9614540
3284130
2879552
8168950
1275721
2049105
992261
5011517
5267994
3490580
9283745
4838516
4235983
6306849
5973932
5873540
7493590
6284543
1145793
2364138
8194251
1884718
6365554
1950321
3715060
3878629
7543238
2624896
8571273
1476901
5455070
8216762
1241652
9856078
7640887
270210
2431183
4477285
7721180
9680487
1922504
1907045
8756571
3744763
8945601
1449507
1507941
1564264
4242751
603070
4699519
9675551
7334780
2951265
2366103
951547
7262536
8736728
3848394
534313
9637430
9010917
7790927
430361
1838776
8705555
6855691
4841295
8562753
7471818
9616446
3688483
1009002
7670021
608081
7149322
3442209
3721821
9618152
2834782
4022282
7703251
9099278
146277
2816039
7028008
3426170
349733
8627567
5917089
5548278
1231689
9213137
7383685
7950746
2560826
3176845
419022
3235318
6574705
1023529
1961586
1279891
4031128
7461347
8800288
5087074
5427122
1353589
6487633
9097819
4610342
6048948
8301409
6147559
3890609
9778893
3866645
4839680
9985237
5289045
9952629
6017217
9560019
5793353
336980
7687749
5908788
9233608
283579
587235
2980509
2572103
333555
4752760
7423448
9310125
3099207
3850315
6225905
9016702
9364985
1321263
2024220
4721158
1532846
6673926
2234579
1915531
3488173
7536803
3043100
8826794
9562980
1881041
5180053
8319486
9352455
3793532
176726
1924083
7635872
4690607
2077285
462170
5842887
1767603
3394068
870698
273609
4591887
8460710
2766781
4866538
1397196
2044374
8346924
376224
5973273
3027644
9399118
4185223
4753903
3297349
558567
4284757
6807112
4433121
1515919
342887
6903336
8542678
5515147
1813938
3097638
7075415
2506746
102796
7811989
8292858
1688871
2858363
6127950
7580268
9743903
1018946
9017655
7284352
1519381
8933440
5356888
4945780
9607189
9530769
7657268
8034431
3137320
1834631
2714339
3546635
6696925
2993581
5809354
5660848
5434036
3683770
4382581
6573287
6439676
977055
2844124
3208088
3744625
645422
8133978
301007
982093
5815127
444033
2916592
899916
2017800
3888419
2902720
5987145
256930
5828858
9313210
7330123
3455980
8024482
8499931
7808263
9689156
6945185
1356498
5783915
5044961
3687553
7144533
1455898
9395042
3708750
5241470
7774546
6334476
8120703
798493
2641494
1485663
3333292
4247914
7791840
941071
5748499
4500553
2050119
1634058
6718725
5576161
1148338
1728576
5156166
9241460
4764255
414842
669575
9107195
2729716
7090445
4843479
2483215
2101101
4615189
8668723
3474652
625208
7919653
2839632
1994647
6326368
1303101
2361062
8676178
9585745
4024348
2631608
3765224
4331243
4082245
8013592
3711108
7188895
9150023
1383746
9462954
4212605
9924049
160382
7088728
9521982
4530257
3124219
694955
430102
4496070
5484720
1851999
681544
3811792
4008576
4278447
1159646
1239757
655161
6714822
2022447
6073114
308014
2695061
3414685
717154
2245750
354699
2704982
6956697
67991
4006002
3134117
6162882
2233724
4356229
3412184
7799106
4485446
8971147
8688318
7563585
7109058
1003236
8716836
1699742
3055179
8164762
6053915
1240822
740350
6856696
2961449
3181798
1961430
2395176
6927688
5445467
834273
1614698
8545103
6876463
6541312
4002092
7823454
6218461
3696252
6011966
5862566
3467775
9731781
1098567
7676022
8402897
9065047
743244
3998579
5536
5212487
4120463
4489513
3783630
7111
7595488
5068876
251951
5552139
4625942
1916019
8972799
7887693
3912308
5283451
1851704
2523227
4040458
8894196
1017672
1279341
9080394
9704324
8127102
7936314
7821913
3655374
6448277
2675167
4837384
3923436
4223567
831368
5513016
6339559
1579559
6813101
4816323
7424099
661666
1083542
1823827
3785311
2483958
4519863
5437083
5504509
3562019
4168441
2972732
8805518
7143130
7256362
9330828
9762073
4772374
7075979
1034748
3982584
5869907
4667710
8125635
3690625
3682604
93254
7445047
2466274
7446564
2581980
1028674
6999401
8818216
9875753
2128702
5105368
5611601
9037581
1371240
2806678
4873090
3277246
712239
6780427
2806870
8036662
7565701
6214267
9944063
487489
4238272
8187457
4766160
8690963
8008425
2512841
297835
8011625
2822493
1086004
6061574
6765396
1204854
3704507
1212172
34648
3746396
5645379
2529714
6814162
404916
1394549
2517067
6363397
1814683
374590
7076424
8782326
1638758
2453478
7555556
4824928
5731661
2943935
9780585
9650273
4326314
9606702
394613
2793591
2881314
8329320
3144437
2738512
5335014
1261201
937761
6849661
3773045
3807669
3215728
9906481
5924470
3610437
1743944
3440700
5911328
5317799
6137969
5154722
8908950
9607486
9624994
9120776
3097030
5968983
1744542
969681
3879627
9277452
8257158
9562018
2853796
795075
5736127
6905670
1979523
7918465
1716676
4123352
6181820
8559055
763414
1707353
695299
9689931
9633308
1230037
3491984
8934468
9644793
5150265
3658802
2507195
4801166
3573618
1229746
162099
9424571
6119767
800098
7708969
9962917
3761733
18529
9361582
5561244
2614519
6824303
9283767
3300508
8476460
2111517
6545507
9205295
4495780
338188
2966409
9066132
881135
3707644
8359636
9392369
6056937
8284896
1813792
8536430
4783143
5558481
5367345
8389588
7361303
6878980
1571233
4492650
927056
1628540
7183409
2737510
5225307
5093484
2130509
1997399
9378985
2672979
7179928
6602717
6172281
6534395
2445893
620882
5427162
5703713
1310051
939806
2102287
6036366
5679476
5792205
8047381
1050987
857792
9820851
4493241
4060245
4727469
382396
1545010
6416463
836125
2463295
231948
5001156
315754
3254808
64649
3344262
3518177
4193969
8480277
5107604
3055806
2039255
2306415
5048533
1336808
4376459
8242403
9814133
4573496
7456809
1442717
310681
5007235
3363785
1635803
9452285
1435458
7898473
1350570
9557351
9318441
6612917
9032438
1186146
3425050
2808873
6389411
56051
8427479
2624945
5390605
1564084
3735058
468110
915274
2174238
4780018
6641566
1629096
7069067
8333466
9353512
9656238
2062512
4001749
3830164
5241006
996085
5066721
2671533
8184640
3815871
9227833
6686390
6746714
5787708
8256992
7523580
7126272
9440694
6416371
8275361
2305087
1031632
3456357
2668987
8120711
3713511
9961475
9384317
117155
4723865
3756269
1448695
3162824
8436388
4602159
1107700
9139862
4007676
3376423
3906439
2365016
4448379
9590981
4532440
559960
5857988
4964369
6788279
3755460
9822964
552869
493635
2426091
7598075
587135
1852
5124908
1502847
9144180
2296699
2225259
9977574
6633242
7098622
6088427
4883561
5389932
721058
2006215
5915681
6917725
3841872
5963689
2363561
3935031
9910179
4667381
7020032
6378364
511636
7012941
9989984
2007882
191737
7140305
6102777
2658693
5782613
8264790
6277571
2469797
4891588
5193150
3416589
3805083
6558038
2939777
9345171
5927444
1287452
8602236
2832748
7792827
1953482
1193014
80616
4700857
2978216
9003981
6583104
4565423
8168919
754704
5250957
963788
6529130
5113267
1842861
4913430
8617875
9276944
8963638
5280080
4512617
3049212
2233873
9581701
8904806
8114881
9401067
3941441
7096627
8129090
1206915
2899850
8638825
9613547
2516258
5619974
5201026
4622789
4840984
5310949
1351350
281458
9637415
7406990
3310297
5585178
5761072
7931877
2225221
2943874
5627986
7204905
1288653
1025614
6726214
5190481
5017108
2357845
7461495
7404789
9650549
8013899
7509528
6666635
3236323
3460274
2301133
9537573
3509688
6821500
1349339
6009023
1019045
340207
4714013
1715282
5869816
3479615
3014331
9793435
6360833
4907435
6099325
3016599
8521520
8137055
8480025
3184716
5702092
7943368
1139707
7081565
3148577
2260166
5630088
5738942
3749294
5303217
2902661
6088398
4942591
7712332
504051
6331582
2470933
5272792
5495942
9645275
7671101
7803027
863293
4656055
8698437
5326627
4993241
956673
1639677
6396064
3224855
2903311
681287
7248756
7755557
7050070
8304799
6664888
9045876
990410
6691826
836273
7809640
7998315
2867985
25185
818804
9920478
4025514
7389021
5930236
5558782
8250027
8623891
9164217
9200310
4381214
9998618
5217240
3326926
4942065
4720451
2572577
138996
6908134
3328603
878303
6246466
3833940
6654763
430469
5214884
7670469
8132149
6019407
5542950
663997
6377727
2049212
3463787
6998576
1011601
1082956
4151149
4999877
1878131
3613821
9096430
1255910
1192980
9313593
7849763
4725531
7131781
9913574
97360
4000401
2735278
9619841
5777920
7355025
4359784
8532083
844839
8037200
9812158
3214551
2241533
9343321
4025063
7233592
2479963
4322827
5288337
7980393
1925403
494292
1771088
9855044
3804041
406472
7551711
879223
4767440
4491575
2859529
5930005
5076239
7743120
6255347
4116909
9186797
5365906
3657880
3201083
6153297
3934150
8240090
2159149
427646
2125208
2635020
3964155
2319578
1454521
7134108
3311117
1274682
2479245
3889231
5525979
6657449
9525850
6481207
9261143
4688694
1076261
7408034
4120430
2305090
735243
4559464
1620962
3561167
6111698
350319
4603042
6830589
161870
7136720
206166
7332017
2839714
1806401
9545170
235865
5731636
3611158
183948
1401955
7677873
8156796
2169340
8785518
4330092
923291
1822932
1669365
2913603
3864039
6006928
3091186
9046822
8523664
6825085
2290592
4150519
3249760
7867215
8451506
2914688
6864878
4554856
5476294
5133657
7937499
865583
700830
4551752
6365893
4238513
535274
413912
3683202
7558862
4061252
8242738
2107977
9087266
4924070
6356975
6470564
1404212
8464717
4746896
4447329
1797872
8042643
6868768
2455699
1073851
7654684
1609979
6452300
8519652
5932148
2322761
4132272
8075448
6314696
5814461
6801842
2050166
1131498
1966330
1280770
7038439
2339502
6721936
1041024
3614725
8846072
2333774
7860984
2087780
1202674
3801620
7672707
5546596
103403
6111545
7851726
5673662
6037752
3735184
2307822
6594067
7464721
2849255
1352576
8033400
6829288
8374307
5158463
1110767
5653231
6400585
6087405
5399797
7551623
3551605
9071485
5951560
3404853
2143718
2781474
9771839
334254
6301231
3795833
4897861
5452086
3577397
7055881
4204243
2584153
5575115
1056115
3097789
5467342
5296690
9525516
5360409
9430869
4560710
9371741
5210708
9660655
2968004
4785902
4987531
9481433
5809176
8049717
1604632
4263279
1191871
9713974
797730
159094
9051743
279773
9751197
550684
7716643
5266043
2328483
1383866
5075253
8381347
9805949
8996128
1539188
5576407
5834761
8871751
2770000
3802359
4112268
2405113
8836318
2691397
8092614
1423813
8581441
7409667
2459507
8411415
9509897
4612425
1667738
1764023
7167270
5025435
5709622
3548944
5099578
9113957
6792882
2205487
8137623
6528822
5311758
9914508
6205281
8101450
9178955
3360308
2041620
8313757
4499351
6950648
6977736
5777884
6613722
1206214
7923358
9055880
4224732
7757706
9431139
7864015
2419997
7152809
8443258
4285070
9745720
9181419
4636509
2374515
6278352
5596065
4729220
2064599
5267905
9682280
1857835
6040508
4548021
7668649
875870
7335672
1678859
3294173
3710815
9401495
6925535
4767252
9356685
267665
4213476
5997156
4155334
907811
8519134
2459450
165139
8400964
8080161
496429
3735875
4598676
5621977
3285312
6891358
5247771
8367827
4404702
3668608
8540302
7000944
9443783
5474290
2340201
7723974
727277
9723741
794849
8601242
6594674
3306043
5253938
7861169
2485353
9405306
1113270
97005
3145968
2688841
2138758
4111109
4828092
1762456
6547088
9376662
5879418
2753060
5413906
1212896
3017813
9272030
4544617
9711559
8301058
6984678
4022549
9874205
3394273
1466731
8265040
9932888
151678
1005677
84070
1864466
2926156
9670945
1755185
1411591
2478115
1965531
2344716
2719812
6687593
7717061
4135760
6761642
8857425
558686
1387336
9800090
8075178
8035589
9809758
9414500
5841934
8676850
128527
8307283
8685982
5853702
8979213
9975451
5230120
7624882
3381533
9726845
8008423
3777184
2556953
2775691
5909412
1218758
3720721
2495819
4003961
3855225
6840521
289262
1618192
8156542
4905201
9434790
6982742
2845523
9716243
7224677
6455599
7785514
2107879
8937760
2177906
984213
2743928
7244042
4849507
5356773
4779018
9970815
8200635
1897807
3225027
9803794
1620802
525237
5873434
7828940
8016958
8034371
8040873
4735020
7911377
5169587
1471728
1030018
5919674
1443105
6221992
5699632
8705529
9824051
724374
5153254
8596800
1665471
3257836
4219873
7726316
8250352
8920249
9778261
6985836
8723853
854083
3063821
5786719
9049889
7485760
129608
6611903
3215217
1191360
4740069
9228335
1792471
1009244
8537064
8706444
6763410
6464819
13905
7841418
6583955
9824796
5830568
707002
3450484
6410193
6754181
3870568
6890612
9241033
1056380
4224649
309033
9758023
9016493
550154
28543
3315876
9088445
2978950
2970113
6285561
8865125
7397127
3738251
7527272
9513596
7801511
3822926
2499062
8719626
430199
5374825
5256731
2017095
8365677
5820921
1359926
2715633
6924687
6232733
8267650
188730
9518464
3017870
3083471
8360817
7134053
8781766
1885495
2287543
725707
3952022
2829595
9429342
4808392
5425726
2115292
7947925
4670681
5136956
4062443
1738099
3096390
9910333
187448
2265006
9292491
3529756
6957851
414418
1299770
4127835
5878630
7401757
2638028
5002677
7162185
3839974
3170757
9727787
9620380
2792881
948343
6881617
311158
4926469
6813223
1223267
5825647
9844136
8565504
4175966
5499112
2791259
7286883
658028
2451769
6314823
5158881
2692206
2713505
9115374
7613243
77317
7216013
6830057
8781324
9490505
5565105
4384448
9249916
1445842
1818042
2142413
6702406
5459567
5778490
4959843
9641898
7441103
2233152
5624931
2323390
7083763
9885275
3729963
9045738
6216848
7879047
6155712
3297981
6551600
5898006
5571789
3048642
7678080
7006854
886017
3519829
8686005
2094333
4675458
8618786
4041690
1707808
1268805
9616469
3256109
5876865
9908156
4476873
2230904
2667367
7351775
6059184
3743221
112392
7331402
4679633
1173374
6727479
3251087
2486622
8137477
8015839
8544652
184281
3725556
1109322
3474499
4653862
2113185
7837741
5799129
2658486
7816291
8830536
9187118
1784980
2381297
463061
5168947
9281038
4308257
2112994
1164358
9483201
5796457
3525900
794192
7770
2345108
3191092
7419647
2841734
1610614
7598300
8251645
2007564
8110733
9627720
9834117
3303527
1943496
1256378
6199747
7609070
5048283
9921087
6032489
7392787
5357444
622136
2551367
389360
4706034
6929531
5538464
711675
6271784
3568379
8138690
4256802
2338389
4615869
9418839
186748
7027351
5720472
602744
8879094
6724778
6016453
660310
5497710
5208656
7899385
1717729
3255333
1064550
1948035
879861
9031900
6841810
9572170
5654702
4323936
6786211
4037754
3384692
770683
6389547
3693625
2674869
9633313
8050448
3081122
9354724
1796407
147256
3426960
5734649
8870138
2460055
6323695
9914110
3525774
6906427
7365748
6824899
5759147
3056793
9711124
7116584
961445
287205
651155
273749
4559512
3246633
9599370
7911732
520800
9393005
351156
7036671
8893013
3315253
3714761
1712245
2924658
5381832
2613210
941003
4269749
4226289
798836
5405667
7627956
9811498
3345579
3467266
7713771
9450529
1649861
4641756
6609077
5718630
2570567
3220043
7257308
2844897
6332112
22783
3243923
8955318
4494679
9179860
5580952
5012653
2385575
8489985
5133097
8588950
4900464
2941928
6858361
3393834
6464305
8999257
3650703
5572392
3451727
9266962
4264187
8565481
803752
2180286
3838318
6567479
6985688
9363789
546912
4652468
2089567
4636660
7696973
589762
4427776
6990131
5671129
4148301
4132908
2632662
4265834
6524583
7535592
7382184
6669744
4942858
1511650
296468
7285558
1794093
2690062
9401951
4725779
5924870
3196186
4049033
9955703
5774178
9834233
2330858
1846928
5579982
8636982
1706283
6867244
3910040
1794163
9715153
5510639
335624
6262823
7858291
2475503
6914872
7667046
9451012
4665097
540603
3251554
9794526
1912671
7537040
1513632
5100057
1515533
6104488
8703750
7002114
942859
4171055
6091338
340029
429878
7057496
7527987
7862265
7153674
8005513
9283202
4824539
4495906
5245939
6353751
9494721
3023550
7327630
8898267
6863504
8135040
9852713
880236
2475617
4742844
1652995
5403098
308878
4289990
3670754
8828366
3193518
2613295
540183
8231158
9994996
5561890
8783517
1991771
4852552
1222418
1219200
3929978
4989868
4881929
4424780
9353544
9515417
8407061
5175974
783714
4791781
3654175
4125925
2820642
8678286
5692121
8521832
8619636
6084005
426749
1342445
7698294
4431110
9619332
2525325
2365548
6452275
6738148
5423897
4980251
9912491
1354412
319796
510064
791958
5860802
2113514
5484137
7697027
7692751
7254752
6549698
8686824
7897812
1874973
1014903
7252852
3943218
4719033
915045
1861560
3202702
9354153
24813
8386162
4058658
9343207
9727748
5486686
5776871
2236580
5346718
2931175
9610893
6817609
7245784
2629724
944595
4698403
8401370
1766925
8731258
8172878
2049359
5119520
6795323
8602386
6368317
9130083
3061388
4895284
1536106
4801254
3959768
8391677
490489
4312467
6538808
3010226
259729
969362
6811483
9871698
2068548
8990404
4185140
8735398
9592787
1349760
6490113
1803210
9524461
8990351
9348061
6480320
8846073
4868148
3622386
2707058
7360760
6533168
257282
925988
4225095
8014085
3757535
2789731
8411001
9761729
2731982
9453253
1173350
5173341
2594078
7076970
7212893
2284827
1204462
6979911
8601403
9100978
9333452
946833
1503045
1931002
2157474
573247
1074914
6408302
9591625
1961743
7734114
5984356
3518453
320775
1052145
4607949
2429919
3096984
7312753
9606559
98597
4117485
2877310
9672756
5051574
6598298
7955833
2955498
31920
2389636
9933963
8560546
7036795
562861
2580594
1407975
6338456
6305059
7045637
6042997
1410315
9476896
5413918
2018917
4769225
8238757
643191
2545320
5976858
1372983
5637407
6222313
1299771
5300880
3078265
2224896
8363905
6449096
9099387
2119959
332510
5150898
5327128
7701198
8404560
8518139
1726804
329518
1459007
150431
3389316
7203276
9422774
8713122
8668732
1445651
2212870
2096973
9450656
8135371
6913411
3447891
9282576
7566979
3952399
8960743
9546091
7423252
2347616
3021069
49321
7502090
8938966
7691414
6896644
5865132
404598
1221308
2768519
5369596
5811967
1280215
7779393
9773186
5422012
6767767
4185666
6682638
9677164
770669
984293
6742306
7692765
554051
6208112
8399262
3825666
9096679
3475187
2475863
4457505
1059878
2810450
9898892
6811143
5996240
121450
2695167
3015963
7632644
7173982
7220186
5746065
880589
1950082
8541948
9562723
9059221
6025903
7106588
5890444
2423550
4896952
9023751
427987
5407668
9019169
5247720
3086770
5304696
7618497
2668953
4759204
761473
6968070
7745306
7820028
1433211
884665
7665351
5177915
1645529
9180006
2244077
9377675
4397023
6373685
2349268
9561157
8110465
9815807
3864655
9345694
3024342
6819212
5280274
2260448
7788723
9709884
900855
7868414
2549409
1774368
3756932
70131
2153250
7952108
3549668
667722
9530241
9534695
7998046
2975893
5196074
3511409
6083653
5061156
6208780
7724045
4505552
488182
8675593
1251230
7301454
655395
1330345
7386638
8327878
333442
268591
7600534
7086937
2488682
5208628
9872048
4750747
9644646
6347973
1490623
5597686
2782798
3795821
9194385
1877448
6422288
3298490
828222
6852959
1110299
4523931
6666875
4685025
3152588
7419906
1687488
8394669
6289765
2584332
1573261
8577249
2598227
3545597
5646292
5825025
945666
8006338
6212979
1159594
5941892
9079877
5498338
1207341
7206191
1414384
3161287
8452628
2035139
3197636
7951099
1621070
6532561
3391934
2555829
2601639
1364641
5097525
7945685
1105556
5686590
7132765
8764140
7284582
5668429
1218124
6050735
3169604
1231622
6652860
7706156
2216736
4282772
8342668
6118927
4779922
4959254
8918171
5125814
1895908
3210825
4443220
5264976
7942473
8277704
5493948
7566322
1412619
1258761
9792425
8029900
2691678
1927607
5571257
8868520
5061235
9034113
3489272
2870819
8129781
8333280
3168878
9917513
5071022
5158070
3817463
5374775
5162437
2657527
7683229
9663170
9929976
8419619
8073184
7112874
8275633
7559275
3037050
9388070
5847650
2160694
8574727
410592
869610
1441158
4996340
4744242
8002624
1406420
544911
1773182
7838975
216814
511781
3595887
8011497
8153629
8190041
7313145
6814216
5527264
6346684
236580
9928906
641219
3620722
9428531
7714667
8114568
2038559
3945244
6185040
2745012
7087156
5618943
8356068
3235044
3672258
1110937
6608127
8327277
1593763
4929948
5762375
6899612
6557741
4206881
6443430
6660985
1404136
9977454
2708640
4559242
3816756
9892727
6527012
9715660
2534209
1341648
3068529
4099187
5752975
3412005
7649562
7158347
8724896
4368638
1145865
9217752
5416084
4204073
4424794
5915037
8674955
5562068
5082
2479563
1199524
6435664
3620243
3621614
8098221
5796922
5833896
5421093
7165266
4124766
5995145
2127965
133630
4892348
7966471
6241122
2247241
9429085
2333383
7626577
7449539
6392866
778060
102297
1542188
6402126
7225791
2733911
9425232
4170663
6912547
5795230
4742631
8887999
4625085
1995652
7232552
9430049
1593865
2293241
5813357
2256592
1824687
4634367
9910042
7944960
2588817
9065516
6318719
2477882
7508534
1941117
8555330
8830509
298321
6517131
9436374
688220
3093054
641925
6642703
5699483
2055356
1901430
6429270
4863785
4439368
7592617
6279048
4703292
5609975
5582825
3974600
4263745
7263358
4937439
7312603
9944418
2102953
6083098
4636365
2675536
8385349
3326354
1445525
8051174
726893
3948498
4894210
7767567
4340580
9369920
4468907
6844709
9934967
7674373
3683312
6412472
6486078
7519044
3752661
8287426
6174428
9219153
9650845
4208382
4397437
5107334
1990669
2526648
7659743
8001968
8409892
1259016
1756228
9083012
1388540
1801764
8621411
955607
7128755
3279865
8402152
9807454
5383532
5882944
9019387
5648023
361833
5323322
6855654
2248302
5280673
5503195
5629017
8684322
5300261
4235683
2630117
9043287
3126061
5058794
9101088
4513257
5361177
5669681
4095373
7913893
7724466
2332824
4007186
7658559
3273864
8231487
7090920
5553502
1616444
3539107
9769102
3928776
3972956
7657060
387177
8021817
2290039
6622290
3505933
2892274
4099050
9567480
9424349
3949565
4729575
5373227
7248372
1916942
9797337
6771797
9469155
4691606
2672068
6361490
9827102
9822271
5505742
6875498
9712750
7771764
3387454
2982319
3811711
9038204
5247344
9016441
4374021
193254
114921
787457
900640
508225
1791644
168386
6173550
3647710
93612
5300876
9747413
4504262
7319076
1526210
7050425
4953969
1795839
3463827
114116
5008716
6011318
3610300
4538462
6191585
7302950
5662418
6045306
8110296
9219060
2229686
7377331
6675824
7261640
350660
9924047
8903118
8325429
8626661
3948101
323748
3799923
9902749
4425818
66875
4087682
5105611
9563490
4803633
1289807
7362361
6699333
8362295
5716018
2471228
7991260
4494211
7299036
5323701
508318
5051898
950901
7283481
4095881
5905417
9576577
2854570
1291595
3466973
335125
6647012
4310797
2685886
1937142
445503
1233318
1830540
219718
1626322
8875985
872313
6665392
5062410
5177375
6305496
9960928
4888719
1470642
6104609
7132432
1132903
1838951
4915872
4226193
9317575
1311998
6585319
569283
1807648
9962536
3889551
6957912
971559
6867877
4280409
7262355
8221735
4964590
7449562
5832319
2107196
8005011
1797235
4541046
9011072
8351999
7710302
4474036
6725665
7255926
1115201
2618736
1093836
2244656
7743561
2510997
6925836
6157822
5556464
9701579
6216160
4891129
1766386
7564899
2257459
8781712
7099020
6645574
5718428
2439176
581693
9836105
320812
5142718
430833
4943066
3588273
1682286
7764395
7423805
2924870
5472163
8430630
1163946
9158842
828343
8949978
4745290
4870306
3222930
3330395
1675095
6164658
6443487
3120776
1463080
1941851
9257838
3229580
4218688
5629755
1839414
6643821
7216408
6663606
7767763
2679394
2758676
3075158
3342044
3991143
3736182
9564270
9352770
863288
4572020
6322051
4527036
5242182
2863036
8066943
8742155
6421321
8948413
1911047
4393868
3015760
4562165
7089552
2624896
6400516
7029639
4033173
8909384
96509
244076
1152988
8387592
7751328
4207217
8621868
7407289
6979729
3766979
9208046
1546738
7575854
8616330
4734828
8830363
5796446
2872937
2980955
955801
7261941
5062757
4273028
3756309
1716261
3069927
858999
6979530
8378372
1981345
6705939
7891768
8864714
9943016
3841705
3766725
1675445
4490368
8422079
8398421
778376
447015
2693729
686417
5507220
2525675
2188838
971671
2560318
8726914
334649
3281339
185981
9921610
9378663
9583107
7637996
2017042
9582291
7597288
8458358
2158822
1936596
9433996
3432892
9443462
2123256
1325333
8116240
8300943
3285830
8861008
6358311
7895224
4227054
7188278
6131753
4087742
4689330
3263094
3064642
7960943
5234311
6423727
8634535
2004251
2097302
424048
9204888
3026339
7943574
5484256
8404571
6321700
9647765
1422830
762202
2420626
5206846
8429859
995817
5318180
8054164
4926135
9838355
2692678
3300228
711968
6986933
1786087
7454561
2425992
7769065
7961984
5111716
9721508
5918632
8827663
4095386
2142064
2255996
9769168
4905826
1227617
1321460
6090762
6030204
1842230
7103749
7628933
9905744
1767628
7282957
4474116
8338688
661269
5908742
840374
7344959
5863189
9173294
2572361
1133636
8177669
6922725
6993144
8686473
9350204
8551417
6947647
8311435
7381255
7182611
2583678
40517
7694325
36597
8752346
9672609
7756369
697356
7456717
3564810
1895718
7022334
6155480
823458
9233130
4698559
9799613
6936334
8509699
9866202
9833517
9677732
6234487
8220685
7112147
4827826
4164421
6218013
3039343
7311252
2471488
3780314
7538716
7843244
4341752
2340857
4525090
980273
6455501
6401423
6020274
6651374
418476
3859072
8580243
9382264
2622688
7047020
4863180
7408011
1358021
4508351
1960348
9185801
1826384
2618923
3626940
7470593
7935003
5519471
3053205
6690412
7071172
9765897
3329998
1938715
2668146
2010850
893853
7185160
7190768
5191118
1577238
9165379
837432
8717695
9463951
2813576
8769242
1672576
1783808
9151404
6427669
5092827
1776461
6007666
2572472
4896039
3878582
3894400
5055189
9604713
6829235
8776025
5059195
9440193
2552176
3586978
3253721
7434909
1530458
2387408
8882998
778361
6384853
8542775
8365036
3218218
4204643
3053638
7162627
5214976
6631735
1160666
7095877
4919502
8635483
6570491
1077092
5462679
3788762
4831903
8945350
9474585
1738855
6276037
6892947
5909911
7151256
3015162
6277621
861420
2840667
4223976
8388115
1921906
4515744
8053433
9986398
1596255
3744957
1738074
1519977
5755630
6468174
211452
4003071
1424068
8984291
2053744
4944794
6840074
2776532
6717105
3046650
9237706
1334897
5941591
689936
5402583
8521860
1880302
4184380
7454189
8286640
7792739
1421574
6325612
9137972
7617490
2202709
5740890
4109446
5253724
6580986
6993020
9192851
5554542
7939487
7814027
1525541
7367493
3982360
6866342
5081787
2685569
3746374
1265946
3204551
7912732
4947914
8263400
7535323
9256135
7119355
7470274
3802687
2547246
9976935
6639624
6058110
4735886
7495907
3665414
7376306
7473474
6087512
187839
4207552
3847500
5650572
2320573
4231180
3680526
2792456
6112375
2411343
2451073
3529752
1047490
8825551
2071752
1747172
5927658
186319
4787481
4856821
5692737
6084876
5953422
1167404
2038658
3024159
1572774
7469958
8618418
2418294
28066
1971941
3209008
9412157
8706765
8689743
2533550
5642310
2377766
3834728
6094092
9144078
3987727
4825884
1730315
1451754
6214741
9339322
9935767
7929230
390906
2534049
8380025
8743331
3595909
6478957
3416524
9654095
4069934
5595335
4567494
4141965
2410417
2199465
6720768
1274195
3542711
4356684
5820573
2862739
9334047
8356552
7154862
9065097
3286265
4269760
9782174
8941577
8305404
9071292
1415320
6585632
6370839
5394809
9630272
7828131
3810289
8270059
3945888
3886845
5361101
9226431
1284052
565188
6651313
7007893
5694673
262531
7247684
6601572
8694307
7683792
3817876
5174976
6942114
6064351
1940860
899429
4237504
1596368
5370217
458418
7402501
9430086
4459360
1017256
9794887
3355046
5505471
6462692
1895032
8629610
9229767
899271
2948795
7247843
6151981
2284222
1036226
662255
5333887
1158004
3165067
968576
9380941
444929
7292981
7503613
794814
6183582
748464
4594076
8378609
7120842
6071290
8559176
3060056
8157336
9005523
4743137
4260931
4119854
8342075
986458
8636724
3628860
3082007
3486904
7491700
4182007
3757079
2208925
2251758
6838424
1781356
1204260
9638589
7207250
1661726
5134722
7056566
7887796
9048771
3251645
6904102
7328815
7253612
6175574
1879852
3021732
513718
7102196
93452
3835405
4676895
9092603
818450
2273597
9130798
8888450
3225030
59307
5400181
4615317
7903206
6619966
5056266
964010
6791570
5935891
6387606
4275525
5717924
9270615
484740
2728188
8277935
7815413
946617
2697308
8531667
1199308
5185239
4529450
3775739
7593619
8291049
7612628
1516561
118463
7664038
3587915
626206
6531963
5653823
3013828
2296129
2108342
2431753
7930704
681193
5327556
4553253
910519
9676005
5095942
652050
213470
8660188
4305035
6053072
3730549
8353676
4808246
1746826
3303180
5706752
4908135
8268940
8880069
1278151
9626495
5776826
4333706
1458704
6287026
7569941
6724430
6085058
6090015
4568240
7084702
9749608
4931756
8461910
7974356
9573758
4929199
5827749
1084428
114705
551551
1532751
9911343
2328437
6470281
5838402
1494785
650973
1907238
9141413
758020
3972667
2594746
3065251
2478589
6731798
191549
7512675
3372365
1824730
9708089
6580888
1131164
2747826
8192115
4009789
7802219
3819989
4770729
4120825
8671353
3867010
9198685
5230914
8862256
9851016
2974027
7375802
7441793
6073619
7092878
9880844
8780545
2388172
3357379
23843
8269275
3764359
1704988
9111856
8003150
6778188
4497348
701246
2362400
4080760
811559
2719371
495316
8776366
7864062
1512723
715736
5076919
4479518
7910501
2490667
2999895
6279784
609371
2224761
2553367
7744579
4103758
7816576
2259203
9176482
4791753
8017661
2708603
3264206
260487
3020917
5514015
5578481
4907253
3176702
3591720
6216146
573273
7164913
8396985
317327
8409239
2055555
2797296
6033562
587150
9644151
9248117
8755850
3051616
183710
3313862
4623871
1933294
9996437
3117282
6622351
7999874
8186364
5508332
6386446
2604607
9759748
6716082
5379533
3291229
2255829
4103490
2560776
7780382
7551549
5293540
9578621
1637450
3869794
6399560
2532605
3286312
5742373
1882203
826854
7460478
6639692
2922844
8157554
6406627
6684162
2984027
7894546
2363821
9461089
3755322
9064550
83156
1810503
3116483
1623098
3407230
3791164
1938698
4357600
9235145
6794585
6277166
4165381
3992034
3881177
9205772
6790862
7104573
5082868
6913098
4382711
7875890
7519908
9898234
4043997
8443015
5918787
4974342
2370001
7884472
8079752
7700884
5171175
7346350
3251408
57895
3848959
4728100
855402
3525546
1854821
8925798
6923249
1180529
3986416
6464281
6074283
8189355
1016871
938837
5006874
2057661
7646408
9251609
5679857
8864638
27014
1637157
2208966
833460
326454
7718717
7339163
2737457
8954020
1649697
9022459
6469704
5047896
1177181
2955371
1774898
6332980
7600952
5199662
5375883
1404708
4083800
7416142
9099110
7869133
5784413
4233783
2052675
9553580
4641281
7128171
1420563
9870659
9913709
9512863
8340888
1514140
9760546
6459732
5341090
3443915
4985012
1969172
9456450
3003040
1187286
4770764
3757923
9515938
3495172
8904756
948337
6034719
3442232
9001797
701016
7062581
8094136
3604195
2414778
6982872
1966433
4304380
889049
8493805
6008848
8077819
9295508
8792592
5266835
2786187
8369394
3063257
6443821
778328
8142698
3726650
2349623
6348007
506577
4435047
5242065
4365331
2374366
1247035
6928294
4201770
1977053
3346639
1087104
3656033
8885420
1348668
175413
4681065
6533489
3061883
7770862
4354110
7520177
4219695
2627285
6684655
6777138
4132806
5815802
900984
646323
5188888
414312
7815556
7628160
2011010
1402709
2862452
8393373
4439051
1990867
7210295
3239721
5273765
3005393
4880091
7884532
8541739
2176632
7932793
1503370
4334745
3350547
9081342
7267154
506900
7000760
1595560
298048
9689222
6282936
3585040
5979881
7020099
6284823
407866
29525
3498196
139312
316853
4452400
94217
3630190
5707821
1371772
5552591
8817364
1404790
1579039
5966075
3479586
9736858
6701645
4167019
3019483
1895836
3298678
787687
3673384
4450014
7680234
618690
1303405
3865425
6170021
2701970
832217
6787000
2059682
5901008
4864702
1958774
4969749
951165
9271802
4722300
7184848
9093542
7146657
5246207
6154728
5935488
5662609
8908633
4952844
1190759
6000390
3889693
9954311
8305780
2606124
7704697
5850930
8375057
1773394
3987038
7801972
1302491
6864526
6803908
783111
6764544
2866102
9397587
6614781
3971123
5699056
3112723
1291720
2231346
4588802
4982747
9486919
4138959
8214764
7114829
8337784
3623349
7457992
9413598
8097040
4181810
9767454
6230837
8714051
7477220
875956
7147243
5710383
9470483
9460031
1076060
8654779
5035262
3330262
8619399
8764243
371565
3387271
5555616
2795424
624548
1929578
8429394
9098002
3398374
5627002
2511206
2413673
5762785
3186146
7760931
6287538
4740918
1458935
6905820
9539746
3841359
4687879
4183771
7901409
7700766
3119109
2630912
228629
9696310
7113635
2285372
8935537
7001673
5442772
9621961
4944889
7690683
8620405
2208841
1996208
5961972
301649
6065305
1106151
5891847
2535059
9023434
407804
9597295
7940126
7744273
8697820
536846
3912237
8172712
893228
5388295
7631896
4255535
292394
7720967
8008358
9484477
7583533
2507340
6423285
5903672
8487784
3043809
3669279
1242502
4278281
4896930
5595465
9473633
5055905
7145786
8022330
5941697
5602889
2068550
6575291
740220
9973954
1908961
9328994
9143123
5078131
2800123
279294
1159679
3228596
1076434
6921239
1954568
5909292
7294155
1181341
224148
9013127
4992305
5835124
3333394
4528020
4307346
5162516
9224076
547325
6560054
6964411
8766054
3804205
2553015
813996
4824765
6391994
5917263
8467228
8778692
6824936
2703162
1475968
389411
8358728
532115
1955053
192728
4001135
2554050
4736489
2054430
2796553
8102072
8881386
6266413
9970977
5343231
5759368
4600383
5268144
1591769
870354
4145190
8515291
6036688
2657751
5940738
9747969
443613
9462616
8531838
54119
249470
6097604
7760086
6910197
5552720
8337117
7247161
2982896
3578191
3390333
7828083
9467427
3614601
1245238
6521021
5966381
1481438
1435935
5242236
8668068
1168109
3204910
3946446
1830944
1571327
7506716
4985485
1757806
9136547
6257959
7811706
3808979
1014091
8917242
4541776
3460448
59634
6061988
4269928
8527231
7931898
6397731
705201
9781199
5344820
1572451
8163829
2348156
9174568
374048
689688
8175914
2670702
2315728
5859789
7132034
92695
8186184
6571098
8903093
5930081
2343892
3704925
3271204
6374265
2097329
6448468
9831611
6487349
4597133
1460285
6941454
1771479
7918694
3995020
3794382
1267894
4788352
9159845
9188813
7346527
6367966
1054601
3027036
804786
8202864
5414306
4394103
4716301
8672121
4120969
7076414
9770494
9094204
7994922
6319421
8491167
2828216
9920824
2968109
901659
7770810
5240721
5449097
2453494
5107278
844386
7428468
2461664
1049646
1387642
2826141
9333945
3647078
4369041
3909407
2789162
545021
3006679
8800903
4744735
8600952
4715804
7460132
4224344
16980
2107927
9471994
646109
6763575
804395
1221145
6550756
1160996
1954036
3299630
4812779
318320
2912860
7907722
8637450
5894115
5550793
7100795
1990730
8995762
7290119
5591918
8493830
6429023
7508165
3358017
64026
702743
649854
9090523
2113202
8669893
9597250
9901001
2393361
7305287
4940381
3222677
5210263
7562055
174736
9492668
4844970
8215631
325171
165014
6167877
2169550
5641984
1245666
8617340
9134428
4858693
4370843
1068252
5723039
5102178
3426006
6291388
7413368
3974068
5600390
750537
3713133
4076515
3475516
5966821
8813146
5141848
8520463
4723076
21991
201241
7079140
2664100
2506673
1257201
3778594
7142600
2904764
2794852
8498843
2580778
5729580
7011949
2429664
2416164
6204325
9448978
3405976
6724863
98867
6001557
4517983
5811054
9613266
1661451
1805286
1961602
5153768
4303811
1325865
1350683
6085534
8368290
8859348
4034788
2652818
1808150
2418838
6107074
9712461
1622052
6231820
9108762
8598201
8621461
9615692
7815752
1600978
2997682
9774041
7279899
2673591
5768610
4891519
7096038
4147208
2094518
5326519
9778210
9118371
1447074
2992354
7367427
1571102
8422972
9056052
452039
6790763
9314108
3178374
1419096
7185922
2183436
7194594
3299295
8572628
9835994
8323022
6402126
357203
1794554
7778803
5701618
3723534
9979005
4283559
9384046
4128249
4670183
9888973
643459
5824518
317131
3880482
8140179
6565237
55915
571096
9483204
9246752
234155
1421032
1026274
8365268
1947486
9204089
8031124
8571084
1295538
9805820
8603575
8459227
7847465
4405838
8682842
5664695
2334208
3799362
9722497
9077510
3340317
6390152
2715130
3026878
9109933
8883537
4188356
4342200
9797514
1790650
4691343
969017
8432128
3004332
7389204
9688601
7070866
7213401
8646558
1756888
2415231
3313462
1774499
4324818
3102099
3138848
1525409
8002410
7067704
3586601
2288490
6847028
8910404
5264477
7853108
8154882
2790808
5766086
909695
7729330
7950040
8919532
2625096
7518280
2946618
8546147
3740289
7292669
9337547
375842
977700
6610960
3824621
3236034
993874
9398552
1671832
8932588
9608582
4035789
7027899
779311
8410665
9627304
8696474
6417041
4291788
1498920
7635825
1178020
1002753
8760132
4750734
5684939
2038224
3344565
6839187
1063505
9686886
3012101
9046159
6224384
2087885
4942582
3267952
903000
1196775
1930420
8629114
8097957
9862293
1755061
1986809
1056964
5196176
4337948
9285290
8761320
88461
7230430
1111774
9787812
2406964
2189715
409243
9226458
3923573
6658338
3993721
4815528
735538
1966257
868755
5573591
1769868
2823256
8260767
3965172
6900199
1194162
7540170
8602780
746640
670443
9076188
2751253
7565260
568423
5173362
6210648
1909594
6021519
1380680
5752423
7802877
7122632
4449113
6483433
6941992
2106135
4450925
811149
6843019
1999221
1426044
8931303
2094144
5508614
5208579
1161359
9966778
3067960
4267540
904211
1682266
8316030
4872423
28431
2593769
6575970
7176372
4183201
9268526
1233022
6372606
6590361
2246185
382935
4003858
8519138
1025059
2305290
5799314
3928859
5772651
2467271
7944361
7146375
6496953
5192642
2293654
5408467
7682721
1608275
6725771
7198546
5847137
5918589
6197200
7313736
9874526
8515389
464337
2946344
941830
2115447
8992058
4768522
1583885
7545017
7695937
1417133
6105579
7034721
6314944
2504204
2209441
8001889
7691944
6072818
4113531
3291014
4973986
1962808
3179376
2479950
4240587
2056493
5630475
3599113
60128
5793387
772167
448831
4171859
4024029
4685196
3583326
6158161
6024748
6133549
8083173
6085412
9859429
5868912
9789133
9506467
1662241
3180523
2367386
1358692
3546252
7469774
7911285
3623343
3552562
3594834
5416270
120245
6457877
8583963
7894631
6241143
8448789
9152358
7500722
7849282
5348874
9303321
2354801
4262437
5484891
852568
5967382
8510337
7672256
3951491
6958141
9371006
2174878
633577
1845113
9226672
6973838
2649547
6763607
8956863
3451189
834601
1957438
1364825
7438489
3260476
5390106
4123069
2371118
2306872
5183528
2924697
871388
9684707
9789518
5083920
7442037
9691466
8759051
8212157
3918288
6535377
6227710
6285301
8372772
9354247
4793986
3162341
2703962
7569919
3564607
5352485
7544677
4834998
1709077
6543197
4390801
9019958
7971518
7315336
2345868
7320274
299669
8904506
3760933
5343810
110107
4371291
9822866
198272
1393923
3430092
9189074
2479211
9981290
5887809
4185325
4966598
724468
3874203
7847812
5608876
9228822
5626459
9848878
6430852
159973
7497474
128730
2196698
8382340
4456757
8356028
5962638
1362900
9777374
7238475
9787348
8618194
7497287
7873595
918974
8379330
2228383
3838509
3587673
4656617
2772964
4228117
166174
4030168
1940470
8759091
7045515
2636682
9112790
7042860
4608750
1330747
7475516
6938695
7372095
4386714
1821855
1865553
854025
9772499
9938801
2590011
3825440
2303137
3496775
2174004
4998578
1748507
9379524
7244680
8367911
5689746
4049091
794259
5490328
6993439
3448955
7575408
6228421
1508210
6357849
3599104
8821466
8649907
3492892
8751338
623767
7451487
3756429
7328559
7238669
740899
5815277
2828832
551908
8010443
3639301
3455898
3315274
3457903
3203256
8659764
6500221
2702902
8329796
5081370
6697036
6429617
8442671
5786157
2599515
7783461
2427680
9548665
337665
5327117
4584533
4930860
8846724
1730987
9204465
9253479
5411747
8731167
5278073
307411
6848088
3316445
5792720
6503364
9068901
9059021
1166923
4090741
5361991
8199810
7012043
6116907
8381051
4694826
6721773
8706196
8990308
3927529
970612
9112724
5318325
9534564
2254736
4172485
8349800
4015329
9478800
9932016
7267483
6993018
8954146
4250440
6499642
728012
6843559
3055643
2080276
8482807
5175123
3963388
721097
4974164
4480900
7590716
8470829
3730074
6702013
3546779
7625021
3205607
6817164
3308262
6963068
6735216
9814105
5742199
5626750
7865659
2904149
5106896
8638881
9739843
4352978
8425811
4926740
4904046
3349699
4756126
8829898
3697580
2335876
9653176
8829390
2716364
6424575
3701769
7238614
6142708
1535441
6278416
6261531
3085113
7723957
7787739
2830453
313625
2174572
7392928
7990226
6642217
9092232
4446801
9192065
4110282
3455776
2493937
3534890
7127933
8981448
9163424
7496682
85247
622281
7847291
729896
7073742
9291554
5743050
7417409
1354236
6337737
8508474
2073163
2271107
8836848
8057514
4351495
1936037
9298294
2563835
4368425
9199804
5535529
1110623
4661763
2320327
6896406
2810745
636720
2966848
9293808
8323863
477482
2708636
413495
1704349
7562754
9059881
2357321
1849410
7158709
1073283
2601048
7080681
812794
749321
217287
91285
9186143
4920560
5124802
6453642
8499177
4462607
2325967
6107757
7860609
4297081
868562
3217615
5640480
4338143
8821439
7244971
741182
8322554
3365064
5375594
2601177
9663005
825159
4148035
8233505
5977783
9373654
1655620
3740287
4873700
4827474
1648231
5944347
8507612
3165666
1714615
1259672
1767102
9529872
8698452
1222243
995165
4018673
9969063
8144963
5945907
8467751
7505382
1140244
4467626
5992156
3520200
8185026
9016352
5326925
611533
4756910
7718938
9692181
1663833
9054962
7917636
5256597
8330748
2715467
4198097
3849901
1994504
3240283
3898936
4891246
4210398
9226031
1907433
9833800
3966028
4282153
9436714
2655916
7276115
4178442
4459430
2057495
4246641
4962319
8529337
9112673
2627714
3831487
8222725
5613201
4908797
9458547
285868
4502349
4757100
2063039
6600255
1529820
1869632
4654049
8256722
9722066
5433190
7689496
9485390
5928954
2992219
8971910
7975935
7068629
3625818
6511220
8728858
3207083
4682831
3898139
3476707
2578618
1597214
277093
3005762
2232645
5738413
2478503
3730912
1737428
2975130
2303492
8370394
8299799
8683572
3588253
4205055
4329144
7985413
8340564
6264255
2203888
6570864
4701792
1009278
5025944
5498971
5387766
7180040
2295158
3134925
9606688
7505496
5842272
7899210
1766196
8785962
572791
9805955
1077612
4265692
5898564
2495901
5997408
1049985
5997817
2821503
6080903
4958966
8770118
2102392
7191296
255159
2663784
54570
9526630
1287872
7011570
9869866
468693
4523812
993037
1858339
3696341
3761105
8234614
3728973
7309729
8923905
8438629
3354048
298504
3953341
6695233
22
5050779
3505195
6137685
5625798
3495186
706475
8065947
7718771
2866226
9374270
3228343
8394721
295141
5456221
3352319
7570860
3531394
6395482
3652310
123010
4973250
7826811
4547328
582978
1569354
258476
1129799
8718870
6700079
6485925
7332928
1755858
1840396
6279708
1581143
4522790
8845947
3028436
5427454
7416574
9291523
1822159
1336839
1165767
4184254
9692996
2303007
6682873
6012165
7504488
57053
2897715
5204604
1289527
4827158
4971850
4297009
6189743
8179336
2433366
557165
2828726
4078002
4935441
4342019
3150482
258318
9020725
1472294
537313
4614548
2724050
2398900
5843157
5759060
5613770
247704
6684902
382035
1872717
8946908
5928357
4250928
1159866
444557
8045616
8328096
9299536
6354944
5257825
9794149
8088530
3330451
2552915
1041058
9835141
7932957
9151704
6436064
2519269
2557519
5147363
9245411
1983615
3018911
6223070
1159723
9344580
4506433
5841583
7953017
3851431
9674882
6768112
5213371
9792748
1414549
8657100
1868088
401242
6040659
7417713
3332153
406908
4538222
3187399
9707879
7475318
8635107
1407297
1806430
4047721
7910385
3940929
4891945
5076185
4933248
8235788
743203
2153254
1214120
6379652
5353837
3326276
8232284
5592685
5940913
587278
9415560
320854
6799759
5343978
5319038
5132429
5522951
7121709
3018809
2265120
1413581
9806983
6579659
9524211
4646882
5010872
5447465
6326463
9431051
8565263
7607911
5154747
694494
5335892
9690124
8311440
4128788
6660945
6438738
3578256
5029221
5536342
7018351
847024
9857576
7578979
4275090
4192108
2914798
8377774
5267260
3129414
5217259
9289769
845098
8447945
8225404
3356349
2990601
5519398
6654908
282506
7046062
2371077
9915113
2222119
4613143
1700659
5061857
2141887
6700217
6619559
5015565
6219550
979090
651338
7842170
8061114
7100337
141725
2028386
9636581
4204847
6545638
1407013
1531450
6616694
1566805
964490
9015797
3414061
780057
3255697
1191978
1044238
5325420
287329
3203309
3019250
6959817
7813472
5534157
5324719
5784391
195692
543958
9023771
4906018
6025020
4645893
6885699
6737074
6968463
7556177
3900747
8124263
5528873
4004423
5439623
9618994
3586403
8214647
1821415
9300515
8530856
5593656
4172313
6615234
5120820
8713265
9096960
8880638
9274914
9338165
8796902
6412523
9178118
9024384
3237576
8061040
8237935
3633052
5711754
5908718
32292
8705212
7896106
9666102
1315491
7740903
5047917
8262465
9444928
2069957
226782
4161038
3716416
5654404
2168891
3620491
6301677
6185171
1410604
3377505
6989069
9729855
8392407
4398899
356387
3587300
6071090
1534907
4103226
4382511
9143481
8646310
6296262
1842794
6099837
9577770
5217799
8779771
6584015
1096212
3675672
9094377
6482672
2385821
1527603
8491444
4352344
7092956
7118739
8340810
9037448
560610
3250453
2241165
163185
4750655
1371533
9974765
300643
3849825
4316669
4571383
2152745
3269161
5920496
7848906
8555887
8732974
8369554
8327848
1459024
7245405
5308723
8636795
9577892
3325985
2789546
1965204
6033930
718434
4773231
3659844
7360804
2979559
9458892
6899179
8607132
7085494
5236979
2499393
9180198
9764138
9825642
1751963
2977250
7529621
3759915
8581092
4470344
5552483
3949144
8405351
7933581
4469317
67243
1165902
4823407
362367
1644443
7518221
1276360
9446808
7613427
8686571
9158368
964998
3948789
6316333
2029566
2590748
7851499
8190135
1677605
9905716
5101620
8877742
4143431
4054321
8972847
8757801
1690678
3775048
1964834
3078963
9394602
2562946
6842022
9399506
4788898
8399840
5720377
1723269
2151352
4691090
5360984
6582796
4291789
7983640
4585936
1642495
3690784
2955043
7218816
3125187
8530552
3479488
6124106
3320964
451072
680112
8656767
4027720
865770
1458384
3288673
5824379
2479166
3171283
2855920
9014752
6249990
66654
9422187
9246658
2600604
2003728
2897058
9533412
4526901
6719921
1531405
5313946
912506
6676483
5819887
4660131
4013032
8014208
727719
352688
2238565
2591552
5168917
3474660
6477482
7475426
6787394
5481389
8048140
4154311
45911
9643781
4327484
6822167
3042670
8740874
8155175
710420
4233318
4584229
3904090
3148364
1734768
1673848
5206327
7126086
5559029
7367651
7247671
8837276
3417457
2822929
8208765
2348787
8970358
5227971
7560328
8491186
1040164
1404340
7825944
3112537
7760903
7241643
314740
8392772
6176965
5931568
8492141
9813508
1967203
2012443
2365238
2666806
1186671
9053942
3014092
133052
412659
2965371
1206244
8905161
5174233
4722975
573588
3068924
1825351
6676523
5878323
2993532
2605924
738332
9739915
7124034
5700053
2858996
5332574
4597670
211714
3566955
6517996
5876725
5384419
8200308
3065415
201232
2230046
1378371
8300917
7537172
4688771
4004231
7169466
1933611
8582412
7738945
5340059
6457238
1111952
7876536
547989
7246349
2877204
6194011
9574316
8390064
8141998
6113147
7976794
3408138
954216
5652510
3941395
4562930
4913203
4539691
2705499
953554
5414050
906407
2404537
5882355
4159237
8275620
804031
8976824
8116814
5094721
209048
3934913
2551906
1223884
6531441
207564
8993322
8593511
5167632
6506654
2120301
7650963
7573545
497116
3585082
1178516
6217121
7228562
2847706
8576685
7333848
4969195
483848
9565757
2573271
978652
3084780
1381170
793071
1308840
172306
4032170
9398143
7998019
4624021
2887924
4179337
589095
4168653
2930851
8380195
308033
3560827
2163361
8292416
9226470
7047538
8880882
449503
1115143
3693411
7648001
3503557
6163128
4460484
1059096
8096915
4934376
2695878
6599572
8075464
466544
2551496
854792
7896798
3739807
3065123
1078817
7645501
9997979
1346155
1208509
309523
6900588
4595206
8663010
5275987
6540494
185125
6413085
6993861
5024743
4425987
527371
9227476
2325590
2356496
3764824
4417698
5423436
1715457
9221223
7231408
3666086
5606611
4823833
7796080
5744351
4180773
3772802
5846100
129028
2166011
9835810
9245681
8906860
8968125
3473659
604821
8479600
251043
5457299
7182617
9426364
611211
8940341
801042
5823883
4206265
5753014
5486711
689787
1805474
8526660
1198049
3142917
6996285
9574971
9135655
6637122
1358642
5023846
6564076
9791461
1281518
288722
3357307
7252786
995034
8348241
1276460
7863885
2547563
2041132
9160793
7160396
6631157
7225980
2978646
6426576
4483177
4636610
5705853
5510991
2305381
9850357
395165
6216986
1695994
8091402
1253350
3810566
8505737
2667057
1322670
5949641
9386173
5257257
6228586
2373603
2369600
130346
2415345
3317659
1230126
7358187
9206194
966604
3594652
9781924
3100528
8911273
7493913
4907988
1783164
8864621
8920930
9110976
7500638
447174
7068713
5988753
482840
931136
195639
6458403
7292234
7261259
4629876
9185533
3775046
8389626
6360670
8494088
1779749
3917438
4498530
3498910
1871048
3960023
3628610
3089559
4286809
5168508
8917111
2886492
594772
3259846
7865695
5831184
9972716
2194759
5661352
7036176
6349270
4587261
985452
1050236
8440824
8143499
8623266
429924
3811432
2924350
9117877
7232441
5110277
9678124
2007936
4976782
9496149
5657151
2957209
9408011
8000910
6413314
6482136
5967714
2046249
947451
2840919
3830349
3589098
1465504
4179603
4518792
7509663
9817887
6169400
79090
8165597
7974908
3271085
4988076
539505
5002557
5969748
7182837
5841095
9273607
3087804
2268915
1322724
3179375
7433476
3699340
1643697
4443272
7694424
9656476
7287656
733027
6022659
8023094
9186960
2529348
7731011
9949294
4048425
7357159
977450
848258
5563711
6399375
4253353
7707542
472067
8645657
4853204
3545951
5269776
5826012
8563670
5190847
2324709
3808311
4074663
5280737
4061276
889743
3621111
3454356
6656860
9007214
8003327
30998
6956952
7143845
9478459
2024604
7018180
9533978
5123023
8534627
1563306
9844314
3664536
5741663
7642223
952853
8456917
5964759
2659529
4189756
3047427
6442677
2571105
9750110
2822438
2946220
2530138
9647213
6018793
6588819
3334628
7647747
4950968
5845299
398329
6130716
4883331
6626867
4099917
6455666
4482215
4326383
1376191
1872213
6677059
2378816
8828261
5097120
6987451
2940841
1657190
8152106
5047173
6172277
9184357
3678177
5888280
331341
8840015
2173064
4770628
6716435
8249833
8636463
7602933
6459826
2627831
4022356
6567082
8894075
1915813
5242094
9823067
3639851
8212476
9279721
1826626
8042078
699808
6901442
2894693
325819
3640929
6393796
6272320
7616105
7841652
4931187
6045285
8234942
1485306
1952677
190452
2816611
2768185
4653512
182510
223179
9254389
7505867
9218760
5899135
5697664
3727056
2573140
6464458
6600395
3272995
5660709
2219595
3553600
7304753
872404
3360747
35167
9957130
9147964
7050631
6435570
4279982
89805
5594763
3324097
8273325
4417694
54040
8306443
3812538
1585773
1725364
8449418
4684789
6464906
8900642
4736120
5242841
8090248
7984641
1545996
2988167
8557463
118264
2070341
7666
9646032
4681651
4470591
4332804
9976632
9913271
8883734
7709894
4767377
6081084
3030700
5248588
9236199
7094143
7337113
6718112
3649145
9718918
2735308
1211450
9934498
547453
5037545
6047629
4435771
5576880
6164360
4215563
9844251
7161807
1160733
9719526
5949125
2552683
9790183
6329416
7296084
1558034
4906139
7307143
1372973
3430792
748885
304456
5076013
9515369
5088226
3969853
3197926
4591173
7827308
8486014
5339429
5395273
6272483
5116850
4511075
9844537
4691268
4342951
248816
5374288
2762657
2490463
9634638
7255725
659275
4639217
7951247
8942588
1151353
4923292
8046370
7123108
3678363
5551136
485710
8216083
6970788
1587815
3527694
4004485
3413618
8022879
8505243
1106243
705754
977766
2076712
5997675
8327523
6205878
6160057
8841970
4148445
7105017
2071623
7813025
1079960
1889610
2462874
9961416
1592956
5381845
7329909
9312848
1177149
4256469
2858722
54279
3884269
2329260
9140737
1503872
7327972
6011630
2932604
9681791
1054233
9706436
3769248
2913765
4005834
2686389
5762072
9973636
4052235
1733178
2701611
578265
5207357
1647229
6045199
7199722
1124899
5213792
3746592
9075802
7082685
5913258
6873005
6525874
3931263
4684571
6615075
3531866
6918833
1380671
1313511
9224243
7647211
93814
256843
1582048
3548651
1404244
563494
429357
8369888
9185651
2089935
1226351
1058315
4433721
2137046
2211579
2984112
1014877
9805562
6096784
919813
6490084
3081850
2955590
9129436
9397188
791095
8976472
3088525
2557348
8399937
4760210
1138031
884165
149626
5976744
5794115
7231941
3916707
7246317
8324232
8577520
8382041
7245731
5890351
1947897
4336217
2236384
9603818
3961765
8682129
1301416
4923571
5247623
5602421
3792691
1954011
4986840
8477600
6978381
3491028
3198810
336338
4863148
2440819
3298142
8379259
8996540
7244062
5185647
9894594
5525797
1491190
8059044
6188740
6292247
9534067
9891976
573920
7292987
1755854
7968579
5411498
6716981
2864876
6270597
5804200
9179280
4398683
6936633
3335370
2772361
2937257
4074714
8922495
5619025
3471420
5764013
5317256
6534174
8121740
2578375
9352034
1141685
4945299
1317931
4052156
5912684
1854778
8607811
9590314
3258798
4261637
1834199
82706
2408430
7916177
4614078
8166729
9454629
2123559
1106179
9020300
4392690
8992834
8767370
5922219
5309790
9565026
555816
7707353
8660911
6728999
153591
8191176
2642408
3037206
8199906
2840286
127517
7926869
3704735
3483216
3472972
2048103
5570878
6577186
819406
9160025
4657333
3172946
9039920
1156371
1509931
5219327
846398
2672896
7146276
4555090
3482184
3537700
1970253
5922148
7175025
124937
8306021
1617438
7938258
1382500
1712175
2563064
3858954
5026558
6905868
8848902
5210693
4451763
2851403
8673625
3072505
6099250
1683195
7603540
9384334
6051852
4182622
2810403
8366946
1095314
6134257
8479482
9019340
6156051
3620507
5278100
4634628
7086739
785220
7445268
7131768
5821655
7028728
1312441
5392150
4131027
2048186
3771076
6773843
2768883
6116336
9188967
4285827
5536660
9772531
7749928
4487471
9737663
9893978
879567
621928
9323973
5301601
229819
9219049
3415645
4953620
6540000
1887934
1099556
4917459
7830865
8263051
8947021
7486206
1366747
6136581
1690353
1307933
6903528
3871540
5744585
562339
1899577
451814
6282318
954677
7893278
8667187
3571071
1885559
5875290
4052402
4135233
9743274
1130026
1377822
9347804
8692206
5494186
1624293
1374705
9959579
4454242
7984674
9320064
2251382
7318740
3835044
5420252
5352561
8816541
7095034
887451
4148316
4390481
3300376
9872408
4479112
4749728
2654563
8340830
8222818
3912629
9999853
1680770
5617444
1869884
927959
3263669
11478
1338475
222974
1116591
6668620
8837818
419467
2489984
5530392
6533630
9993250
7104640
2740223
3744984
3752815
2309913
8878598
1588757
6165106
4787920
4888913
3024490
5097346
6776154
516998
531959
5586476
5605426
9469116
7104172
8747974
5172411
8319427
8155751
1269521
9479525
7624352
3254212
5623775
6572340
6440887
7456905
7129240
1835975
1629144
5149106
7383777
379298
3960152
5319120
3379192
7112563
4604140
9973001
589720
9848453
4590045
771305
8210299
1739732
5161708
8366677
3452326
6885629
4818567
6772842
3964433
874860
2262895
1227933
6358541
2711982
7395778
3100112
3490020
2042582
9452426
4683513
463060
6245006
7661886
3131598
7977443
3974540
3464455
191320
6526820
9888590
3659944
5300288
6118212
7177309
7624353
2178153
7242927
7748999
576438
4646723
3147987
4924974
8628223
6054707
1215465
7424117
3549170
5561458
8596572
6545024
2443375
475648
9504707
5828602
1069779
5680448
2885603
7628520
2686483
7142307
7512226
6372454
6143082
6260307
8913845
8272794
864185
7950697
3161984
9221429
8923568
3526194
8999073
1172059
2992441
6449749
8576779
2323088
3363910
1761505
4783868
5567332
6022943
1572634
3966208
3087175
677324
4788539
6107343
5936216
6946959
4088932
9650488
7052044
7740604
9959251
6156944
7678012
4234186
1138373
7378215
1937928
1479581
3009934
2420296
8845639
6486511
6098472
1397417
3919799
7993956
7357160
447824
6637403
1251366
939029
7418922
5822575
7530343
7328778
5953108
1596888
6832516
8339659
927175
4921062
8186869
1489237
1225291
520235
8740811
900923
5605948
5724804
7010172
592488
8472151
4104540
5446924
6204381
2156214
2397053
3166794
8496687
291190
417126
3954221
9305130
6910065
3201984
2583427
1260379
854115
1285130
2907413
2208586
1925193
2891770
2838252
7234564
7591290
5259139
2147013
6116531
6071298
8020455
3471954
6094813
3300472
5900274
1304714
9743257
161623
6116802
4840766
559625
8939192
1553169
5661682
5777270
4313582
2220083
3866841
4588220
3571280
6349369
9514777
6567221
2513231
3730661
8874731
8703466
6648787
4894749
5602892
3348088
8836284
2461301
1685081
6783978
8473385
4439666
5868766
2564601
3706463
6130680
7551409
6482153
9517056
6977763
1606721
7129469
6909856
1050650
5876516
3091366
9008082
4488631
1130612
9387802
3245668
7463172
7151083
3166083
1649455
4544983
4229091
8507327
6132034
8605418
6985804
293415
4675825
8591544
4210177
8029251
5189276
9389623
5964071
7901528
1817692
4756914
1049790
7412815
2708662
3977849
9966598
2422587
6867419
4402538
1927248
6542383
4387746
664261
1087278
9029178
8366454
3714044
9251442
8926780
6685880
765590
8211977
9941880
4743483
5924755
3986039
1289748
2834623
9783548
3863813
8872043
2780190
2889481
3342999
5485717
3168731
7374005
3287836
7200806
2406260
2392092
6797566
9032656
6558211
3404129
3033981
597452
3946121
3646010
9272604
650243
7463330
8456196
8065720
7845850
6242543
4427319
8421556
8998554
4556610
321316
5374022
8291994
6001876
8928269
5247631
361830
2492339
4428197
7665376
764008
3120881
3237322
3314469
4689470
4254745
6332178
2424534
5444721
9115184
8088250
6375386
3313826
4423533
4443438
5723183
8063351
820133
6003668
9598317
9945496
4088861
4042798
9656788
9325721
3723625
6333018
1439870
5792181
1248979
7215750
3228751
1846636
5774883
8419546
3582650
8469004
3525382
1000767
4366908
9898994
8861331
494484
6900326
4753352
7104730
711260
4945857
2803623
2030120
7276874
6451895
1990787
6553887
9227605
4689277
4552587
7467951
4140710
8259097
9097730
3588073
2130942
6762731
9814068
3208539
992748
1357605
8887474
1177886
8282528
8745720
5718970
9099843
2432302
6269973
6267778
4137613
4100428
6000659
7323378
6551160
6180942
7338633
8859412
8993371
3299990
3653369
8404685
8852971
8632088
5774972
6720586
1147109
6384446
7692646
251221
9263841
2561059
2132050
9467447
4692758
2580167
4503887
3933264
6470991
7493403
6478136
3295820
1455319
6053355
2638329
4276355
4024225
4169312
2167743
5618542
933777
9144510
1794785
4251667
8887876
8270174
3493338
9242421
647321
5967916
2455610
7534014
7934415
7134534
6388341
1731217
7288885
5461883
4425536
8659763
640281
1056006
9568622
2564253
1589336
2364274
3674787
4225649
2496550
9290507
936189
9819249
3758368
8287543
9632959
603190
6033675
8818003
7588351
3146171
4944424
7831414
4905117
4145535
304028
8429049
3362959
7553596
5283079
4307010
2242061
1680665
7735644
8840159
2817722
12024
4392565
1448072
590145
7942576
5857427
5867476
6053525
2636610
6809820
5321529
3930631
9023372
6575700
7272941
7901230
4970283
6121515
6232429
7236841
6754076
9315763
516369
2209459
5378095
4572116
4272654
3865525
7035825
8547718
3280968
6876903
1010073
6353004
4554536
366517
7588911
2763183
1131323
9912879
4738649
8967358
2016897
9125917
6234163
1755230
6183053
4789348
2772247
2854713
6002004
1148406
7231980
16068
4872179
4834656
7253571
2959413
5767959
5043027
158786
2377607
2191909
6673999
9110468
118920
9149426
6725013
6566224
1068326
6015610
5063267
9381352
4094451
3706288
2033217
1782354
8387829
4802627
4040621
4770617
7409826
6765651
1339241
8126803
9374895
6323165
7679404
6327536
4747774
8179850
8481718
8034004
1809332
1665402
7605412
641951
2387322
2135428
4202954
7656304
1895854
1288728
3442377
2257748
9550909
9613528
8519080
7810655
9272192
6111113
8821019
4951273
5801478
8738258
446843
2734713
797063
2958503
6458440
4777214
3860287
9127494
7162705
1355966
7599582
6129884
1036157
4400026
3717739
5640963
1704401
2373519
2597111
2071793
2231168
3641169
5739152
605760
4734929
596711
3399895
8131919
1685711
5192125
6047693
4481925
9651975
3263666
233559
9354577
9252898
8364069
7985834
1807308
8403593
6611322
2698825
1305231
7266732
2526570
9543580
181698
9776144
4053764
2802092
1542865
2545709
2505275
6336311
7941564
8576239
798580
7156767
4955864
3581735
6764403
4720592
2493637
3531963
8207770
3859777
3692803
3756968
5035711
5223588
8387980
193926
726542
9961041
797590
3723555
9790987
8149081
8961728
6373490
8111248
6849118
4510592
7107271
5256773
7888906
6953019
7642033
4087146
526427
439386
6175784
2003980
5493123
1309723
9500160
690148
1278144
665085
8141966
2858133
7569976
7312675
5300453
4267844
7857929
8707883
4758742
5928426
3635061
5594085
3417023
2397279
1457917
1015903
1137573
1347636
2630964
2669013
3455148
9958498
7378739
5774463
204368
854245
3065326
5783127
4249771
2402317
751076
5021211
9961111
2183210
3728047
2492502
1865570
466567
7494169
6825225
1443321
4544668
6281067
8368165
2265733
4228372
3222842
5939405
2110908
9441454
9531034
8916340
9118865
2140556
7394098
1673605
1248970
337618
9981075
9142892
9972064
1714187
7188179
4262769
9971949
2498572
5922615
1482302
7796106
1078788
425761
1190066
4752384
216241
8296390
1661006
3580114
2509946
2934054
9622575
4518332
9300849
5910438
5808923
5768680
8926918
6629398
6843529
5609965
6707244
2892945
7069712
7066597
6683921
6210881
1196634
6643819
5343872
8839664
1035010
566283
3147218
4512489
5789902
5940982
8815172
9125422
3636555
5401577
3652562
5309521
146489
2302033
5829620
9130453
1046022
6801223
8992813
5346384
1200572
4258532
6511579
7679385
6554636
6855223
2078164
4825342
8260391
9826003
3595013
7410204
1343148
1279660
1314456
1155085
4310520
5790749
3850318
5192967
1828981
6740260
6500423
2224488
413783
2324527
1359242
3741250
8405024
803861
2856011
6661254
9593556
3396076
5848274
9725981
1984126
4734661
3511495
4806397
3456710
8601858
7635939
1055473
2721915
2910986
8455414
7708675
9040845
3980189
8470579
6391444
7283217
3941014
7129968
9037766
9377989
2943513
5614351
9402766
8009264
4575370
5626135
9910669
8624669
5912441
6336468
7926445
2768510
3588541
9718648
4728703
648682
7076202
8934107
1259522
2845549
2529074
9931109
8213476
506585
9261866
3030100
7745326
4965424
778450
7817304
5167877
4634049
8916437
266084
2134347
6849481
8981741
5107863
1627629
7579113
3532068
3572003
3603377
6350135
8310421
4548258
5256874
1152834
7097271
3445540
6779623
4128123
9158094
9485822
5696210
9489298
8268746
3234156
1127528
7213667
122061
647730
4548690
4829975
3341200
6605782
3875685
7789494
418979
405232
4461925
5824418
7207690
3476668
220474
3586359
9782147
6238684
5827883
1029558
6149908
3642758
7133802
9943724
2199469
1012274
3608210
1519214
4019286
3535379
4600501
8407608
6140915
9707322
1645905
9236616
633949
6258395
447196
980061
9761005
2130133
5750845
2978632
8166451
9133304
8552601
4661405
9845013
4256392
2720821
6504767
3536900
1861154
6920024
6699978
7910322
7438200
311015
9669626
2445659
2331554
2052489
5823141
4320448
4890259
3817299
8062314
2371285
6201039
6259716
877734
4844360
3817430
7815304
8495341
3385355
4772634
21099
5209395
4743660
2777062
1059197
823917
4635068
4886534
7527905
7977632
3824068
2507554
9814892
9711326
9629291
5423021
5896789
834058
9489265
2206856
1624002
9883741
806932
7329222
8376243
2247463
7847135
1776341
7595791
916961
9166320
8077521
2384728
6288961
9750147
7668574
4512799
8351722
7679715
4622553
2913077
1349751
2387075
2534743
2761275
6687715
2216243
7289409
669255
470800
682221
5389755
9038707
2198218
9098939
7370984
7957771
8990713
1885135
515165
8909828
7622189
9071424
1463087
1649318
6393822
2147722
7008669
9078248
8056360
6658886
4423568
1022004
5101791
8419276
5092984
5088337
9371555
6441095
5031281
2133939
2299233
1623457
5011575
4403878
4312379
4791329
7286527
9167475
3133119
5107313
9530336
2418382
1024021
7172098
1199306
2161933
3003568
529469
883601
4275442
9362116
453625
5626932
1666551
8072895
9396741
3688547
6782481
2708967
6254582
8195552
1497484
8676395
9417340
1115585
9829616
8953169
8376432
258069
6532985
9967630
3586976
9264292
2789367
5693127
7268598
3752184
3401898
8527252
5084594
1975676
4422207
6103661
6633775
2319577
9662163
5653676
9927925
1563104
4878841
3071192
831406
4917097
9639345
859023
9417404
8317804
5034854
8785481
9767393
4327342
9333027
5569900
1369056
251585
6541867
4281125
1135091
9910627
2679979
7214295
7950160
6585351
4779483
5805430
7330286
8097815
8559058
9588756
2034316
7662802
160643
3787832
566760
6266703
1913220
7573512
4972151
9902349
6063718
9058391
651391
5937404
4597162
2567000
3069845
27258
499269
7053366
3900300
2513828
7369406
8510002
6939365
3330618
734732
3386108
5798514
1702868
7432788
2887647
2724049
5791474
6376736
9134689
464931
4559495
8814983
1187696
5061509
3775483
3759113
7140422
791855
2164015
3840308
8452460
5606597
8876184
1894923
1490011
9668290
2781574
3765016
20491
4380933
7929669
3832379
7906934
5934498
9360980
3882477
7313658
7812056
7242702
2191874
1665893
9867329
6872714
7478170
7183949
3510494
8392770
8797169
8246174
3392960
2179700
7935722
5764783
8937292
9556493
9732116
6456410
2162049
8285643
5597739
6469106
4865097
5943721
3762152
7402004
5222937
9481128
5384911
1640739
5002092
5774605
4157382
7581693
5528764
6460109
1677330
2430350
1223109
1057288
4309982
1509786
3865671
8738123
7221282
3888569
2160147
9781972
1736507
8374149
6380424
8255963
775609
4557314
6787904
4593925
4684514
822994
6873101
7656285
1449777
1489719
6463317
3281715
7997525
7951154
5335524
1529975
9782353
5691247
6350080
9157547
2063904
1826464
6139708
2280181
7538993
9509091
6515337
6899258
9188829
5776517
8131291
4735879
7514509
7801371
992353
8874276
7856029
7994190
1289999
7662985
2148926
7317178
6972702
5190624
3947756
4735891
1462878
8142122
9631423
6358094
8399503
3929846
2702504
480333
9137324
4682540
5124366
5457452
8870352
1700264
325386
309805
7147422
5581957
333231
2033989
4615640
3462651
4768943
4108988
7556117
1935712
2601434
6563344
9674468
7025412
1839207
3237651
4492951
2112535
1474771
5510226
57830
171526
8815323
8940621
5570374
5866860
7876637
9528305
1341894
3392995
4060434
3338373
3380038
4048477
9113430
3301133
8980836
5483133
559803
1184783
522575
7123516
671871
2798617
4016802
6825960
7543151
6060141
4851720
5545828
2361543
3013662
3105664
470831
1066987
8208866
4318796
7125092
8657285
7216980
8052761
3858011
6318646
7099572
4362087
9340525
5870980
4672757
505885
1439234
7083569
975739
5759815
3737437
446499
6128701
5441123
7414475
7072159
3227036
9686125
9129106
2890224
1142277
948737
6972290
8066516
2930934
4872254
587922
5683157
4264372
9093837
1963004
8580933
6149052
6797730
9334809
5924691
5290278
8763861
5180407
6859611
7256027
8319967
5192987
8360532
2827119
532397
6894250
9165295
2752639
9772366
9406141
9498137
1381947
9969175
1661179
7438872
4458761
9588532
9767127
2773493
9308964
3727997
7569593
5573425
5438312
4804453
720527
1179403
1188304
1055889
7602203
2698603
91644
8073298
6916019
6597867
