5717682
9901152
7443317
3658624
1759185
888702
2656308
322867
3558574
7560809
2019242
6158449
9708926
9902292
7696165
3751549
3412136
3519617
3698220
4453686
6264133
6070875
9413513
2985133
9336531
7456794
9761871
499092
3390375
8733600
3857032
888618
7702926
2954319
9338196
5776326
1442933
1154963
6611087
8685807
7746559
8405647
1543086
8982714
2149228
8793395
538408
3633488
4537187
3606420
3888876
1398416
2548916
3283425
3542715
3877479
1551689
9017237
3737247
6365393
8419990
9206036
554734
6736147
7095255
3714023
9650019
9921084
3874683
9387926
1651892
8908988
1948824
5160572
4449348
2404213
5748562
3725940
6270721
6116757
2586871
1534516
3585381
2257502
1001994
8657436
1666639
2610444
6364637
4762750
427941
1712265
2572646
3264345
8441222
4832686
7138938
65035
9363678
1745335
2126876
4005601
9175071
5223004
8699435
6109694
2254694
881613
6916815
5830310
2907549
8645736
3659351
3231819
9947270
3294677
3406622
2621360
7308261
7041296
7845006
9877169
5312143
9039022
4775233
839548
135381
7853494
8930034
355877
1479604
4353110
6293314
9300592
7639263
9639136
1229295
3732911
8324316
9374035
4922208
2544771
5248195
1006724
5709866
9074553
4529788
2720129
2766937
1097435
1235475
3858965
1543098
9661991
8680313
8877606
1721428
663229
2114089
6850834
1102303
7749790
329183
2501666
1050851
7898862
5986199
6537770
389134
439566
8995953
9071516
1107037
2826864
6729672
2967751
9036150
3169022
7844981
9179024
9417445
7304220
207562
3793791
1597951
4840078
6820182
1510187
5234270
6281073
8737470
7339176
4516900
57799
9991850
9833621
4767631
5325864
7740130
1919854
6764153
4123807
6277733
6690111
1266209
4560792
4487093
5223539
1305654
8391241
6299515
9238628
4723567
2020913
7232641
6022950
9241555
2897674
5125322
2744556
8345272
2333087
4348908
4510016
6816633
232346
4139070
7226900
4500248
5704373
7436377
6812941
9747315
2519873
9435817
7443784
8585212
6227290
2221521
5450331
7212520
3293157
2479464
2331168
940034
5661781
441792
695989
52178
685612
8919051
1750859
7149017
4843320
8723503
5859407
5477002
4310356
2278838
6806112
2728665
2285196
9718721
580567
370457
5106455
5924825
8698654
465859
6614799
1073398
3851169
3846747
7750635
8677029
2185833
3398419
4207092
3525833
141677
8094277
1885956
781627
7330213
8769159
4223902
4626830
303883
4557826
7968560
6649078
3327180
5805701
8684732
5527634
385011
6173964
7746899
9627287
6225023
7592801
1064701
5709541
8782234
9135898
7657223
3395181
7068830
5569817
788971
4033964
1856913
880327
4683699
3115608
2974703
9951477
2235690
8076010
8613672
5710796
1241819
355840
7940931
3722637
8918272
2882482
2178708
8131765
1615000
6962788
8976191
5711939
6642165
7545091
8729096
2373067
3844108
7553824
4148781
9956632
4724385
1749854
189141
2684926
9129415
6317544
3885893
6296835
5756816
1708915
2938156
7076823
8005887
5915831
5224005
1782028
8893599
1325234
5096486
483211
4581555
6923622
371822
8042544
6560736
4748942
7610805
1759704
9811158
3753731
85014
6706249
3107407
384747
8467824
9883063
8182667
319783
4515850
3497845
3557370
7603149
699944
5777813
9297892
1378052
9681328
7964954
8154454
3143216
3509652
6626630
2365762
4879017
9634189
7471213
7271985
9385009
660202
4234455
7845188
3004884
8574431
4967633
4505242
6102414
1328462
569098
6113374
6758278
4977958
7364357
8349282
5040839
5966005
1493668
7936712
2204092
1228610
9913106
7880661
4432983
5518708
7717363
1660202
5852514
2002188
887704
2688137
7453187
4918778
2311777
7894373
5026841
7096630
4716265
7998229
7539647
7373498
7894058
7494467
686981
8723546
6654987
4605419
5352092
1280868
1544435
1245178
6463748
5691450
7790767
458431
1572768
1115801
9371902
8127194
8395160
5907371
5276368
9812550
12026
4963105
6842186
4535742
2110372
291183
4167437
6430337
5586925
9063743
3383026
7468049
5519333
5840423
3208592
1678428
3806719
8888375
1418072
5082137
3733937
7880776
5619732
5900403
3955878
2130134
9919050
5259873
4078638
2834625
8729764
8980659
3390601
8044710
9637706
4127243
5860045
888194
2626239
2782376
6156833
9553651
8835206
1622124
9691028
8070589
1449224
6678680
7852883
9207389
840412
1724842
9603284
1381861
5118431
804975
150271
1310001
6358239
3626588
1895871
8711498
1715504
3474399
9300785
7151305
1930943
7415137
1061343
9603464
6242004
6192748
6235649
6120629
7053776
8484162
4822667
7798441
8137404
940327
5010133
9075315
8556333
9087806
1897934
2095893
9118830
6854479
4202746
8238967
1313752
9186704
6251582
4175050
9693716
8277476
3773376
6034284
5312251
9224386
6031426
8301866
4779506
4431416
69912
5136014
330
8524664
7641766
7018737
4408206
930550
551827
8556838
712222
8061128
3126333
7176103
1023447
6432013
823672
7449313
218636
5080445
876629
8585099
728602
159565
6494287
5560600
8327563
8239487
8829743
6131668
137541
5590826
8784723
1046873
16584
4911389
5275439
5008274
6879952
2191249
8576538
1605064
6499705
4371831
7805781
4637676
7631796
3736541
3285508
9303223
2341546
5495309
7376651
681444
9887455
6696850
2557459
5636523
3140474
287802
2445510
8529353
8219879
4033790
8596620
3000739
1216418
9558254
7421484
3915819
2931505
3928087
9534022
9603747
2158663
9737836
7085200
3022418
4014455
710962
7488643
6129998
4518575
9239020
9135686
7699104
3820504
1387790
9265352
7956438
2987483
4886678
8392629
6837564
4132551
5213329
925777
5229462
8263078
6133148
1343566
143909
4725198
2969258
6124877
3347374
1806419
530381
7972161
5405048
6687496
3364124
1684398
6934588
2706268
1088069
4304158
3347838
4024729
2571201
3398089
3627076
2688134
3592710
5503428
6954602
7511140
3627310
8045673
3237871
2478141
910401
2731953
7063556
5100275
5862143
6831967
8361091
7798332
2642572
7427385
3504118
4772921
7157184
675934
3192850
7781252
2514983
5957090
9273892
4882639
5738439
6520450
1272506
2233404
7543780
4456949
8457029
6081100
4870071
2536908
8943342
6408810
5270673
4365139
6426192
6736799
2135979
1414131
4962808
3206368
1304496
6480006
6563835
9551030
6212795
6019053
5656471
8947508
2612684
8909775
3467795
4965376
7459614
6611183
7582089
6949579
3089571
7142311
7169272
3566468
9562103
4219019
5002929
1339646
7796587
6572509
6153898
7293313
8937607
4513396
9827
1956284
1018398
144722
2266758
3158220
8955035
4089319
3232517
5820449
6086307
6671778
6129100
7732723
6883959
4980792
1526686
147636
8857005
2753689
1366026
1642885
7181514
6663964
5623592
9960533
2332512
7812254
6355718
4042167
9871934
4000494
687896
5872035
1452997
3295788
4249958
4457828
4181531
9576509
3692335
5686200
4251840
3093445
9057852
6694962
1293926
3863704
8737283
5620968
1166598
3667639
9527620
1531769
269989
6941285
5467849
1091143
5696379
3428016
3824185
322575
7358440
463206
5162703
6113670
1932774
1120546
896676
2393158
4850081
3916594
6980957
7395669
3038231
6441602
9401032
3358664
8903649
5610648
1586301
6726032
5667732
4874652
212467
3568809
2234290
2985256
3847052
4579442
3176471
3387147
2173591
8393160
381567
2509460
1975782
6876926
5615443
9727146
2452058
420523
5603718
6542519
8502913
6707132
1215652
8450134
9991732
9342507
6461228
1030798
8824044
4968050
4303831
7924827
6525928
1023317
5466713
2339731
6693272
2285756
2530517
2212479
8988681
3928719
7975783
2128610
17531
5924697
8518492
9972151
9293460
630637
9442835
4106872
1509441
9428584
103019
9458033
3691082
339378
6297775
1555398
470671
3133602
8663514
1092898
2880191
1834945
7040590
5574549
6645897
4073410
338629
5275751
8422643
5697306
2339141
9766833
2188724
2123712
345187
7866448
2496536
274820
9842620
7910665
2656569
8387338
901411
2783739
6211335
1148996
4563133
1797778
4349932
2397602
8305811
131981
6905100
7306493
6365863
3197377
5768843
1938962
8380427
2845928
4747529
4062135
1522369
3240788
6265368
7851548
9960786
1213675
1207545
3829603
4719412
7831331
9968542
9252264
1250024
1588323
9411832
2761429
3212794
3457687
1070524
6088811
1947255
9741533
8269538
1110921
958700
9049439
9512427
5095594
3788694
3351724
5384962
2770398
4296134
1078903
1271168
3755315
103140
4964434
334930
6711617
2648747
1137742
3850716
3711569
4459330
9425647
5638309
162619
4827710
8947146
8304099
1089931
2877566
2414397
7862214
1945496
9016311
9798287
7567063
2432399
832041
2808981
7794385
9904833
6245890
2992830
9724049
4479293
113779
4242211
2956029
7054143
6149912
9080994
7949603
9194985
8971956
3788231
336754
4713770
4162466
2204087
2500436
7592208
2185547
1445058
3260837
237824
9880201
3139561
8958156
6407720
8726591
5510324
5104790
4740916
2376468
7809937
272805
7537464
9859410
1597804
3251756
6111822
7341348
9861430
6031008
2906332
3025698
9135952
3053503
9591513
2254155
4944543
6914634
3256798
9627646
8790022
2818897
370056
8366847
9983321
3564423
5050066
434405
4914304
3995347
8680466
839273
2723386
5327077
9292768
7980204
6837078
9295382
5587512
773844
4009220
4897065
2756397
9727359
2012763
4543227
6482039
3455128
5754398
5489446
7613551
4375605
4503068
7378260
8747935
1995332
8180506
3653042
9503453
3454665
4699626
4405689
1144894
723358
7672626
4867913
77455
4701297
5753812
6186976
44571
8683351
1024676
7902714
2429441
5882172
5225447
8475958
947705
515240
5888172
5666782
8908000
4181800
9258042
1145481
3710972
9737225
5176823
1794703
1312541
1828586
3706460
3562692
4323315
8046266
955319
995850
8599508
9694969
2053840
9075833
462612
6330114
3242142
4460468
4736491
6912619
9459529
7541867
2846120
7364668
4180597
5029540
6000321
486374
1956872
6613265
8081526
9760141
9647428
8476060
4500941
1092842
8870959
7897902
5295365
9231412
2146286
5395421
52409
7967903
5474666
1923257
9538518
4694473
1467547
9603705
8185106
155822
4673078
2491551
8672180
688682
5482841
4085738
5359120
6200224
1269521
5596590
8040168
4314824
9006352
2353986
6271613
4099724
7299941
9787981
8037416
7110808
7830510
6789306
2103649
3961208
681959
9971801
2728326
392211
856753
4734225
1286188
7826272
1956268
2237559
4322379
1831852
1792911
170368
6357655
2518810
6404057
4435847
8415164
5855849
297175
5080082
9878232
9977734
1082938
238190
8754222
2021480
2474562
4430518
3337925
406614
8162755
8653925
2110823
5286162
4078983
3330872
2418732
2764580
5698102
678341
7457359
5378931
860938
3915289
9473149
5433243
1780519
2239345
9233099
572577
9881633
5640767
1673852
9619108
3658011
6758661
5760593
7833271
3603620
2409410
4655502
5189395
1662159
6222210
4261013
3107205
926533
7735932
3339234
978239
3426298
2086808
310156
1759659
4981792
6080544
6754495
4923689
7372568
428664
3380666
8413330
1900397
2672603
1343557
2909459
6396088
7852500
9775147
9404568
8431732
5328772
3078766
445581
6695662
2385650
6136038
4061731
1127375
4237482
6881060
6734887
8844753
9892836
9720304
5824721
3529329
6450227
5659379
5651512
9952608
4843906
4616592
419532
5143391
2961555
817410
8267068
9524747
1684301
1289162
1551512
4339727
6331505
8459603
897807
4591192
1199706
992119
7048823
1219897
3205238
7073787
4872445
3939778
3849883
8223263
9479943
6966194
976575
3074092
5147810
6621890
2905665
864281
8335052
8663235
8584008
2386695
8801900
3614169
7667925
8034423
4295353
5703530
5853053
5753525
9177634
2314497
9116677
8419900
7283224
4879027
2387238
9630773
7746019
2530118
198849
3467411
3692380
7940095
3276949
8447256
8353519
1354651
5897621
6510647
8346922
3123172
3508206
4294840
4164725
8473900
3572865
1013294
1849686
5343074
4334811
713125
6973599
3798591
6700927
2640557
2401000
9099315
2607058
7339237
4454729
1345109
1584372
7231646
4465901
8771589
3772427
6011388
3084119
1558763
3411759
5212243
5595654
4757542
8881928
8570591
3145937
9924187
782545
3579405
940592
2800491
8502815
3556998
2365464
6328937
2104440
1002231
8425925
2633436
9659808
6078655
1669567
9708491
1088199
3967462
6885813
9477475
42627
8254176
9512379
7625360
5292747
2503985
8942928
875413
7064426
3595795
2050860
8712998
1345868
4613388
506699
2270731
3809905
249751
201060
2129311
9003701
2828291
6761488
3747541
8020807
5719681
6146699
3509639
7905719
211823
5809100
6772385
8322178
6909380
7401538
6781069
4479272
2000429
4050885
2307349
1024243
6678975
3762096
3398241
2308312
3395290
2710850
2590491
878282
9230021
9718893
202280
7663519
9490033
8725066
909141
4067230
5315120
233744
7430167
4280383
5464044
5238207
2455707
8286025
2486100
5900976
9156921
5420188
7057475
2755179
8305284
6172145
643678
7397866
2275690
8722246
3103214
7591005
7546862
6108941
5305904
5608879
5937273
9131821
227944
3895865
1311278
8020403
2597990
9767428
4842708
8437618
9698671
8561009
1696533
7282588
316346
3413683
3261265
827056
1748736
106424
6749246
3108279
9113503
4938226
7544553
2068246
3851318
4653787
6501638
9377332
7418079
9073333
4425921
6764290
8464911
8885722
5814577
7800307
8553590
8913149
5213792
8024734
6618231
6711014
7070237
1261282
8216569
7593186
5023297
9718348
1525525
293365
2274523
805679
7357447
1524749
4533941
3679884
6349343
5545709
6620293
1098589
2743608
4383369
369106
3828936
4118947
3439467
4305988
9690257
1166084
2911948
9316113
3944624
4880963
2467359
6228594
2235557
9246021
4416150
4918925
94082
9317231
7027969
4404528
5236930
7593291
5363331
2418396
4595821
2272447
2924651
5200811
8901898
1625476
4657262
7496415
6754015
6382774
4147452
9527889
4628
8659240
8444876
5083764
6317725
3250116
8962560
2328050
917119
7953866
7174896
5644357
6772191
1325872
5209548
3027482
8032245
406894
3551400
2977700
4341248
5563292
3572012
2398779
1088281
9638753
2343486
8983199
4509926
2987488
2594865
2484345
7624298
2410006
8214068
8481156
4032357
502508
3057665
629653
519391
4292707
3276217
7364141
3493892
314076
7369174
5151743
338473
1971175
1291460
8613049
5991558
5860436
9776246
3451563
5837437
1057219
3564520
5997661
5097065
8921975
2806333
4040969
278112
6732222
2420263
6110744
4047976
8449486
2564042
2125617
7060356
8796263
4658330
6397440
980281
5907273
570750
5575744
2306364
1815528
6683891
8556073
4249900
7224238
101352
3684398
927699
50087
5615050
8770973
3691816
2875340
31678
8732523
3107541
1480647
8204968
6971649
8380626
4756313
1558587
9034493
7768547
8704056
6628290
2919203
2138686
6979524
3658046
9254668
7707748
3802097
245760
6261195
9892155
7254749
2963152
7999533
6450
7300956
6914499
4178597
7883450
8176299
3429047
4889381
6406933
5631693
4547634
9325417
4263275
8066110
8346888
3376137
9918571
950536
7002995
1061503
9028961
9821880
1787646
3315335
6858978
5125083
8595470
9994842
8963932
7431269
1645461
3335260
9567729
5375336
6088745
23097
9336217
6261954
6794600
6387552
3841501
1015313
5909766
7440938
3669299
4500923
6303043
167562
1509685
5368415
7460478
517160
4000749
1437556
9354974
7969291
1115261
7510091
9323760
3424381
1438245
3788440
5000187
6200526
9608858
9079235
4986213
4671948
5616531
6042030
6245342
6167948
9153544
1380134
9498081
2626487
5452932
517350
9301464
7738856
5946153
8036654
9206795
2901066
4378308
8156843
4792723
2071349
212747
4675272
3795481
2864732
7996319
2857335
8372759
1521112
4626486
4458902
5967999
1392357
3505362
8944454
4352140
3117895
56455
8212668
3590025
4596867
4818865
6005606
9643212
6603222
2552432
2035501
1256944
9112384
4092646
9632472
5954305
286129
7122933
3590579
7102729
2729428
2518492
6572158
2503745
8309122
5574872
3230797
3990125
2475256
2763543
5757142
4325049
9233620
5992522
5184290
5795004
2514708
6642801
2521994
5629901
6195530
2582546
541437
4200554
5758548
2237875
7721590
6713077
5142956
8914132
5955313
500717
8394744
1086416
4136829
6153028
2134296
679220
9576895
3238370
8416107
1227259
4689280
2622367
9535080
7799776
8672457
1534165
2242236
1699609
3809540
237728
4872323
7059280
8873007
3611131
207752
8816536
1434900
3758963
6107445
7991872
2467620
6527195
7893887
4074037
5373398
1472763
2093602
9530630
4023138
1470733
5463289
8129059
4495954
8091220
984545
4166986
6401652
7356978
6710304
2820751
5144709
3347140
8278294
4999897
1531587
2518751
583830
1332807
6995394
9706517
2672381
3934558
4683126
7500343
1757399
7876236
2920910
1643134
2800666
7229270
927500
6841744
9078181
1217941
1955067
6545090
1586971
5879338
2428487
2975665
3134160
1646787
1611665
4788905
419784
9788937
2471079
3989437
2814333
7545835
1102723
7604268
599845
6341501
2521553
7544836
6755787
5077383
6765239
9039708
8822403
1134445
7009291
552191
4747466
2598580
3766118
8946520
8661184
3503043
8197506
2977036
937763
8517106
5243439
9433324
646475
602462
597927
3831741
2144894
8527321
4619953
7653920
8700589
8836008
5569425
7126946
5593189
401963
6871486
3444766
4185225
2060820
3388077
1608691
8336968
660360
8928506
9982414
8042502
4088799
5444023
5949689
187442
8144977
8361469
8843742
9573962
3397001
3028582
330004
7525292
4611409
2279348
2787237
304396
3116446
2498819
4298222
5825112
233079
1365564
1220193
7633677
1199113
962195
9082399
4217259
9710255
7408754
4928982
4834448
8246416
2568268
8396270
7216961
7455458
2814977
549809
9742854
7002873
4587148
9022888
9733600
4393161
3718188
5430943
6114107
3287113
6073370
9713151
91511
9301213
5564312
8329798
7300716
5875979
7193378
4978873
5391114
3923436
3199541
4865892
398154
6658205
5495567
4708018
2449419
5384161
2098059
6132601
3442625
3708694
2802698
6489111
1698971
1863024
5842486
681013
7535624
9749423
2573985
671843
8523432
6193523
3065664
2073699
2157928
9975136
9604079
660869
9726906
3037862
1196434
2126181
144471
6682832
2533009
2193233
5931309
6587855
4079614
1487363
2246537
6166787
4801065
3636686
257113
7953392
4305455
1000589
3419275
8139261
9980171
1090454
9282272
3554556
6898865
8773621
2679990
6921579
5898866
2747040
2464245
3477370
4678275
1003284
2177391
2875040
3564876
3073820
5410388
3236634
6238524
4362412
5959039
738250
7142131
397328
2024098
6133950
9925326
203690
6805279
3625887
7943405
7610167
1441551
913340
9195942
1919378
9578916
4283039
2757259
7488125
4087469
5813369
3146428
3215599
4001201
1960641
9339542
8609109
5898543
4050716
4232208
411691
369999
3598792
9290032
9416737
4800526
6694604
6774599
1996755
8624116
9613329
1427803
1689603
263634
7756941
788554
3821154
2107250
8229905
4926144
1556039
4917764
9152412
2901041
9265769
740681
3648931
5307324
8182332
2645424
5360954
6546672
5521829
7859539
1684598
5944967
5528079
4878473
4769323
9817003
1039509
4620031
48226
1547151
7098085
3931656
469359
2307894
5422855
6506701
1349278
2676788
1471729
4247076
2346244
8805624
6339694
2487175
5188113
3448046
7883450
5259486
6964523
8541053
8198301
2528546
988173
2762901
884489
6409990
552291
4725495
3941751
5848391
394444
2123965
3651679
9795761
698184
5518845
6136987
6479489
9157597
1196115
3286526
6953716
2483886
4680595
9376215
7961974
6167295
3749204
2365886
7504050
2490495
6436714
7936560
5498029
4857739
6975634
1542433
9982915
6257719
3914277
3205052
6801126
6679850
6901802
3706417
7528315
3039088
7928389
8572732
6203407
6336666
1317604
2161232
3939050
5008792
2932161
733242
5007173
9058127
2736121
6499866
1838962
9524649
9218279
3874128
1626461
1626380
669727
4179427
5096885
4735009
3638474
6971529
9627409
2768218
7457247
7511694
4230878
9214616
2651423
2239850
7515544
299164
5792018
8783368
9634714
9221209
3113175
4395744
1886409
1380852
8438136
5068196
6437834
8867787
776037
2496767
9127570
9049842
5192783
5131527
5265958
7846823
2864219
5159557
8268509
3611425
7866200
3294694
87376
4097379
3804964
2860802
7735500
1522497
6747945
5930694
6251549
7976908
4104526
2285306
3811128
5161203
8722903
2647834
7695243
6211480
7526850
6231098
4320289
5149734
1138826
5128038
5669714
9819960
6927756
803114
5472566
1598887
6420033
842589
294326
3256095
9315372
8232480
9838004
4885658
971518
8427894
3277695
4248903
9311419
7911467
4574832
1345172
9926022
2169826
8788604
3484777
1070031
2842133
4911265
8284409
9749885
5163395
9446786
2687561
5191415
778220
7620031
7358027
9238303
8436888
8727517
7269019
3213287
3440742
2803127
4650462
2867462
5108551
5976876
3046345
2545151
814492
2004800
5470276
1812896
3467850
3787844
1656219
2988746
4211627
8121261
7381262
7773814
6485946
6602516
6671541
2145841
3091730
8389454
1567572
649741
9225838
7649162
6962793
5865443
7675588
3421135
8307418
7077460
4228714
127075
434803
2344079
3505864
2614898
4139836
569150
245494
9882770
8155670
1273522
7602607
5473484
5115913
2709222
4477168
9633657
6695005
6641579
1778747
9389298
1589194
7592324
7335410
270585
4304440
9726711
2692285
6827288
5847702
2693316
4569528
7980596
2610527
3535341
7971514
9087030
2802008
8087063
7717964
8829421
8539549
6730627
3505710
9075472
4253565
9495076
6677559
4860836
2227170
5495629
7721186
5161845
1415293
9873059
9088807
9531170
5348023
2346745
6821218
834042
4800492
7542399
3958202
4789103
4499094
8353106
7740354
4392133
8007010
6082583
1019933
1118894
5848699
8366537
7421501
9309551
9242685
9162888
9717246
9525987
9798285
3387519
6182159
7929005
7832979
3925265
7412300
5414385
9190570
9597658
3011574
56658
9380853
9448973
2092824
9513315
561177
1886780
8908738
6244025
2261616
136492
9452393
9026336
537584
4072168
4434666
2784905
1446342
7625628
1426816
5242811
5068471
7859508
8714853
8235206
6405415
6308608
1859604
5367380
5372868
940728
6305853
6507461
3507326
6440678
4076454
8103306
4928863
5419393
8320861
7096542
5344634
3075340
8976389
3526998
1282786
3170459
4855552
5321267
4156188
6553479
2916782
5590826
7764736
301552
5108203
200919
6018307
5084114
3902847
6750001
4973162
6411167
397504
9480338
814891
8306079
2260409
7543432
3300476
9304004
9136151
4837144
1182245
8343997
6275168
4057745
6036960
3551411
4050352
8588013
5211464
9176004
8182707
1264565
1549566
7004310
3709143
3480453
5401395
462905
3981263
1487594
6328577
8771109
261179
852242
7429767
4426171
2937175
9432916
2968854
9403688
4870688
7531780
6377894
299869
699487
6804524
8424501
5231551
2690221
776308
3924092
6668193
4924852
7875726
1022344
1498856
8872653
9563746
2442728
5923673
897941
2902491
3231208
8790417
5106641
3806663
8825451
3449584
459489
1466000
8017667
7160466
8285240
4936114
4970447
2283206
5321641
9695950
3580682
6213189
5914142
3300854
1710744
4629309
6602899
3655056
2670071
7290648
5092627
2083398
5036825
2038826
7955120
5869560
465473
4761756
9917192
705469
1904160
4960735
1907047
4916757
2837567
6204829
5875694
7783898
8552729
8588251
8460006
5768734
8741630
7051212
1644326
2151928
2128287
7789120
2167494
750915
3408150
9458696
42
2397227
3983827
3970941
2839805
7556076
9685672
2125340
1175700
7728327
5932168
3063615
2870910
7893175
1014586
5602877
6833160
8553563
839248
6853855
8881094
9387634
9944498
1949933
6725857
9595095
4769311
5937475
3073269
2339674
3691260
4355050
3249919
8090801
3947879
7144494
6512775
9009676
6855091
7347540
534550
9538131
8736596
1898333
8729007
9998975
5090768
1117152
3506902
265657
2025969
7788980
4228907
7926938
5073548
8496292
1008113
820835
450534
7486546
8505828
3387066
3397202
5108832
8586790
94921
4300613
6557086
5374520
4218622
2349736
1378610
7015622
6136954
6256693
8982769
824509
9482267
5816536
9369362
6729899
9504169
2761781
8655304
3922310
7816450
7082988
5567360
40601
3735105
9754990
8786913
1112362
2318680
371513
4751475
5280018
6665366
2381792
6197548
9089521
5824487
1504253
6999102
5422715
422012
8663677
4783586
7560095
1857965
5166886
158575
9508545
9099289
8492231
9686839
7393557
678723
9252681
360461
1723151
2206671
3070819
3060775
8070813
799599
5103466
9840095
1058593
8218292
8858658
9515675
772134
7713935
1733324
6375043
5851821
1789144
5224561
9979989
344056
7843210
5814327
4827674
1536878
9542302
4282488
3632852
3911306
1842710
8776075
9914692
6643951
6674621
3848034
2113412
7984593
6183147
5071249
8432294
5525831
3418489
2338512
9336948
1401314
367832
782985
3900806
8705694
8992241
8864190
5692260
7189668
985598
6694802
5346650
8183333
3010826
4495328
4716596
25222
6821178
8727553
2020002
3687506
1871371
6125061
3517581
157810
3393034
7101262
9498257
618225
4775170
7058048
1907998
3554034
8608671
5883258
9194240
7869973
7048853
7645587
5316810
7755269
5751247
1579437
7962898
4009441
4806824
1793577
8909635
4378438
8439459
2611496
3568010
4186011
3169206
6045483
4216547
4274956
6837424
276523
7304667
6978274
1897770
9471756
6577202
4756655
784803
6705039
5697255
7940390
4146988
8329566
8709128
8141693
4933319
5824120
3497161
4924329
6899932
1126554
6087912
7798414
2176356
4181836
2248450
9879533
7966176
600373
8278169
9767610
286938
6368776
7663432
2310006
8461008
6624497
9442747
3301033
5397842
1020130
7210435
3899537
6967427
4963231
8008721
824216
6523482
3040763
4582537
5671734
233979
3019112
8996940
7094235
9976223
8009541
2557905
3546667
3493533
5168137
2472584
9694156
9009059
1729436
6956369
5038355
6739019
1150194
136341
9700566
8444611
771628
4789731
634030
9122810
2185394
5337461
3475332
7971410
129172
1391436
3669624
8601869
7884188
4667893
2702936
7330775
6653742
5114910
2173955
6413203
8898740
6232449
8865470
9995291
9499968
3858238
7485485
5712773
1683231
4666999
9307268
8828287
4036522
6352271
1625199
3884658
847825
5705340
4030090
288182
193500
3503387
720960
3417661
9578552
272676
4076872
1587040
6214618
5233516
7013936
1069441
682366
3680840
6976988
5654974
9436405
6306314
7045558
6822629
1281059
2378724
6125779
2453597
7379364
4171454
2996955
4145970
3195212
8566788
8956407
2933755
8543589
9733459
7871975
7091505
1775165
6737891
9133363
4169167
7213160
5610590
4421551
5020364
3618196
3236868
7927726
4503370
3483469
3915087
9336290
4288614
8699929
6046184
5110480
6426448
7839140
7404362
3292895
2294839
7154179
34643
7131075
4925927
5732694
1861052
6839541
5515603
9136588
2459774
2762634
4494725
3220645
7580214
8090269
7723744
5300714
6000653
4704969
3381096
4762073
8913349
8034227
5352202
2782828
212005
7579524
6693061
8661131
1178064
8206135
2023840
9485267
8822519
1450226
7879824
4106739
4035313
5286550
6931762
5073430
8488239
5519609
7821298
4480774
3576208
608482
9327349
4354515
863767
9427790
7567687
8295015
5347088
5481428
9250046
9956946
8367952
8144876
878733
9805139
2118834
2034438
8629897
7789125
5509684
2440547
3959966
5656264
3224823
7736495
9806415
5671953
6294599
6609940
9812890
351359
6164882
745182
994449
3955994
269690
2803767
1733138
390032
1444227
245366
4878033
5949541
9812858
5598764
701123
4105195
1352965
5722094
4253267
5573988
749256
4773810
1415925
7436552
837526
5405567
1532863
8052511
202694
1152904
985484
9471167
892649
6749907
1559850
9174338
1888953
532899
2813798
2017336
3850373
1551733
7848983
9982238
733449
2915591
5646566
4786633
5912120
9380468
1275607
1893682
2808747
3188370
783214
9856994
4123499
1910605
7028545
6875430
3467329
8630893
3036787
6465409
1841837
4981831
7901762
4321790
1805784
2375502
617759
212199
3904083
9772559
7610719
5821561
6605108
3167078
9797122
9489954
7328473
5310206
7371635
3050528
4073917
5874125
7467405
3065832
6590439
6011326
549973
3927943
5953537
5412685
3886330
8534910
9992063
8169248
1791467
188707
7776042
8482590
1733095
213764
6596607
5247544
2377842
4849065
177183
350939
1823132
3874527
8664289
4191203
7976963
4273348
294827
9427298
2430054
5970266
3781479
8553081
5182961
8428832
4481082
5547045
1181833
1488353
5480126
3484395
4786007
2942210
2621962
484609
4882960
7401777
5905956
3270011
8298685
8394152
1341762
8867462
6123189
5723211
6972995
3783413
4321446
9287798
2957294
7636355
4641843
520014
2173023
8300350
1543728
5757662
6805906
7090197
8972671
6687544
2673280
3053732
6698472
8857761
4376423
9675896
6327979
5593150
9946112
3086113
2565293
4585384
7467575
4352563
2607144
4023436
7161903
9374330
773517
3889807
4192293
1404609
3848647
7304051
2201261
8071888
1647688
5803626
3547209
3222240
9695018
9076833
2230440
6912931
2049496
5724876
810723
4854622
7178656
399636
5712112
5803092
5517949
126767
3355952
55399
1357718
5479029
4095967
8712148
1205847
7603790
7532392
1356143
1930283
2180625
4910939
15258
3371361
4750877
7068353
548038
9162758
2634882
3142369
7981632
2072062
366724
9434129
6561466
6954681
4760374
4640435
4201937
4231921
6880570
3055569
6416696
123165
3085595
1679002
604536
1031748
6698458
6246615
3889456
2366087
8028816
2844525
5938016
2365480
5441611
2016795
1426751
9389152
3686016
8863444
7783228
5652739
1190073
6167990
7268992
4525541
9306286
3274959
7103240
5396325
8177726
8768499
199493
8310306
5205899
6254845
2005989
2522013
3705598
3700009
2691997
1712941
6110404
5957747
2828192
2307526
4741099
9471335
7252350
8696847
1257313
694684
5401850
9055769
8549098
5786478
9009081
264307
3823789
7408218
3408330
7176320
1406943
8715660
5675924
1742714
3172802
5390595
4590797
9395022
2889549
7885749
5732237
9351637
5220829
1944584
7435010
8530133
8608111
5042597
6678459
5225934
9036816
757520
9647685
8586157
3544115
4548372
6290565
7596353
3421028
5416203
6140734
5372766
7046149
7911805
5153053
3038329
8025316
819768
1092762
9160230
8718041
7601157
8177011
5190541
7450229
3433585
3681161
2372036
5896777
9067382
3124472
6308455
785713
1384138
1075498
2404028
664094
1076046
53313
1868944
6358494
9337074
1070269
4115502
4651571
2662665
9755422
5784543
2136512
3850484
8314764
2170058
3702348
5472288
8013938
7545689
1502342
1003455
2539289
9238783
4059561
9685847
3852423
4650225
1469181
2842069
3841085
8243838
2503441
1980184
6368607
8491386
5621174
471974
682104
9072314
4035963
1990863
7553249
6045707
1854744
7562819
8791007
4817681
1609337
1038682
4940879
3431486
4320706
4879483
8070589
3966791
2480943
3305788
421720
6946777
1581959
3955122
5136391
5726764
6956735
3701817
8244973
5383976
7291560
7430920
4897510
240981
8184170
4965433
1476146
6780931
6111681
9596513
1938142
9296517
7867749
4289566
3275494
4597406
5774665
2028923
6144374
6272282
5821201
6476068
1597473
7142205
1914977
9084055
620914
7121224
9701495
8677800
2631932
3703433
4653564
8329776
9174598
8429530
4100945
6459961
6121854
574142
9526561
1694609
8487510
3067682
6463782
619378
690397
355074
842491
6129672
4683003
7945181
9303792
7689959
8964235
5854825
6691770
6353487
9813408
823429
2218481
9728054
4312941
8110292
7928183
8515832
8665401
3690017
3726942
3032990
7341587
614681
319170
8838110
8726985
166617
3109501
944149
1012537
7965079
4197598
1043346
738289
9636526
2387219
7267427
6456540
4410331
6714268
7409199
7583522
556420
3916514
4271029
5397909
4048493
2440875
6887684
3366635
145563
5582511
2029665
4059057
5502768
1516428
809452
8384909
1706996
6470749
6762611
2358809
946255
1988221
7841514
6216786
4802507
9575053
6567522
3834961
5039790
1949933
9579298
2191387
2934450
9204468
8274406
5849686
8423762
9275051
6133465
3338922
290567
9468770
3737677
9987438
573117
5285038
6211939
7212398
2467781
7336296
6049363
6290834
1498125
3054649
3061640
1510536
6875636
5978424
8102929
2953152
7812624
9174434
3903100
7333835
4746665
8052812
9744834
8236723
3121247
608295
8633167
2001965
9588469
8644914
2833688
3386318
1845552
5249085
9501080
3840113
6053363
5767945
1676318
1411985
4275498
3835395
2207285
4419812
3676096
6093802
9167502
2367298
5927900
1053362
369707
1954771
6199209
4893098
6692826
4916577
7841172
1151476
3180497
774166
4728711
2144467
472464
8512820
1306336
7067586
4866998
7767087
3078436
9791256
2461035
1302445
6233123
329641
3731359
3737430
6992347
871432
2331978
9046445
1693
8642538
3105343
929853
9525498
975325
2412150
7243440
2624307
3369781
3771914
7525647
6148526
2990953
7011562
8446960
7183235
1510295
4527820
7814534
5626829
886577
8780351
8713392
9806748
1069062
3424737
5241273
39667
8037365
8361036
7073570
4220486
1434351
7191205
4305860
7192151
2717383
5585416
6156173
9412177
4619005
7979666
521609
6326372
4975294
414280
8092628
2746509
8101307
8004671
6424196
53145
9655172
3195101
4726038
4638412
1221360
8198595
5703761
1570354
8163811
7899699
8287616
2357451
9000614
8432977
9248649
5043357
8763628
8879020
5076346
5999876
4568210
931514
563833
6263181
2177995
9011321
1580328
7693672
3207555
7308099
3699250
9730391
5010137
9211383
3348092
3595876
7832088
6915720
4567734
6536346
9451123
208519
6269087
6615571
8809606
9255495
7660831
9146895
4938016
6805152
3052350
7217880
8208729
6577817
7750818
1888962
9527923
2883074
1309518
142752
3776449
541110
1977795
9694901
2886137
2448022
5588092
5419359
2719757
2290455
7086756
8485960
2182747
8536851
6351631
6176354
2881928
2321196
8980084
9644016
8618471
6845190
2092187
7988320
325891
6900514
7508354
1159493
7176173
7580452
6987790
9179379
7149974
7048724
233220
2569606
7073982
9988732
4911823
1950366
8417682
3815351
1991241
9491902
5985954
6366362
6882200
5285064
7527189
7378027
3681134
6069645
1321841
450217
5690813
6206439
4091205
1125934
7228523
3212220
205503
5915044
1582674
4133206
1119370
443490
4810377
8923875
3715610
136827
1268644
1744625
9852562
2225314
7970171
6656946
8149647
7864686
5536417
4873534
1349360
6225719
6569245
8988836
138770
7602492
8570345
3299064
1758423
8833290
5404761
7166055
854205
2324206
9300696
6397499
5718578
199023
1835717
771159
1394520
2844560
8907577
887963
4323960
5481440
1076055
2453680
2243060
8953920
5485763
4888961
6968105
9090543
8581381
888520
2929897
9629125
3242864
200089
4039630
5461060
46941
5593664
4979946
840049
2296905
1131389
6329778
5282513
2608515
812520
1793181
3757111
6892679
2824868
7119697
295988
6086786
6083661
1381517
1317464
1442083
6113448
5074247
7316637
4202270
1673043
3237643
4226283
1035297
634157
9827130
3351400
3827897
3193226
6280949
7199835
4316579
8849450
6532354
7864832
7790616
6223370
9611204
8098279
4250122
8506665
1669297
5653662
5000264
6407267
5532881
3269180
6581171
244035
2507914
1031331
3630778
614537
7620991
8127208
5161744
1420457
3538473
1840161
3139491
7776198
9470651
4195409
2745732
8925202
7652332
9157629
7110415
1980922
1425993
6576566
5701233
4188838
8701958
4298989
9062892
4255692
7487205
669041
3332508
8753280
57245
3597585
1316458
1139833
5594282
2171890
3955849
8642102
1967434
6299574
3839246
1750156
3084591
7658213
5892221
1127886
6494197
9833199
1684756
7175772
7030788
9056768
9154817
1214495
6828208
8173264
6834190
7489099
330745
3578778
7470813
8232669
3766052
6140055
4775708
6788367
1424420
5851503
7464504
5670049
5724237
8099914
2680717
4925499
3300501
9382837
750052
528032
6731939
1751908
8447899
8140434
3568213
7933706
2896387
4240767
3852636
6732536
4098164
1895915
9455045
944687
5839933
2119720
2647299
6055147
7049593
6073089
6282873
7628744
8085082
1092260
4201337
479383
5951235
1137361
2413543
9021762
4618973
6832037
693820
8437341
3687271
2272747
4087855
1549348
6402955
7816825
2561211
6452757
8794937
9235366
6288694
1584834
2957936
3323905
6948675
486488
3468156
4852267
7525288
1008056
9116779
9729500
786623
2390860
1729383
4694762
8915216
3969012
7155475
8343763
5956802
8721125
7658400
4479018
2901407
7046924
8766474
5691760
5778
3358301
3349141
480365
9607737
4867578
1929542
1487212
5889116
3845068
7019580
1840132
2184002
375695
4651
4963243
5493215
1910288
70934
7751189
4383143
1531550
4623589
3793845
9588715
2169632
4230089
3167862
4471392
4326498
5211290
1012790
9973614
1433377
4148181
491744
5063912
358120
5982925
5731885
9088590
5747800
3781953
7334496
1372860
9219124
6367905
2610313
9060374
9550306
2337816
770687
6184273
668938
8811317
7329591
3358417
322952
4914290
8042230
1756892
925546
4541828
1402624
2657506
1613893
8698779
1820678
6781543
3943371
6339357
1584419
8153787
2143505
8455526
68653
5809453
7798295
9771608
7680953
1347063
5392
543175
4293430
4950086
4227243
7789330
730670
6813270
5476442
411163
3329356
4889836
9283408
8764374
4134234
9348114
3077974
2841318
2306425
2562785
1340558
8290490
8006955
6782522
7543984
1621326
9941910
7086615
3121013
280422
7053976
7757536
9359979
5219746
7073635
3809893
1409396
6543361
961245
7530141
7191919
4808479
6000160
639356
4217040
9297184
2878569
2466603
3108280
3901021
4016403
2016793
4787543
182466
5337740
6461814
260389
8798359
4095108
1684488
7222140
6059872
4691165
3011076
3247723
9552833
2291542
7868066
3699944
8531502
2982265
5416232
2540111
8766489
6695389
2690754
6407444
204924
9652504
8827574
4097143
4189533
8348318
3117032
7791609
4546554
1179324
4694633
8302597
9786653
1761904
9923441
6610690
6437328
9470201
6695630
4287046
1531655
9579068
6632612
2968618
6056548
6985769
2763702
4410269
7169814
6353707
5554962
7579367
5488570
8392409
5515872
9920494
7011616
642989
9428275
4499473
1244739
3777838
8578398
6060870
7381994
5520427
8447521
8182422
8986668
5262142
511054
153548
3122922
6993979
5510389
4226111
6646912
4474487
6344168
262640
8738305
1300144
8037805
4122286
5611738
388994
7403901
6501482
4584683
3988664
7310421
5246714
5768744
338441
4486415
9945456
7031053
4329559
5296193
762255
8891535
3981764
6985620
5020662
5631522
1401135
2739894
1962165
9313941
8055089
8023884
3010925
3846745
5546264
6763075
2947327
1687390
9811583
975054
1598669
5477336
7133825
1003463
8585718
5619408
7795648
8000665
1139361
4798429
9001594
752441
7280084
3470410
7149642
3098592
6514637
8743361
5866162
3564411
3145711
9320588
8814614
3419492
961978
6932860
9171028
2507054
6987491
759680
652680
1480526
7337066
8171819
6772350
2563977
2944963
6506282
8721537
6153344
2816317
4427052
2026325
2270654
3409009
7500876
6222790
3190139
7866449
6123776
9408484
1935475
4876958
4823482
5164485
4219357
273514
8502481
461027
8198904
2536424
7134948
9331292
4024397
6040129
5041288
3648600
2808207
8127736
3830750
8142973
5694757
6366682
8318172
4819328
5075698
148113
1025344
1783610
4599969
7090435
2362933
5765589
3639974
6064967
322839
361281
3328667
5691128
6672030
32630
445140
2819900
5597686
4416629
315661
7003432
9420681
6384041
7549308
6478279
9035723
6124644
6240598
1873952
3854954
2832257
5594282
9590950
6801492
2489871
3295327
9775060
3932680
5568304
8355137
3309583
4677845
2752247
8422818
414082
2388994
6421210
5921130
6182562
1029851
4000680
7219340
6965761
4991632
4046419
1740020
7085311
395255
6373755
4609117
89363
2589969
8563433
1754021
1853709
4792525
1065546
7863405
5235765
1135039
9514256
8148076
4392675
9764755
5087549
3606032
5737967
3884246
1942699
4660946
7774110
8460190
1309950
5491575
3531909
2738612
68779
1942283
8284506
8731814
1732342
5655797
6873533
838391
4494268
2471806
217807
1210813
5964815
7136846
3679709
2046789
3423106
7418871
1701795
8374849
3658053
3318625
3519382
4573150
6475669
9725561
6622388
7118685
6272955
7814997
1906852
2663418
3220523
4651492
7588227
925852
3772797
7936861
7420057
478661
4363013
1640186
7127053
7191915
5151433
8806146
7220334
8774466
691963
9811717
5534200
4486468
909107
5944519
2002754
3800341
9171712
2037377
8435857
6565416
5108381
743838
3577224
4894326
127362
1921910
431574
664717
4873803
7645993
9145292
991553
3112160
8770845
990048
1359216
7050952
4620687
5765982
7186593
738276
7369983
729249
7423261
7728168
3727941
2208540
6801049
8795092
4152928
9728147
1105282
4417974
1223875
1219729
4391341
3192817
421405
1179018
2132630
7376586
1222820
2869030
8949830
3272373
445551
8429620
1598428
1085507
2259139
5987981
2127319
8729873
5305363
8560304
4877263
8793379
6045218
9080007
2112617
2038049
1768708
2092549
8628567
8641532
5524322
6764234
246378
2296901
8283598
1427044
5533214
3148093
4321161
9190166
9875841
5914726
9033584
3583849
7596573
451032
3139243
6125629
8371594
9355976
1068691
6374443
9230866
8482390
3615959
400809
8832067
7093434
9361788
2691824
9961567
4740618
25839
7049379
7295498
6811676
8827800
1431651
9831659
2469510
6794848
145507
8035725
4061177
1952547
3234831
1653319
9834047
8253608
171094
9311062
1642905
2420577
6563567
2734278
5324939
3150269
4712760
3241087
4075263
6310617
2834801
3731810
1727570
4501638
8861014
2171504
1478026
2182683
4602294
4186073
1962136
6577434
3143152
2165541
7858000
169644
5886589
9256882
7298337
2283118
101409
4579025
5763237
1124253
5370988
568643
8397348
7164324
9726778
955406
6477245
5189370
18335
2979120
7119792
1141129
908243
5916010
6661999
2592366
5854656
2495526
2621103
2237338
4822802
5501767
7340969
7169421
7840793
6683916
3468989
3818794
404181
8368225
7216421
1106375
4895412
2120982
6979639
352055
2013954
4828829
9792726
6216180
9720009
8958893
9945250
773274
4220099
3704963
3836991
5420826
6692944
987830
6119831
378166
3715016
2324225
9142436
9180699
8178978
4982251
4960703
4841976
2520421
4367912
31380
450907
5799571
4301951
1499050
2069840
1318895
5761365
1490961
9312786
2042877
5908072
5560496
3925817
8319557
4229065
8952652
7706571
4083628
711243
786710
9833882
1192804
5126444
9494626
4899638
8859721
2689155
6265386
807893
9329352
4345134
2577972
9656531
2762686
7470606
9104641
8585023
1217313
9639694
4007476
7898130
6609794
3276510
3722801
5552088
5260897
2098436
566547
5687440
331319
4723577
2047264
2016237
7214361
4035224
3039203
5914887
7519273
245776
1632653
2705642
9147652
4533544
8363365
2880575
6181448
2774937
2222414
6039122
4511672
3278192
489130
1471752
2248282
7266516
4140522
5093913
2335873
2392825
131618
7199193
2370246
3641487
2581359
5962534
1927448
4055182
7184892
1394003
7564721
3616834
5448277
4388142
7588296
9841898
2654106
3655191
3650566
3260326
2805684
8640484
9812878
2188220
9633796
660971
7295290
9442391
176650
2075491
4519711
4038657
3663960
3543263
7369897
1928158
5378348
594370
4049236
31023
777002
5856614
3700964
6967133
1114839
5520082
4545932
4188615
9383365
5614469
6283447
2173418
1943956
2519685
3836881
7035302
9821028
8965660
5112439
9010022
5738353
4728238
1882279
4217039
2344378
375548
2231853
9782956
9357955
5758487
9310353
2375091
9690894
3438564
8450620
4681714
2944454
8029865
1357377
3211088
9950859
4161439
1480050
7561383
4934123
8717637
6049925
6965486
3633330
8067585
2464039
634440
3632365
1097305
3748396
5790668
3171635
5167019
418733
7158484
9529875
6231306
5361950
8525242
2667889
8705969
8921803
4676732
782431
779671
1734489
4125785
404290
2980751
7249202
7905298
6741040
965746
9642330
7223334
5995220
6447022
2406783
6352110
2246267
1697737
785881
1139675
4568568
9538866
884652
6422834
2001559
6916225
132989
7645678
4460892
6155777
9625193
4509383
7807593
3325920
8912489
721297
6155300
4266111
286880
759511
1344383
3328796
2083509
8673913
5805536
1497184
2746520
1686059
7031282
3349748
8170115
1128380
8674323
7247051
5216684
987073
7412078
3322530
4253269
2002637
2579978
3839463
7982253
5562274
1764653
1428058
5497795
5212550
3545473
6557384
3714041
6888545
2052234
9357091
6886216
8693956
823881
4639821
1234088
4361749
7606066
9453465
6916698
1073822
4313840
7166094
6075297
1690062
3826649
5071529
7084562
5152992
6028249
5247364
9410485
4273796
3463835
5423996
5614650
686844
9147684
9627480
9127432
408321
1544671
5552972
6445910
7391202
4498108
9254328
490320
5418391
6314328
5209623
5097435
2208778
8220176
8757006
4177713
1929156
2082896
8160662
9793558
2648333
4321362
3183647
1886806
6902461
8260452
5539555
4965555
9175578
3885873
4731578
6383833
2224037
7054063
9702806
5204520
634731
772307
2596720
2163753
660523
5677727
3612158
9853897
7648314
4144664
6211562
9792799
1383931
8006630
4793000
4278161
5533908
5569144
5194248
5671226
9730355
8903293
8681676
4780710
3510808
5645342
3532179
2925481
1321380
2088345
7845188
5931204
1281527
9697967
3869971
1481785
9106886
263050
6444072
8943192
5922266
6640684
6663601
9517182
2153978
2699705
9364483
3708551
4004262
353809
2239491
7194181
9631133
1957618
1531176
9757003
8673100
4653543
4649834
473743
8921577
63454
1493852
7765577
2739037
5719642
804331
9945873
156638
2807453
1572322
6273696
6727392
901103
2441265
1135407
8621514
9827818
3689539
8688355
8931500
776132
6956380
5827569
6015154
4950547
8775019
8425282
5909092
4132378
6037427
5687930
7274260
2455021
4712409
8766530
1940589
764593
2884137
126508
9476492
9985218
7213348
9932012
8423904
8388515
3883503
137781
7097432
3838991
1205587
5955199
4765155
238975
1815507
8033615
437326
2504508
9430193
6930886
3004315
8054632
8431283
372875
9140191
9537179
5936582
2352266
8797778
9164322
276894
339814
4645615
7457617
8691111
6549554
3208084
4701423
6709788
5099485
5175058
3081492
4558796
8700720
6004020
9318970
7952548
2979255
6193954
7665170
8799345
334977
5315814
2371357
816486
7429762
3385521
1167562
9391995
3448963
2471068
8907105
1246919
75760
6481892
9281827
5187665
4961894
3629998
774167
6584440
7493131
4554982
5682175
6808749
5418936
3907724
5450086
9221376
476057
4612728
1325879
151773
4582983
787770
4122686
227154
760053
6649189
5123917
3412900
7857746
8964665
1589724
446343
8814445
989291
9992176
1707739
6782126
7005476
8472024
6667882
4804459
815901
7524787
1494882
2081629
6871659
4444615
2515332
4890773
4080422
9213350
280893
7487641
2899816
8818911
5913109
90620
2360509
5094257
5810473
8688121
9838212
5054519
7109437
3631873
5554957
9738968
5154111
3063773
1169927
3150234
7319298
6954567
9918055
2009660
956893
439763
9585703
5767181
7000885
1033110
8974321
8902330
4262577
6817884
1936550
8802593
6958624
2391711
9096141
2935440
9590084
4018140
5845014
647507
9371988
9708847
2925561
2124975
2124331
7012972
7793811
7672636
1835732
5911211
6620471
2598123
9695751
918773
6362452
7839828
1968208
8840107
8280888
7718991
2143905
6875530
1406813
1769547
755204
7190583
5412857
7655402
413783
4914973
4756170
5759350
5717090
9604597
6981540
5974541
1274922
8273500
212361
3695029
2393003
3527978
9870539
345597
3132995
2954405
7447096
913500
3451483
8234093
4972525
6592882
9308999
1384454
3055476
3361533
5694197
5598900
5913195
8740484
3161397
3438278
9624631
7575947
5287395
4328462
8902925
9770002
5728082
9455173
2764148
1359759
5425630
6818507
3358459
3078327
1705978
5551165
294468
7134801
2645893
8677818
5719059
3512480
6874021
9586640
7632406
3720349
6790047
4080044
411577
7907567
9505118
8780465
4585205
9425416
7604493
567325
1553357
3987316
3561717
2360389
7833152
7856902
9471919
8634059
5432858
5514914
7288101
319528
6552220
3522810
6816543
8105871
7912078
4707659
3567732
4411119
6284380
9079428
7961501
7598271
2661697
1983197
6603389
1207803
955879
133840
9704800
8171248
1395791
5166913
9793428
4277518
6970642
7168326
3720737
9980129
8418893
4646223
3929590
6829452
1125188
5436556
2091107
1470590
6254671
9286661
306140
4057649
6877683
7665166
3219390
7033860
624506
8374281
1994784
1829179
9657864
9317817
7145335
8881420
4730466
3615928
148255
2255700
6355248
503405
4386861
9736371
9531154
9913193
5665026
4228988
4322011
6534650
4618825
5763834
469881
2714980
5134819
9097027
3406582
4530019
2870837
9183831
960227
9201003
4120704
9086433
5011864
6129690
6220114
3390027
6631448
4839476
8537250
271595
3659399
2940221
1978866
3953984
1584694
390358
6382344
9715978
4005407
8299868
6643004
5592473
5714331
790821
4444233
4392386
2117463
2874974
1704090
6536736
1585993
3861952
9569386
6687784
6775800
11207
4534673
5777518
5964151
3319140
6190135
6265261
6122039
4770835
190017
61678
4093344
6324586
8357863
5042911
8145801
3635140
5161263
2385142
6042597
2653008
5542445
1288686
5795015
4665251
6996841
9602348
7216927
3689237
5662122
8485455
4924328
4775740
8072247
2715107
8488918
4824178
1891825
4046872
3572401
8248550
5638872
7922289
5708680
8736735
2132589
8526421
7513010
5125243
674786
839880
7276257
6764659
9086556
5581545
8306200
5655385
8388096
8743663
8834491
8648502
6473712
7712527
1601152
1224269
1851367
7810414
5016614
2699325
1070061
9532247
2024463
565835
5281807
7825958
2801402
760930
27601
4220057
72749
4587560
8864186
1883816
7673552
4304625
2494665
3189448
1008547
6076528
9936221
8618141
4084910
564655
4151588
9787704
8547794
406902
7837254
5102020
1385773
3935461
5093177
3229543
1826747
3481068
771407
2367873
6817004
2663155
4790602
8268088
2042937
7248327
8296249
8671906
2478598
1039928
5813563
7899098
357366
388165
2788213
2088545
5693861
5522379
7239641
8228074
7552398
2216503
161650
7249236
4666680
1491640
1603009
7468576
8181211
4892173
536545
278031
7414868
3472220
7980497
4898409
247930
2185956
4173191
2737150
4068202
9822110
1638109
9770183
8223716
3697680
5172814
4615056
7252327
1100356
8021718
4430734
9827146
9137078
7084771
2539084
7154677
7253759
2182329
6813693
9322180
537656
6647640
1597932
2959793
5832464
4685930
7212154
3264327
4675450
2094764
5865583
2335577
3676736
2221292
3099108
7430686
9125749
2668570
3756503
6674022
6565241
869199
2489467
2558991
2955309
6176751
8729904
5211107
6297809
9068303
5744811
6872820
9060089
9458142
278781
4708444
6761228
6665998
8789046
5738047
5307153
6259482
2388783
6138556
8489146
9812412
6463542
3249195
693243
9416917
1352405
7134576
2538123
6782910
6782291
8969203
6362317
332087
2875619
7852242
1492634
1781922
4385360
6343945
3597865
4802808
1238126
8209235
5281783
1637361
9520529
3309935
7399126
9379460
4061647
9242032
2061345
314927
9023582
4661283
9023676
4333379
6645498
6826451
6200103
4138796
8675474
2240889
9060577
1738479
8942085
3175024
5589194
4481640
979045
2612213
2491258
4152443
1503873
1968303
9065936
8821547
8991287
922549
1996448
9454687
9220897
3723460
7647889
6117952
6548705
5602437
5969365
1838622
2859122
8543122
7596940
4648067
3224498
2274220
7147365
5375482
2153001
5878589
2488393
8654201
8515598
1806243
3767760
3485085
7602448
5928543
2548416
5016175
3818003
4924110
7033294
3282500
5620390
6476349
8774435
5210119
7322111
6618018
887487
4826247
6191957
5725912
4203590
389571
6754731
7124098
6775701
1405846
5722267
3966095
8739256
2317308
9829873
9052330
5374772
2394826
4098302
1283493
2604282
7965810
3561235
4533345
4960868
2034993
6323952
8726250
5359275
7781283
9294783
5656369
3286887
3972191
5204418
6870935
5334878
331310
9065054
4876040
2184724
7135302
2569249
8420064
791097
6703078
2128920
4203675
7940698
3752913
146943
2176048
5131851
3359777
4273340
2536219
7909751
6144199
345404
3421330
7847606
3297404
5087917
3673944
6998814
7596645
3089876
4170741
9515982
215494
6834426
4387340
6225973
7296630
8974081
5829304
6809133
9755932
3399499
6232082
7458504
8638095
817190
891684
8765107
605165
5081573
386828
794845
1598015
4149683
2604449
2065069
8474832
3593480
3616205
115470
8238950
1984648
8951803
5212977
9770915
6033701
7011349
4935909
4387960
8270638
8569128
1615826
4444869
2427821
484245
5969674
5875747
6157102
4069267
4243346
9652088
5377455
7761942
2192019
2058895
7362222
5392654
5996162
3913049
122795
9657073
3779843
2964589
2423697
7971918
228081
3822576
4913940
7735879
4419597
1291708
5776346
490623
4725683
643061
3355570
6498072
8833759
2472349
7163744
3242341
9371481
7651572
8633412
9866364
4669105
7629134
1439562
3338283
7857728
3759217
9156813
3668404
5853691
905761
6030447
6877478
7483354
3155208
6629675
753013
9825477
1768877
445660
5705471
5138941
6467726
4998430
1295577
5700090
7359751
3862553
1841152
7551593
3315858
2454257
379748
2006364
463938
2767597
3073792
588771
6211085
483371
5972718
8597212
3765380
7231105
7012612
8543039
4363037
8649147
5822116
4103579
3993227
4405484
1304424
991760
5640062
718159
6072786
166326
8492594
3753275
3709471
7978630
5763373
4493364
1912736
5770586
8917050
6831598
1407784
606713
9601231
2867407
6696265
7003505
1399117
2764204
2506042
8007671
2016587
310782
2616716
138853
7973447
5730402
4154300
8022111
7026206
6129645
7634556
1352983
3244058
8838908
6904215
5212859
8875087
6042620
6161473
2840308
4990011
7553793
6417833
1886544
2161724
9076683
7333541
4497770
7661588
9074258
8070103
6622991
9097697
1535862
7841436
5856987
2424171
5470351
3957157
3557449
6135365
1657753
473358
957341
1438014
1135140
46019
2410085
5254172
7920579
6358902
1843310
9201618
4188547
4967359
3104414
6466918
6726009
9091227
2384379
6340759
5220714
1572731
1445089
3576763
682424
8801576
9455721
5165129
6682365
3249931
1565616
229441
2870042
9690225
3755632
7479011
9752217
7078552
601319
95035
8465715
2061249
51848
236379
1037972
6807028
1928467
5058984
5216700
2690193
3237500
8281288
12424
9339815
5909143
2341185
1130653
1921280
1208531
8698635
3546400
1318540
3136850
945648
9274271
9277319
5339143
6910626
9499300
5831412
6531410
9418083
1973395
6758613
7061242
7018301
6533920
1603658
5244909
9447253
1965171
4796615
820702
7668769
8814190
2415856
1978916
2272728
9422968
2855988
7772273
7654568
7694700
968214
4389673
4476054
9959510
993019
7141419
2587609
3938083
4405400
2136272
9949015
2490683
5234473
9010210
1005455
3562846
8140710
4396889
9701685
5343884
5231292
3781095
124020
4533300
4877730
7457145
2392038
8737961
1844730
2789591
3135740
445486
464538
1900651
1160391
1990891
819383
5168499
4541571
8176090
1818678
3846185
2057253
520689
5761385
5090724
1670133
5685129
7544030
5999413
4537464
5813232
1726176
2292288
3947683
8606057
5276751
2439576
1860606
4792974
2621569
7551833
8500308
739161
8370751
9880037
588304
6527332
3391230
1406384
4154629
3756706
5939913
5682570
8749683
7500542
7819182
7009396
1155220
4130738
1815915
9183989
8513187
2440800
466710
1536870
3622617
5638328
8779280
7995903
2875930
6210631
3526169
3135011
3232355
1262832
4599257
9138997
1791603
1113130
8626331
4796825
7136202
1436767
2688908
5508463
4641856
6187860
6399540
3757417
5157526
3723307
9291188
8235826
635813
6777218
7448500
8115495
9862285
54185
4753138
7855014
466998
8684294
542016
3594505
5058152
8111370
6182382
8135373
1020077
9587326
5620416
8961383
7643286
7184864
5416147
8330953
8204915
8792600
9688940
8889543
5194580
2474800
6045229
3410815
3156490
8922307
1303071
3007622
8055248
8721024
5082625
3506213
9500528
4499276
4670136
2909101
8681978
5572814
3125221
1892060
8947664
9117511
7476113
2748198
3970766
1528372
7811063
8850678
8249243
8710825
7204140
2241353
5298074
7342519
3088062
9053848
6404567
6681223
9914443
3814869
7353512
8526076
1041418
6021913
8754162
2374389
4906726
2954044
9209011
2116516
905051
6551671
7363805
1919791
6583580
6312240
3038885
2267464
2575236
9590016
7162913
8665917
118794
4993199
3861212
9239590
1496240
9802991
510135
3210333
1349600
2167162
6400107
5741182
6767986
583590
2869758
8658253
4778647
2374089
8020235
861812
8399517
5867815
1283013
6912769
2116831
619118
1969555
3581056
9908561
1561679
4537868
6139386
5838832
7834020
1421354
8886855
4510100
8355165
1053482
6674196
3031253
1206358
6328419
4959365
4120251
521715
6888304
6504166
9758047
9697831
3969574
9113109
423653
4541296
1305061
4955975
544390
6416608
3888413
8245765
7128701
1958066
6680825
8596265
3697751
8820306
4939015
6044074
8896182
3581481
9500264
5369864
7662425
5454195
6101082
9415089
9750937
7678443
1136662
1070163
1519064
2654474
6645384
2398354
1496578
8346706
6702790
7152252
4247676
1406419
6781419
1176619
997737
9695008
7748486
5017017
418226
9310511
7889506
7242311
7936851
7662169
3400707
2461889
8986658
8835288
341012
2053706
3013639
4011592
2178295
4258513
8646441
5034733
5727808
4035159
7049293
553396
1258687
5758638
969943
5688576
4731709
6073451
4479861
6055190
3274086
6445875
3466455
9868522
9099692
987311
3036469
716069
7341187
9262888
5251497
2488296
2736273
4435046
3044994
1200221
9920226
8355941
9397883
7643346
1330164
4144948
4584248
482207
8112039
1299695
8857630
7750805
4876190
4774614
3640304
786875
4723930
1790192
3520983
6930515
7315350
605993
2670147
8899815
9948954
9426910
5908937
7239643
8261688
2502953
2549250
2565301
7983463
5089318
3546748
9821194
7540852
7689307
4537356
3929236
4279648
5900967
3088217
5541869
2495628
3311391
1459939
1258444
8342073
8767111
1973920
2865099
9061943
3881947
8683917
6249789
3835005
1359437
5931217
4153836
1657871
3685701
5617291
6840178
4733590
945577
8759619
1300128
7837733
4376223
9373028
4802774
4881458
7659452
1199330
9506768
1008798
153367
1778058
6453413
7099101
3051583
9224364
9880481
5191703
7867740
9177476
2790402
4244612
6099709
6538699
3621522
5117769
6689047
6037377
5871606
4379044
1961005
9334758
1462569
5802200
6721515
6824185
6754108
6789587
2333676
2472682
9701943
6753770
6694427
3458418
5668918
3998328
2523355
5581949
7949670
4135150
4670449
4773857
5059295
1467704
4144699
3868019
2762544
9172038
8262515
5587447
6954691
3094990
58376
5060499
7693654
4607700
6615183
4936840
6767616
9199081
1681396
3557688
562421
3956396
4030944
6138941
944695
2774138
3002922
6749864
3011945
9824141
6524653
1906866
6225711
2078300
510969
9471008
7064097
5617564
8579087
3689119
7341765
7142452
2051159
5167032
9749448
9866787
8777838
6954990
904885
8517444
7934513
2727928
5127725
7287218
6562304
3623927
8192426
4611814
4393820
3160171
6506699
7846949
3553161
9652548
9561614
7083754
8173060
11156
8852940
212989
1049575
1755297
845248
4023489
1053303
6797154
8629950
2973014
6603625
7218268
2348530
3485214
5082227
7764134
4135512
691212
5214486
3167015
1328728
6815310
1607116
8197603
1753874
8637023
1102881
4747047
3648684
473311
5607260
776219
5969862
7942597
3556556
5615414
9249250
6847036
4074527
8164941
9398242
4012934
7523360
165109
4092166
2790190
6403385
3346633
9962235
7806617
5288455
4456360
1888740
8791929
5485122
1335111
6474289
878882
2719565
1448866
5973449
3195607
4191035
7807205
336890
5707033
7387266
2360897
1546534
2166585
365337
4761489
4336857
885480
4557841
4684540
8065192
5849849
348408
1192373
6321674
5337355
3659456
8459800
5711834
8687486
4404563
4053664
3023686
5530824
5911147
9554502
1371922
7127962
567186
373422
6841509
3157402
2411371
7819123
4725294
8797500
7619348
2893192
816328
7291823
2738937
8462842
8330845
8970698
3391079
3292427
5312898
2006279
9171593
6154408
4035469
5795589
4312470
9032488
2841392
6677515
2219034
3992660
6237243
2705899
4681194
1282532
2301355
9868853
9222961
7724959
1838286
6460445
3100205
4916820
974127
4789461
9091299
7814721
4418717
9013645
440177
2329032
5245369
7788279
2115364
9698994
1199602
8160831
9780500
3728938
6111679
1670285
7566616
2202479
7313699
6798472
2415410
7200183
3496450
2896204
1843731
3418457
1049164
7023844
3104512
1855221
9111845
3540131
9491571
3071187
2582254
7677805
5033279
5846540
5890277
704179
6004318
5215232
8217137
9246948
2786310
7713997
5624760
7347475
6383562
7050027
1392155
9636793
6943528
1121941
6171858
5005172
6988269
1854886
7705777
1012800
2390789
4282770
4426119
9068050
5507787
5938180
3965590
2017764
8999756
5163340
4839089
4681291
258993
7847884
418478
7223720
438710
3516294
7570583
3090625
3836904
2593249
7368243
865754
7448255
9036953
7211477
6373259
4092580
5596890
7233667
4833354
5986128
8949438
7635175
7668490
3310141
4324615
7856823
870864
2785601
4378600
2728614
3876766
6778227
8899505
455174
2880588
5239662
41306
9457469
2167920
8861844
7150809
7205103
2787024
9919287
5843258
9437208
3685272
988027
1196854
6189961
3066912
8824559
4033838
2876110
6304103
5733879
1982440
6398056
1611364
949608
3308392
1260832
2897055
9824333
4917515
2108560
9905735
2498672
5969484
7716122
6237093
3653563
7239914
3426191
1922290
6749394
2186334
7736168
2954665
8006860
8044766
5817695
2511547
6511029
6538708
8270993
1072368
5447091
1260255
6463038
5666241
1590963
2900010
7113175
4822614
9561488
6599903
33617
4857425
7546837
1337745
8222325
2836708
4894987
9129404
3889031
9583639
9028048
5905828
89221
1700955
4324379
6738344
279022
1963222
2990916
8228625
7154398
7588804
8042552
3563781
8006655
8072084
7327215
3420942
6292784
8764518
4115222
8925623
5742599
1875997
2240420
9958483
8756426
4912713
7859744
4173418
4435447
4618684
5096718
2543513
3972775
3186253
4324523
1948622
5769769
5321981
6766192
8456655
1561325
8588189
1632743
5846635
7613686
3785641
7821138
7981597
5219565
9743918
1612393
8995536
3087023
9010434
2726210
4282162
6997531
4052621
6723100
3940876
5220784
4866113
4181341
1553136
7751362
2535019
8287782
4947790
9920548
7441601
2641584
66505
2572391
3476768
2857789
700970
241235
3609387
1442774
9907350
5149239
9341138
5901170
382974
5543067
4401927
7512239
1557240
7551700
421844
9581317
680836
1302630
6957063
1599869
5373236
9574431
8894129
374664
5608420
7003249
3418680
313892
598842
3566637
5119677
9029308
5859001
2804758
3282292
7090828
396825
7038890
6661304
7243162
7064185
7643013
767138
4969804
3441970
456472
550146
9625623
3291878
983309
3740342
8183440
8140209
1483841
3384112
4842185
5218188
5244816
7679111
5217180
8571821
8175038
8289110
2433406
6941795
3151645
7561224
8179251
7394337
5822690
9599399
3706772
4382576
4523586
3453438
9862664
8468051
5400924
4449101
6350589
7097038
1500643
3672008
9757159
8846265
2724084
5896658
2774232
6016988
808294
625073
1777280
45103
4493265
4941206
3478020
4914674
7149937
7851566
8497269
8038358
1786766
6818463
2628458
7828008
7928932
6343073
1385419
9410483
5532671
4700536
2012537
2516356
7886372
4768791
9100128
9057180
2474337
1264216
9977039
2197609
8186259
1509468
2940906
5949896
3125526
5315524
5658404
4499443
8911113
2824152
666023
1452739
4735304
162960
2739162
6932742
8485759
9891937
5420238
7015518
8135710
1723210
8774383
1477246
7376018
6851867
6488762
2569704
6945518
6270545
96154
4896902
8451864
9272936
9089076
3584168
3709531
8781959
8055566
5626603
4307632
8881920
416777
6186283
5465530
618126
5565472
8713695
8094053
4652473
9178441
1931440
9923654
9849239
3790669
696951
8059435
4325269
6594030
9487173
9705894
7177420
5953805
1414542
7866274
118551
8391530
8566292
6810078
9657735
8100861
3431030
1485328
2117340
5841418
272901
2009846
1298394
3523007
5498531
9553637
8531068
9561454
1067639
118179
442123
4084310
7895475
5319668
3477204
9229026
6464641
9344241
2546037
7891227
1200867
2338502
7665830
8053044
48601
1107932
5414935
7073092
1084194
1558343
241222
7814796
9479791
5567768
9136025
3055336
5833128
5577316
1994633
4315520
2611788
9363429
9598936
3470935
5426885
2062693
7316318
7684598
1657437
1766510
9029655
5169252
5367828
4526729
6078221
3493021
6021987
885656
5208865
2294356
2982705
9411438
8315695
2584048
6537077
3302033
5330787
3949714
9824264
7909230
8475149
6946126
9620613
5416423
9500971
305479
9611718
6401204
8329861
6793137
4516099
8029598
1772830
4576729
442024
8537481
8032908
5296620
1685529
4859948
19743
4194651
6884120
8233152
9571357
3283099
1400135
4157342
8065651
8661340
7139454
6902564
2567045
1850987
2175278
1644027
6580201
9721004
7242812
8869258
8621040
4578490
3024807
2599962
6784264
3626998
6821075
1352922
8000021
8823539
5329744
4521756
4393828
4104055
4710550
9771418
9526796
4965609
7765212
7208818
1000758
6049099
6956331
653005
1976507
3282241
3921195
7096002
1917832
126578
2555277
2641490
5700616
6194766
8449507
9112400
687753
6258703
925921
35026
9553009
2937098
1939327
441932
5907878
5500189
2253729
9013877
6377946
2798157
4788001
4689328
4790432
4523123
8872047
4276158
2956882
5678165
3153889
651184
8580887
3201134
5654593
7730769
3910866
5398776
2088878
7002943
6714785
3308350
7155063
7072296
354171
5802019
2996764
262656
5607343
9170571
475233
9680399
2824804
5712214
7659125
3191341
7117318
3102200
1095139
7139339
887201
2736635
3782804
5173380
386603
7354611
9509070
8474866
6818736
7621483
5844352
8838587
3685393
440735
3809256
2200916
3493083
527268
7632606
6125134
7871864
9854919
878763
104259
88157
5789439
7486163
7370915
3056872
5936332
9648095
9486707
1599901
8969592
7797695
5877351
1750165
9021083
8777650
5912166
9470906
2086160
5126101
1616972
1051875
1767262
3912157
233495
5498367
5704423
6374433
1448152
8256860
7895502
1012254
13915
184285
6036420
8084634
9610947
2350140
4905015
5079571
1358695
8904309
9425927
3812984
7994297
4317465
2578748
8269396
3953616
7575942
4183373
8690616
678816
5308473
893452
5958280
2133134
6598839
7867356
338233
6917507
5963175
2227182
8004321
8366949
5780194
6183952
6019946
586777
5141183
5441513
3018059
4898665
8013768
2040149
9107424
3855861
9773410
479270
2901274
9987017
2551690
7457320
7440648
361689
8488720
3603777
9462502
5118260
7589635
1190236
5166315
6479218
9983415
4456129
8748339
5799707
192669
9063214
2931170
5507672
8361864
7726144
2705730
8036222
6638534
5631093
3780749
7235117
5052108
5914579
6216145
556466
4689636
3230612
5373570
4300195
1844236
1769742
5666400
9292942
9890103
3167457
801436
6050807
5940660
8505863
4585116
650823
3464707
9738359
3079725
1455482
836910
8174358
5772951
5474865
5672564
9222963
8582976
9939323
3944205
6688059
3236648
4166814
5622272
2053434
4700918
3056335
6974344
5646630
5457567
2774292
3215352
7464516
491218
5818715
547932
3981342
5747135
766375
9497711
6948861
1973291
9230923
9103086
9723438
1493025
5294927
1591976
8090619
1562182
8163175
7820251
3210038
6723369
7920994
5987626
4736132
9317953
6167464
5506228
1429229
1851799
2075879
158521
9289119
4476659
7136625
9965361
2042508
7526024
8202584
6698666
898710
1407214
821631
3629284
4154483
7360615
8510546
2540781
9275656
6027770
928520
6092271
4118667
2606935
3988994
9792731
309895
1933183
96527
1229286
8889284
5544866
827667
4871255
6388173
6664004
9013062
2685708
4726686
3080622
8161154
6848461
6463552
9543836
4620541
458719
5393197
6347442
6249417
9348843
28110
5359799
3460780
6113112
5139445
1128399
6613769
3288632
8061612
1119203
1241686
1720006
568261
2719091
82473
7409039
8562739
1177360
4876426
2886997
4589567
1717571
5765744
9176847
3785218
5887201
8323157
7382621
8843018
6991472
4335890
2993810
3872928
1657682
9074969
3697726
6292746
2413502
1258996
3259010
4902440
9557905
9990849
2672510
4804704
9558568
865429
2463573
8173385
2551150
4025050
3469469
8281189
3934137
56106
7932631
4970579
8511409
4669375
8962734
1173949
9791379
4528296
6019758
6212918
9315431
5208946
7665402
8478331
5386832
3390063
8665240
6696440
8583401
1365910
5405623
8522279
2322310
8995573
3162449
6490252
9241928
9571399
3379188
9904244
5805601
5648171
5234624
9030500
9292821
5135227
7047150
47290
4786303
3765684
1111317
7823402
4188259
5160648
7897437
133928
2008220
6823650
2864908
2047218
7233435
934130
6237659
1254525
1456876
4885182
5961077
8254542
1385600
6809040
104683
3473109
9111865
7818539
2261655
3250199
5723082
2829719
7362012
2195019
9826081
9803413
7466438
4702037
5132461
3007711
8467712
4600805
6443257
1977824
6304837
3655825
1379885
1234619
3554730
5813604
22394
5613133
6893293
2334939
7377769
9402831
4745230
9437985
6813152
5815199
3761522
6876965
827029
2850431
8596003
7938455
4693479
4761387
9564010
4231426
8702823
6729660
3922305
9024904
8377719
1689057
2111037
3575224
2226002
5176899
2456762
5534351
828914
5965837
9684610
8974135
6664003
7976268
9465109
7168070
910257
4794978
6712982
2458893
3735427
9722957
5510774
5726473
6017673
2257718
8774197
9848723
9127935
9677138
7066024
6038990
6927607
3874970
1085593
9631489
5350464
5075307
8063847
3985020
6738884
2012660
9744066
3626275
9084006
1699665
4961291
3842186
8245927
5164540
1344622
4082046
6371670
4605692
4022962
5043986
286380
3038694
5789664
6370284
7969217
8914927
9784965
8093555
4785006
7884444
5501771
7749539
7403114
4361770
7212957
6965440
5387282
1152837
6323289
237027
95455
2807466
8931903
9865868
1170
3330698
2821309
3366778
6021717
6747011
9481430
4334054
5677748
2126183
6509747
4645322
899335
1301785
6155021
9981671
8272090
9509648
3150140
4446951
5381453
5228837
7281109
966050
1693127
1403309
8590163
6175132
21789
6742854
7785309
1648097
2409227
1585289
2848758
5101413
6344372
1173701
5828334
6496662
1866796
8003911
2089923
819576
2485302
6362417
5548912
6374600
9010656
6321113
5298822
796464
4657152
7755030
9826611
6739990
6376926
2323981
8450909
7705483
2061862
1725376
6192868
2266208
5952914
4595113
6626405
8306216
8509275
7915458
7699800
6674415
389831
9490720
9725043
3707059
8659752
3855278
8078102
446925
6757198
2469907
613787
8557333
6855462
3918812
8947211
6360
2666422
1127817
7104596
4376563
536765
6638896
8451604
2786224
3146691
2255325
8422830
7683977
3395085
7963418
4793095
2275329
8781490
5411879
876813
7194354
5187095
4294505
4177890
2386428
4792024
6445787
7431326
359824
9997103
3354130
7183937
4465048
8381524
4005867
2090250
3808834
6337478
2857504
8217982
7600263
3492894
5720952
8118203
336473
4541647
8496807
5707904
4474892
8594891
4614610
2205132
9586159
7172390
3794474
3623566
8593012
4736925
8567386
1045540
7612850
5042624
6244473
5104257
3065594
8306762
2846348
9085240
5712635
1129908
550834
4247373
1684906
2009299
5577717
5261487
863797
3536966
7526528
4424209
7239179
1619478
5214234
1848464
990823
7238083
4633212
8659033
3673338
6062247
5764032
1554031
3681404
9315046
1524281
9868515
3200853
38583
3555753
7231444
9310311
1605825
9280326
3429070
5548444
6328659
3890500
8010302
2703722
7823888
2766644
1885334
4064849
3263143
6062981
6529912
7305195
8301098
3369309
1829330
5873566
6638083
2002911
3453387
9273970
4837724
6432097
4070343
703356
64771
3223959
1312952
101632
3214934
8814865
7160456
3493647
4572036
132557
931487
8407372
471792
6131117
4150013
2097067
552922
1725748
9045198
7077695
8715285
261074
2209411
5117792
7348110
5959103
4130413
357851
5339309
2895372
8679240
9340645
7410227
168757
9350415
6316504
8577368
1744819
3249372
9311592
9252658
3237523
5062884
8856244
1802483
8939602
4434360
9076170
2038545
5270898
5424056
6691910
1707096
7746735
5315455
9537894
7884748
6317982
6071935
5600572
1024810
4379130
9323848
2454670
6028550
3980077
3124949
783802
8241931
788363
6869800
9326970
1179445
9855652
9393706
5064652
7420253
650929
2118877
3503195
9664772
9708234
7315232
8958640
9639386
4947984
2766886
2621594
9206593
1272095
9199154
191117
8280916
1516583
687840
4999683
115153
3047382
5622990
2218567
4241496
56716
7233755
7809950
6544988
8779790
9835136
6888268
9645798
8704799
544633
8798038
7002857
1054613
9082789
4240704
7564505
4747725
8180710
2730649
4742512
2878287
2488232
2343309
1521088
9398542
3275273
2932540
3503598
4330609
7505125
9543502
2412345
3310875
9451023
19931
66090
5250675
9010243
8911735
9068804
3960028
6698298
6821118
309580
6771189
3465269
2106176
7866709
2254172
269436
851304
2132886
8684018
2844751
8371030
964226
8651800
5581048
6411527
125869
4585420
7121480
7672425
7401679
8673263
6988370
9274250
5392286
284740
6295575
779445
9433686
4285921
1736003
8001126
6033947
6789382
8211024
9978500
5318430
8992291
8958484
5051828
7872116
4627210
8124751
9642663
7034836
2130685
4487345
7346050
6506636
450978
5963374
5703987
2246832
242546
7140946
4363966
5887176
2600814
1928233
7521180
4881706
8427714
8818226
9639109
229073
2665879
4450342
2778710
2776322
9646041
1018819
2054552
701077
9044423
8608381
7736097
1688489
9506127
9957539
5680686
4977907
9496892
1072503
7179110
269612
7278050
7309795
3774384
1551041
91967
3979553
3903859
2197735
8191088
2051167
9521726
6764418
3270026
5760721
9311390
1307000
4827561
588834
464710
9483818
7732797
2010613
5413013
7487225
8151739
5274038
1334921
8310625
8254856
2097379
9474550
404554
7559518
1272550
1202830
3570071
1542432
7722472
9224376
760811
340044
8852567
2588116
4424899
6045941
7285162
7318784
2330916
4871215
7008382
1259479
6956930
8950316
5459762
8026361
6070608
5535849
2059495
6157973
8366823
9233143
7770491
9606785
4715914
8626218
6097885
3639092
284577
5863042
380510
4130615
89996
4799260
6905013
9176747
3533258
5815971
8775072
125482
8081110
866135
4802870
6295307
148597
3852296
6320324
5301721
1427724
6898603
6404693
9076875
8521940
4449940
6982949
8972922
6277110
2882847
7430956
8902436
1214076
1688369
6869975
8385260
2639959
6837685
9224730
3929927
9845061
9760959
3123054
9553845
5353920
4042612
8428941
5026024
2897224
5118912
528442
6817593
5415920
1583976
7103320
4023695
2744034
855000
9085646
8106909
3177482
8066549
2392699
5764831
9475565
5760989
5717961
9487760
2966011
2167816
791761
242815
3154142
9796770
4461665
4791100
3501096
8196932
1636653
6250336
9492309
5752724
9866624
5228869
4760401
1289636
7615736
9396232
6221181
634946
3356318
8245306
8804482
6799288
6944819
3161122
9830871
8065315
4653487
9762334
8276694
5191881
3718296
3782853
5519330
7492673
4677111
347068
5129397
4842092
4606284
705045
3627221
837500
6529537
6036275
67481
2916864
6359195
7860627
3443369
8247609
3974882
6491220
3608812
963852
1004653
5458678
9876411
7952951
5806169
3633596
977296
2543590
2613096
4194961
1611230
8429006
8625110
192918
4809110
8716802
9694095
7642490
2791972
1178038
7295599
3542889
7342862
5784824
6107755
9460826
3350228
8344861
8357197
2351868
5650185
2416389
8693411
5683251
8014987
6410819
1152832
795367
9351282
9112624
2477348
9352530
6141455
817610
9925797
1105441
7500469
338956
9274060
975307
3265862
9864392
1867040
2519041
4501245
5383235
2388845
8273456
2941567
3859073
6752660
477876
3213530
6096103
4645630
7441259
630767
2174179
2837258
4616431
3489327
3868083
1993802
6339222
4076677
9061198
1155640
1667272
4131583
5534770
9782848
4478799
3230353
1829985
1024044
412101
8275388
4056833
5138343
432287
4350780
5157827
5113877
8007105
7669741
2638497
5671191
7575690
4772584
3600610
6376447
9170881
6099624
8105264
627042
9903971
8831934
2273125
2484915
9721856
7830668
8756660
6864910
9716203
5328748
1051074
5729382
8372487
7154698
7123645
8893666
1431316
2839985
1463644
6586917
3553443
2348110
1459979
364304
2502402
3357432
9900094
7349033
8139502
3070005
3535313
1510598
9551501
6094559
8485060
7461159
5567693
9236829
3326065
9441742
2195226
1939763
3823477
5096222
1689673
6884011
2180951
7327450
979592
6839348
915991
8449135
8503706
434331
8967286
665074
3259258
6621849
5547612
1188996
5476403
706837
67524
4596180
4770035
9062359
3600357
1646683
8097693
9371552
6185583
1251902
5527720
269461
2832431
7972267
1474240
5561682
3590458
8810298
61538
8886922
9382853
4965271
1133299
8968077
2540179
8958218
9288676
5196274
6999553
4295162
3927601
8844213
7079878
2546061
2304275
5476584
9056540
3010345
1918420
5452982
270302
8328448
49684
3866027
7438606
7811873
7630267
1979475
7788945
4933151
7414937
3817007
7028098
7318687
9339307
3497758
2977468
8056668
6255304
7482234
6106916
3451990
4569511
6807102
8479821
7921204
5156568
1100421
1357810
10927
3370306
1370512
1044735
7897309
2943458
8089840
2415835
6728514
3436403
5321434
6216901
3262559
5096922
3523414
5953453
2225347
9280365
9181620
1819305
8808075
8143460
7626451
980836
6596488
9105619
6514383
654820
5881089
6549910
3883740
9628299
1599878
699924
2655643
8736028
3371943
7322621
150416
7551604
4047168
8884576
1656299
9372479
4219869
4736807
862303
6247041
3093252
6964871
7248799
6439713
379304
8417483
8846433
3714206
5247307
4306556
4270340
9120053
3121793
2780078
6378105
6768427
8405659
3110138
16378
2599917
8618395
3055759
4029888
3357042
1506442
794469
3370820
4906765
6257867
4568259
5501741
7586671
3412828
5355153
1912204
5463893
9641817
9416238
9472364
4415972
4995318
6815962
8067072
7305293
2870466
6143217
2270469
5465631
1232274
3664718
4522395
987572
5862144
8419233
3487976
74426
187924
1080035
432945
2136657
8732187
728051
9600949
4244897
3470644
2244187
3544390
9858449
6744232
2170436
7616174
2264959
6190086
2646181
9986148
6170855
596477
3066554
8046449
1781896
1294560
7173161
4167694
3817776
2474289
5959271
4905937
7112380
7382528
7826400
3283161
1213052
5434614
1900637
1262396
7417162
6719845
1609934
2086981
3695360
9649284
6206609
1918729
9212137
7103930
3666161
5915989
7260199
1433939
8491170
9615013
2043270
5571756
8133482
2033574
2070103
4105305
8304280
1405301
3914101
7535297
3170175
350827
6951055
2326074
5052665
5344919
3514314
2390426
1104110
2612783
2134621
7639075
4776749
4079365
6545427
1323982
1946735
5694256
5497647
1227534
4340872
1970557
6952957
609679
7811499
8291384
2491450
920981
1428299
6221287
583034
9110671
7204546
7576922
7317732
3629963
2907151
3722593
422401
5947657
8006748
5688828
4269242
8899922
180884
2076059
6388071
1881651
8632575
964822
8131847
6661511
7117246
4262476
8325
4804405
9708699
915718
9772797
3718171
3516861
988557
5889794
542384
2701763
6737894
7408234
5105982
1979325
8190176
805740
7563739
3033839
7932887
8185773
7897377
2930096
4329580
1298119
2638259
6095025
5707318
6386564
6079945
3619062
8265285
4932911
591188
505985
5568661
8232704
6319963
3449164
3268336
4703070
244990
9099565
5102098
5076606
8189432
2999162
5868014
7413636
936579
4193716
6749712
4336177
139403
3065900
8488878
5235257
4913597
8161021
183762
8207012
1998338
6594968
7632028
9538059
9775596
4097471
5687082
90135
399057
4078564
4649439
1863843
3747883
7437139
2478786
1141112
2603165
1646585
738257
7869585
8278632
3334482
6150540
2630952
6344796
9797449
8790432
5905179
138092
8251358
5623002
8200012
4280486
7400256
1771247
5311959
433807
5536894
9427227
7422661
7854526
7162635
9023237
9476711
5085185
6190795
3816289
6941312
6395192
2047371
3005158
3925606
3275700
8952891
6626367
6520819
3386263
447613
4920541
5146811
2207544
1290393
6123866
1120738
235217
2459383
3936524
1735371
2895868
8923275
5875045
753622
9303949
8957822
3101190
7184067
2435188
9267720
6188998
2047687
7628018
2619576
9704457
8391299
806408
8458981
3849194
6434109
5987775
6216349
9975414
7745140
3541993
8883914
1749674
427504
2051090
2787739
233623
3289135
1418457
5094426
6806466
985352
5218137
8397338
1147653
2263832
7585898
3216553
7586353
6980803
2705474
6933881
1370151
3752329
6448718
3287306
6321961
5263510
7854053
6890940
9041379
4926262
5514438
1594977
1997146
5400745
2123332
3553812
9769503
4204509
659781
7699672
513440
3459344
8373292
9455217
4113461
3407013
5246590
2528438
5905354
9683481
7749926
4107047
5948246
5530224
6568963
2410340
6140083
5382555
7623581
3218295
541995
856203
8485534
3803354
4572412
6798799
3765369
6026241
4006965
1836827
2690554
1611836
8541170
9823378
2061612
4114244
8815999
8131397
8346836
1750649
551508
1906955
4453872
9531954
1861215
7540537
3620180
6246085
6279702
4065279
9529499
6722558
6944334
6576146
5720011
8697849
3463469
428872
1096761
5903344
5287564
2407642
4735632
8801599
862270
390242
5320507
9344321
5524428
7594629
1997030
5963232
2028943
4499873
7967539
4727926
8546256
6532906
6937206
1468202
7275789
465403
2087686
1461738
1289149
8820921
4865139
9439684
1548685
6694121
6476553
4715163
2882256
5248914
6690455
6564756
6464487
9068439
479291
9712627
7748516
7897075
5541905
9217744
2901741
5864753
5390605
7339806
3818290
3157101
6059974
5927886
6403670
1678222
281105
7177297
4768851
177389
2593571
1073388
9468328
387502
9674036
2959571
2028431
4611706
9583503
3006548
5385044
138893
7625740
6576862
739478
6352389
4969754
7303490
791892
7888419
6183031
6258516
3641120
691332
1787439
1949139
8142301
390773
4239557
8823800
6111406
481848
517374
8007629
4305853
8850052
1879459
2669896
8769284
4075673
8714215
4453807
6873079
3407635
5081233
1677287
892753
5297584
2779465
1377582
1640319
6098761
6390891
8867213
9694609
1788549
6043330
543172
5199624
6917481
7969452
210755
2210244
6054024
3540871
1324416
1825952
8275111
7351812
8656216
2245456
4803635
8805853
6510653
9063037
9551616
7827741
5552887
5694531
6441728
6762979
8680036
6601954
1509617
3410643
2104608
8176828
7280777
6132181
1208260
7417068
3711247
8573921
133240
5411297
1578199
5658250
6944870
681777
5752650
1896037
8442928
6500591
8658497
5757651
4040090
7675514
3538746
1053425
5852448
5790380
6697387
154079
3339929
3683131
1194180
2603900
8550375
4600669
6406609
5630112
2873219
4378559
5644492
5445678
1385390
6752323
6721678
3582913
6626423
4466851
4533150
3449546
6698918
2006702
4369154
3632373
2251748
6812073
6997760
7496710
7361059
7065721
8356022
2876143
5156063
8588230
8175899
8614008
9187191
9197795
1028246
7221026
3605163
6503691
1910973
9403465
9078713
3350010
124823
4288106
2137146
4360365
8774544
2002909
8044725
704708
680452
7092377
5201753
9700388
9535523
7216412
272428
1952749
3912655
8461662
9250107
8665658
4820101
999299
3913039
9471663
9570263
8368992
8000006
678820
6263476
5297138
4474114
5582416
3554904
9015992
2540028
6556612
9178083
2919373
7918157
618639
787590
345902
3766390
8420947
5363216
6539283
8744447
8952648
9478265
4539768
1478032
5688867
9758797
5971420
6513261
2890230
7087681
774282
1985960
1549023
2238637
2367448
7361552
317868
8930567
9992653
9860929
7468981
4241991
8717523
6377563
1599872
589575
9045269
4388057
7521030
2843717
9631261
8254844
9924560
8138954
2498439
4843522
4220435
5873894
8340723
2614413
1842510
7727151
6372225
8489690
2970569
3247
5107429
4333390
9888907
8036616
7270172
9050166
5604546
9513037
4943151
3314197
864022
2415619
4586275
4622878
4902599
4615574
5958354
