328737
986557
7577959
1751433
7605664
248324
7588304
4195164
3866813
1605525
9419118
9510360
3350682
598764
3680392
9316668
5321991
71142
5808626
9689602
5806476
7564228
9213917
1171792
758115
8286522
9073136
6900171
40882
18825
4814048
8168183
6335269
1648279
3218997
9408721
6256037
4630381
1483126
1844699
297440
4705323
4442827
1171924
9099171
9235702
4721877
12115
9795430
2749711
8448612
1479688
5013374
8854444
7335109
3441595
617721
8285082
6295755
9380804
123011
8248212
4583058
4433650
1973243
809543
2236330
2842171
1467373
7494183
6523597
685919
3196494
1342482
2324365
4895291
292426
3566428
1812105
7598040
8033223
2692743
6632280
3588144
323611
9048636
4587665
3087156
4168047
2199375
2901130
2395424
7753854
5910179
6006554
2107536
3510262
2527880
8438848
5268738
2589647
9682864
7380006
3053787
8232662
3165342
5995215
2347840
9171192
7038952
7293156
8132362
4906935
7759196
3181083
3002956
5004787
2567055
799447
3367737
5403255
2874698
5636617
2612947
62355
9490870
9586807
7033833
4657989
593374
3573714
6448183
6134482
6276205
9783934
6199917
2846148
7221420
7778394
1690503
6818675
2577070
1160114
5227966
1491441
1941728
3721863
6855332
7720183
1846016
8349702
5022061
1456994
6732157
4322968
170224
9580957
2112748
6142060
3029859
5470389
6912338
2351407
1848465
3797699
957558
7265397
9412006
5081510
4766406
9694074
8382409
4118860
6738461
9123536
6494662
4517044
9628604
6862264
284051
6953719
9880488
4841266
2157909
3055678
4307820
2724321
6821385
8465386
5239256
8788294
4869264
2783714
6673467
5198810
5207716
2983111
8952271
7766978
1934625
1415410
9664682
6770903
9400483
5360737
1133510
5172212
7760864
3663889
3711295
7541735
3686128
4287422
2007954
6918607
4109535
9539616
5802379
1427172
8158064
6817120
530209
4749522
212308
1243306
7181305
3692266
6018629
4846990
4273160
257015
3989791
4349618
3047152
6718206
3112111
5767038
3914800
1112807
8988367
4436550
3902863
2184831
1654881
9003397
6909534
7746180
3738465
6500447
6579631
1843685
6518763
5431193
2637841
8314135
4393991
180099
6433835
705441
282794
1886479
8348039
1701009
8154238
5503224
1077247
3707236
6399834
5431013
7978749
8373211
7347794
3921221
7810954
287807
7027753
2066705
6312429
4449365
235737
926522
6736159
6687134
7895262
3920041
6481112
6918422
7326434
699388
8139830
3480156
5443421
2978433
6183187
2211443
4498909
2317491
6719650
9625057
2691717
3948448
985821
1198327
8561319
7721599
2171977
4466911
3297934
7537221
3468301
1162711
104867
5140896
2520198
3741855
5378477
6708780
9586767
5615497
1048946
1657247
1631712
7289499
1089019
2583286
8827219
2681302
191976
4830984
3704807
6595614
1079798
8351979
1721145
9853154
1965929
8019383
8996441
9589848
4744051
9148976
4400659
3878978
9535453
6381264
4690360
1452574
3055015
9759435
2406638
3310758
8508630
8635894
3683260
3157192
8335467
3389037
8631187
6139123
9452924
677552
8415444
9601155
1858538
3635592
3972170
9748925
9164924
7610107
1525997
3123724
8429181
8166461
1955193
3086673
1494153
4116974
4630274
4041266
7923609
7284117
5872532
1371068
8686756
8935200
1600709
9763619
1024462
4852449
8954370
3112286
1084112
5760307
2079361
9426556
2613077
9998160
8470780
7052461
9100145
5674562
2598262
9577729
854907
4186093
2298276
1115256
3889931
3685915
7716409
4460577
6437671
1503294
5569512
4847939
1520962
1022077
8230996
8501379
4047096
8698498
6756568
7798937
4918193
6840209
7494204
7081635
6568703
2732883
2488977
7723434
5802894
4234176
3829212
3728013
9130994
6397393
7473161
3339020
4528099
8152666
1673064
2497724
2899395
5474873
6290081
4359219
6177218
2500255
2438717
5457725
6112482
2780952
2365382
6726313
459340
5899185
4708599
8473070
7647880
7937823
871203
111538
9705092
7439421
3685805
9677695
6427524
962648
2402854
1678730
7116390
4305051
3117694
9195814
8548471
3892627
631423
8296649
2677517
4811431
2623308
4057980
333416
4596851
8759255
4020673
2831543
9920277
7715518
8193049
390213
7345203
2276574
3106082
6545010
5749670
2557228
7807798
9898727
8120546
9651905
5218587
863412
6320214
4204475
4444832
9635204
1871034
8553339
875029
2654551
3993216
4703668
4378135
3005596
4140514
5979444
762838
1002494
7743621
3519417
5571577
8398159
2633725
6760668
1605099
4092790
5989481
7410700
7435784
524234
1395899
9016575
5333670
8467499
2455122
7429903
4740789
5749238
3052967
510082
6748930
8817253
1993408
1015221
5187925
156118
3385128
5181722
2565784
657358
3171719
1817604
8175352
7371097
6315369
2155240
4665704
9103153
9493646
9926356
1046988
4060813
5625668
9885574
3716083
2974486
3656008
5889774
3270244
5620059
922739
7506293
7329690
9641794
3444071
6514038
7579062
8323889
4582801
4118462
9092659
3730776
134360
9195965
9452497
1462417
9847661
874186
6988668
5502347
7230749
9058185
9969710
580046
7731073
2289286
4854393
5027056
5948932
9508554
1973211
5441675
7711927
7848613
294934
9933158
3807261
3915212
6748841
3706958
2137670
9430056
7554647
1307939
8024357
1984663
9135068
2483763
3359390
6676164
5424748
6082758
6745759
2385372
6092683
6955125
2354895
5842295
870750
8620498
8874437
567425
375148
606130
5987225
3026191
3958558
6279655
6333882
7044478
3368899
7182095
9696494
8025859
7433870
9034277
2577283
4667126
2803087
4524615
5445674
3093712
3340231
9305278
3543432
8649328
1712157
6606091
8386364
5146664
8858646
1358005
5263465
5805249
4219379
4794666
312960
2286366
880494
9197178
5956455
4455516
2942427
6259
2466495
955821
6232713
3302519
1533324
9873590
3462681
7048703
7437013
3151173
7726025
7106199
1122603
9200387
6768219
6612474
6694950
5385359
3935518
7958938
9697350
6358960
4047233
5215828
4834236
4004687
6944883
7427514
6086442
4785286
555899
8692152
9079348
7968763
6733904
4572575
7693950
8694797
2924063
2654969
6188499
5022322
7477452
4848059
9522654
9970492
9230380
4937711
2693536
9686301
6917182
9145038
9512643
87236
9978355
9213077
5282399
8448880
6330774
5291378
3924568
3653807
1950628
5948489
1727179
179205
5768904
4799072
7154678
6446163
4023261
9796777
3081734
9577237
4088910
6363921
8583006
312751
5310456
2461161
9404979
2549341
7294989
7378644
2070413
1764203
7197370
3364913
3857724
1773007
7546100
5414859
9132262
3215931
6181251
5180347
3124494
1234322
6797007
9764286
4420464
8994789
7742123
2152585
3916543
2451424
8819204
7573937
5656720
4566660
3177990
1697545
7832867
1711046
865301
4726670
85013
8664615
7484553
1399041
4272902
5247631
7913102
1580726
5334006
7577898
8009015
5351253
1940997
5855806
5906136
6558266
3435271
3778341
6012333
6445129
1674488
8747409
2880918
1326938
740457
6889002
279467
8213220
8106286
4267672
6054523
4922725
7634493
1450380
9380704
5788492
745530
8131735
2061937
1010728
2663759
8273065
9018379
3945362
275652
5664968
4473792
9219414
2467014
5668975
4678357
7278912
4650872
6899423
2224980
8751667
6084430
7637135
3327404
2634470
6087101
9339321
8567138
618620
326538
3281904
5262075
4619742
8600383
6103767
8687819
5366835
3891069
5061387
5066999
7953684
7447056
9148353
1003577
2750821
8607432
9956837
4018422
7311458
226848
3914439
9674470
8756229
7177833
9562633
1897613
710525
6197676
5045406
6401426
1514583
2586564
3584697
1785539
7425389
2684040
9751139
2233735
6506772
3766224
4879461
8588610
6464854
1767895
8023742
5316694
20428
4551209
6693258
4831020
7845984
9031607
9332380
1295896
6710502
7513905
6967258
9000943
1513754
897196
1878855
5108913
8323833
5476492
3027063
1195203
1231671
9110234
3127549
2984426
1941254
2551054
8401898
8328545
2358608
7090454
4726279
7055068
1759761
7033409
6381050
6470138
712343
7567701
848258
5504378
267436
6276646
5220649
9396916
3293270
2412989
1685857
6489709
520441
8534716
1755704
2105559
7360538
7221875
5289329
4930909
962757
4303657
1600535
8674084
108274
290927
4704395
8704210
4660456
2944022
2330193
5026761
6776096
7498178
125976
1139505
6539992
319270
108629
6257412
1686316
3862781
9824546
7204917
3607229
2582818
278859
101949
2425689
8739743
97604
4638063
6584833
903500
5249254
7980935
6137343
8917149
9110764
8230671
43944
