6157737
3312973
7233719
6112032
3998191
3962012
8277346
1720678
7716635
8742020
4152376
2011635
7483184
986170
7132810
549950
3272919
3768104
9876498
2878407
1983466
8612373
2858514
4851712
4460225
1672377
5649145
9907440
1628164
6507487
66841
9784534
25335
3886287
5704824
5363145
2970138
7037571
2385484
3965388
2091464
2714954
8849235
6997368
7439651
4556255
9394003
5216781
1729577
5721191
6223103
8381890
3415385
5613466
5485185
2393952
2545862
8618339
7144233
5867364
1996345
5479930
6999478
9019489
4777359
659260
3031251
5734324
3890924
2618904
7322754
1234977
8352026
4144905
7807854
2400872
758076
2470600
8934043
6237566
8330144
2500666
6487485
5049431
1537509
3278932
4082549
1966683
2116564
9399310
3529232
810269
8043178
4562557
5649031
2888897
3527710
6181159
3298229
5895161
1086904
4240940
1862793
1003454
4014594
8281892
1262187
5060737
3659387
2333823
8074722
434969
3983271
3538850
3073855
1433014
2202677
6217585
7075063
9307871
1680100
6537017
2703795
9392141
6439711
2111733
6229512
3380774
7438417
5728216
7755536
2750816
5323146
3629159
8506546
2386454
1970851
4070441
9424121
2644643
4410911
2178719
8247802
8984676
2401907
4811352
2656884
4427600
5792674
3891320
7235931
167216
8689622
777873
2339903
403012
5516550
9476719
6312507
9365276
4104715
7364123
8767465
2962772
9164145
2682570
8985686
391498
9210663
8456981
3635065
3417677
1276205
5075680
860106
1160981
618572
6524641
1774022
6380757
3988946
7215913
8417019
9067343
6342427
533564
7532047
1264610
9925993
7467652
5782953
9827772
1292093
9451504
9528799
4137293
7351351
913657
1196767
3088453
2498014
8720533
2069184
4235770
1307725
4364287
7955228
6187136
480548
6765977
5662085
1052912
2664837
7142537
5182425
2137470
220055
6885567
2069823
6545903
9533244
269117
4329593
6897125
4490265
5193378
5678126
1000836
6477738
1709179
1116421
5713724
6911126
4913109
2959833
7319640
3185623
2506995
8849319
9701645
9227716
5130153
2104298
9020350
3330746
3628045
7276915
3813987
9402364
2135157
2154888
32622
2007887
8373477
5291210
9803034
5242515
2064733
6164182
6604432
3498709
5225178
7970022
5376352
2823317
1734722
5997803
5917239
786519
3979434
4488804
2272180
2719363
8999530
5380105
8285349
1465909
6493698
2738995
9159678
3045542
3205995
7284588
5491301
2121574
4344406
9600457
9308315
2279288
1579194
6327524
2912259
9440545
8740742
8585001
7442216
9846478
7108567
6633933
1907044
5886323
6157056
8130227
3238757
9681620
7842932
8482694
7832044
8005627
7189521
7427570
5188712
656531
5730735
8736512
3276614
4372395
6328315
11186
30328
3926179
6789047
8097445
6154563
7655073
2025370
6219967
5001956
2390519
2866784
8338356
183890
4099525
1223183
5905971
8277851
9798031
3605813
3545307
5128751
8540881
3196073
594358
4604544
6841377
5090276
2706388
9636194
7422567
6342079
865164
2161116
6482178
7756967
5718276
5865325
453566
1440536
5083350
4462172
790644
6025506
9887775
8196194
5959955
3884359
852198
5534021
8208923
1121358
802745
4446207
3218386
4857462
9807995
529813
201335
2258496
147374
3366173
8848641
5510961
7302962
4366522
5723968
2013840
7137108
9785814
7528617
7631741
3289749
1327774
3498621
6808733
6638097
5569243
7531318
7856067
1691389
6881064
612172
735381
2932523
5047294
1333297
2791605
8956175
1546630
1058828
1832064
9238930
4965199
2245178
1278020
6063449
7663251
4775198
9909960
3103540
1304045
7402468
6704698
8263396
1750277
9601471
1320949
8790834
3549369
3057450
8918441
4624531
3977062
954259
6375211
5475146
1555609
7817497
9099780
4437461
170657
5976082
1331378
4280185
1931167
3360170
9181288
5771294
753036
9460514
3208989
1073466
9486785
2433254
7923256
7332059
277946
7825195
5753382
593797
8775313
9146302
7073381
2263573
9296084
9361200
6755614
4208317
8875613
7814891
5500357
8676802
4829050
4258598
9260140
8719046
745510
9839608
4234912
287192
5535209
1239642
6756689
6222151
542703
9560776
4569946
9767126
3508210
9873366
1663579
7712304
6355610
3728630
7593152
2202755
9913886
2351452
2873243
503785
7573270
2197346
6556087
3690910
5199469
7098426
7486618
9779304
8120504
784934
9033500
469390
3101413
7662937
1064220
6942689
8992000
1755171
9684180
8757432
4815717
7716649
1148076
8285795
5698208
3616121
9787040
7251694
3939745
231252
3986167
4187100
4461723
8005503
4018055
401272
4228354
7071714
6158102
2442689
6566157
8991109
9155980
624787
6565763
4817878
6485307
8233222
3392159
220340
4607351
6866604
5738537
8635622
2112384
5404827
5895430
8330645
7795030
4628285
6255650
9209430
9841333
4582851
1359315
3339798
8764223
3025117
5424777
238499
5581417
4047519
5466518
4370002
5641074
8536272
9069104
2675934
7937484
680889
7627781
8026511
4509100
9718748
9531307
3704275
3297800
1943113
2570192
6781166
1758530
9675024
8608273
7823235
5874230
6572854
9908300
7779388
9957614
751268
7774601
4058610
438766
43093
4793750
288755
1394371
5715364
5903349
8019949
3542910
2593264
7137287
209290
6099913
7859942
3418646
2528484
9882766
5298373
128216
1987440
4856965
8864469
3371106
4948325
4219931
4891066
9956020
8453647
3932184
9270576
5273154
9604903
2133990
297481
9340717
4478440
7470570
3675014
5181929
6249924
9845166
7911222
6374558
6954369
8229568
1511289
2258006
3819705
4695372
2020929
291623
9387721
1820929
5419962
8298266
2166915
204765
4604343
1618780
8244150
2980554
6045608
7951253
462664
2442875
9209198
6962096
5579703
1088920
4388107
2721909
5600213
2331810
9208522
7639108
6560497
8147090
3128608
6573738
351297
8791185
4136951
7871647
286320
2986889
6537150
8339000
660789
694823
6786876
38986
60512
7901722
2970865
7285127
4345184
8588278
5782384
1088992
4783315
9195341
1003474
8770595
5363596
7077342
4962678
1435679
4671353
304690
4726670
3967948
8248799
6423941
8016463
1007395
5416905
1270284
1410025
4865861
1169626
6047313
2388382
5530988
228448
7264048
6739361
576033
3138017
5593124
8694234
6788716
2051267
5825950
97108
7726491
7728331
6814292
9872635
4821548
2728584
308556
4999239
6589644
5298110
7268926
1849859
8377429
5649281
7700452
3417810
4468151
6455131
1680413
1933860
4606278
9988929
7198776
6517964
7787628
4506469
2099653
7210611
1208591
5624497
4760688
9171777
2583399
5287991
2642764
1532598
9920811
442610
5264480
1986088
3012167
2677028
744206
8469711
383734
7979085
4630169
305397
3677432
4260307
5193237
3854772
866249
5562630
1494630
6490403
13743
898446
8053524
3897152
8863369
6718287
4956539
4243777
3363820
116663
5572513
8890716
9338561
9730617
5003931
3141088
3329959
5712610
9821957
6617910
9818386
1771493
1085781
7410690
8964917
1127257
756676
4515468
9526297
3106162
7143514
9432108
8101775
4988041
4858221
6369098
1846170
191925
4520260
6538831
5299081
1481140
4314595
5362640
3868758
5182918
2467335
791521
1994364
4896982
6874143
7485696
68479
7787957
2074518
2864330
20295
5847964
7716062
5437803
6581524
6313157
6002178
3121677
7430591
2221448
277113
7903482
9283525
4477478
2121170
5036810
430860
5738197
8301757
1933024
7161218
5621937
9418248
2370702
7217453
3822209
9974887
853517
3551058
8585566
4625696
7639777
7052857
5004194
6200000
1314809
7639857
1534297
8270816
3200074
7628612
6817705
9952122
3822262
8002710
817316
8111911
9085026
5379560
6272092
8681563
9817518
6090149
4849244
4946211
5553050
2585471
5072925
1498284
9464139
1348340
643530
1032963
7050125
1399942
7381504
9392381
5107851
9318559
2264481
8361430
7300494
5954881
6703338
6289610
1750758
8851384
1412944
7467092
4468738
3252802
3218392
4616962
6843213
640295
9174411
2433180
8240490
5409196
4500645
7884012
822086
2164245
5876503
6619559
9918487
9065193
4826858
4495369
1317657
8154548
918486
7928409
7679755
938344
8345346
8474259
1987895
2235688
5862132
457147
8090283
890831
8716384
1171189
2048194
9349419
7601557
9250833
3793862
6127750
1160336
7802882
1762780
832280
9615923
8630130
6197897
7871978
1903130
7045186
3160871
3100215
1474457
4100788
4494439
9087019
5944126
4998356
9514932
9440769
6725749
711728
3426807
3778451
8890597
3455593
5330229
4234104
9829038
1618610
4976778
1605147
8709582
1889137
93301
3126963
4701943
2601456
1767181
9633976
8110131
8480411
3954400
2244744
5481361
914047
196186
2461089
4722122
2290908
3881393
8626782
9250839
3900172
2001831
5301825
8682911
9414824
9170510
9522884
6154047
1983289
9788932
6669225
1859496
1849553
3922639
6740360
7903153
5997658
6475384
1662436
4009161
9554430
8932700
1427595
5140682
7026673
7861450
9173786
8665180
7049349
8499427
2405574
1276710
232182
2548467
6893319
8415431
3123881
1746526
36630
3999341
9407128
5198873
7075985
2424040
2317487
8550677
6213137
1435213
1337499
4502024
1329331
2388352
461159
5656225
4203181
5139831
8772139
5118195
648579
9974072
2872200
8408462
898809
7086254
6926941
710373
4530787
2983077
4576245
2575898
2208364
8735003
6075926
5594129
7293410
6489367
5113788
6580122
2067057
4545009
6158185
4447475
7729915
7655392
2962903
6263317
1541466
3452575
6650711
1651282
4647038
3417994
755423
5222338
5603678
1929400
4481133
1234246
7768779
2062316
3229183
4278646
9065819
1752583
948864
5097100
7880428
722043
7132371
995451
5220510
7875639
8331017
3637053
6015100
4447683
9181758
1221858
9222300
9205977
172926
8603909
199338
1958537
3093875
6889200
1499868
642543
7034898
250438
3112838
5395282
9077564
9691782
6177449
6656603
956106
5452077
640104
8754343
5479828
7187458
8056894
326189
7820974
7332634
4498084
3826762
3975560
6935220
9928418
7536479
1806934
3810939
218637
5229464
9594649
8293375
6773125
8038130
6326406
1473681
3449378
5098991
2101689
2658784
7517141
62227
2169618
2711809
3537020
1151297
6835541
4414168
1197266
4675398
5161639
4484336
7857141
6620204
9802388
97543
5378879
8226398
5847738
9356099
8027938
1892566
1739657
3974062
7670305
7829996
6652927
6172939
2417978
1794772
9135721
9853769
467352
6468856
185754
2296365
2533201
2829731
691069
8254972
9905099
785393
4372066
6789132
130378
3762597
8476578
2050730
9659499
5846118
9338687
897153
1292405
7554198
8595677
6127710
6547216
1264964
6289893
9901545
711967
1867581
1134036
476570
2624915
1686144
5806059
6676812
4271672
4707231
4466573
8840816
1480035
6636101
866230
409215
1477092
904805
3236084
7541106
5967965
3610988
8009441
3398811
1815424
5419024
8719203
3662179
7761391
9930732
8399015
3620644
639192
504077
1119586
2029789
3211337
1481985
6272875
1705195
3142807
3513684
5548699
961255
9473761
3465985
9656755
2786238
7801850
1969227
5755883
2891103
6452557
6516896
3373876
9396334
6033201
1597541
7807488
1083592
4503099
8035528
7008981
9288327
7702267
1888012
5469034
2100306
2273610
9890254
9246907
6658803
6159998
6957114
4969125
4005189
143202
6442145
3560940
1882288
5050986
5287041
8583874
749830
884904
2706251
3251077
5587643
4678232
9939240
2827194
26879
4938843
6485733
5471352
9897229
4157800
1061388
1594365
6067750
5399521
2092527
1863779
2272989
5711890
1193670
2262247
9594978
1710026
7731838
102001
7240492
7497127
18558
9990704
9894152
7750292
2643765
9717735
881491
1324768
1820536
5010222
3708018
6616589
7552965
2770099
8319693
4470804
1653912
4761426
8043258
7878251
464863
1850199
419434
5745409
3255070
8546602
9626899
2771946
4054589
3199154
3732591
2541362
7406693
8870518
7490854
2680474
1514575
3198164
3283603
2929396
9228176
1705136
6975769
1571781
97922
2904971
6887745
2075347
6597711
953072
5063971
3725581
2954198
7850982
179561
1274604
2460788
1843479
9792897
2284961
1276336
3267718
575127
9617583
7685991
8400624
4672789
4102241
2178636
1550653
2351240
6656340
8027976
423847
7801854
4412303
6457801
3569454
2733464
3078248
236506
9841426
7033677
8772473
6307833
2853364
3944632
5703571
3957162
4929934
9478852
1688288
9591166
7641735
8873568
8410867
914934
3543044
3495009
2565718
25689
8953658
6731307
3164389
8217567
4635037
5185881
6143948
7409828
1555001
5627706
3724023
2212777
4070047
9801534
442195
6176721
4756980
6715164
4917000
3247863
7687004
5226494
1443898
8188615
9194962
4228906
3148928
2237943
2406060
9444912
4249772
3985544
657806
4574684
2535580
9008999
5959812
466439
9358020
5558453
4145225
8493731
7213857
657534
1368548
4977251
5823149
4659995
3562163
3739247
9843145
6739809
6813080
4327125
6431964
129
1063899
7259992
4965197
1597720
3069085
5346174
2426837
3336350
5160664
5859341
8860480
8435361
3189970
9513338
1563011
5427214
992071
9158900
3774283
1761296
2627066
7838004
2194544
6057526
1720346
6756195
4114904
3239655
5110182
4340243
7047931
3510861
9736364
6286133
6229626
8901737
2998068
5510020
536427
7274817
4328620
1899774
4035295
4773465
9968530
5376775
8503938
9514447
8025750
9880049
1545551
7006631
1147735
3369504
2794219
4523509
1476615
5955904
9204537
2707220
3351157
3406665
9666216
5611376
6201685
6298104
1650521
764044
7262058
5673315
1567052
149525
6727964
3992929
7425863
6426281
1632497
9395597
3510190
9273762
8346707
6040952
6698654
2877290
7361443
3661329
9670851
3170487
3623477
3283094
9550056
9018372
2398973
2782419
7830681
9458212
4377552
8110036
156877
7639222
8071781
6386092
5088508
337791
9820647
44626
422633
9169665
628605
9783748
157002
3076600
5669978
6159303
2691270
792208
4760384
457484
3817615
2153717
1644112
2160195
7603055
4291471
3459378
7184155
1939031
2949492
9294158
4478816
8008812
9080522
421413
9064369
8870503
28819
9247097
1549337
7238065
6301820
8187897
6717353
5239613
1802741
5446566
5567990
2389587
3739412
1260440
460109
998566
1994182
8693
9355550
7381661
7879682
6759318
1563997
838641
6252759
4434484
4891948
87433
8050538
106480
3207205
5440796
9952919
1368841
4799157
1032001
7950001
9420297
8232949
847861
3115609
2791887
7095624
1954352
4522616
6740464
6587081
8680171
3427012
4969314
7655266
4933247
57904
8625174
5903025
5979823
1147839
3282549
7795755
213236
9147211
7117617
3093788
6046303
2754024
2567003
5300530
659061
3286155
2348111
2164938
2011028
71404
8446017
3514497
6012540
1153296
6827772
8601775
7119226
6189946
6220149
4451826
9906032
8446966
8649445
5176156
6496406
428581
3425361
4982786
1434882
9442718
3979375
4517178
6847037
8037641
4092635
1687193
3031890
6268907
595151
7790777
8929297
969745
9238885
6389148
6450705
3756498
8702840
3274163
3935426
773223
3157851
3499308
9438502
735701
7764330
8643826
8835319
4261903
8134276
3202108
6165075
993773
4028669
4234675
7859416
6280834
5813463
8603753
7163224
5049133
5299905
2681759
9443234
2168727
39740
4366822
9878293
739967
3004593
1497862
4820312
6789212
8690336
6724379
9657269
8508223
4727233
4103467
9930578
8742525
5834695
1020645
3553565
316006
6270562
8274487
8913724
5493091
1596302
861081
5162452
9036203
3986914
6536839
3721828
5726122
5357212
7332716
8324985
5388630
6389614
8023984
335136
7924755
4911110
5957294
9707360
177186
5298814
1072190
5045891
6186653
9576735
6666314
9948660
3797500
876588
4569017
7489924
2420971
8420283
3252220
5680353
7337162
5292551
4454077
9031082
3776367
1201481
2048196
738895
2607600
4688057
2960647
2697743
7676167
3215761
6587684
1815422
898138
4652518
9871384
4547513
4033615
7699408
1182976
5318240
7501632
7162840
3350980
8324440
575797
8634638
2983848
9237114
6555108
1583838
9754287
9078976
86767
3856447
6563781
5784543
1316148
8436293
8854095
3440600
2943607
7399300
8626034
9400431
2164790
1630977
6502773
5126284
2590736
2342179
8924210
1794683
976401
4774626
2959681
2042318
4464906
3755333
7888098
1265577
7812195
7130148
3150425
5148920
7994852
8952987
4566034
6330612
3861133
6278006
4268115
4173202
1829161
5472403
7630228
5275777
631137
1387930
7062220
8295099
914314
8624494
3854952
4574193
9648882
9991159
9165662
5247003
3479409
3903110
7087684
6604464
7231316
7427478
9701628
7791227
4316223
7826984
2766615
6427597
2799364
3781563
3711554
1421195
3756308
947930
7554970
2590670
4433168
6861960
5784527
1862132
8191354
57955
9271772
2379168
9988590
5315298
3898567
323294
4062159
4579555
7461017
7878930
6432929
7990396
3041001
7012144
136398
6785137
3806770
6955463
4025982
8391577
7927481
594785
8097821
435451
3445575
8733236
9641577
3338545
8178604
2915242
4810589
3238484
1965937
7670778
8496898
4593030
8896191
6528281
6560512
9960147
1699079
5248639
3566110
7823339
4837557
9005843
9985126
564559
3836073
6660964
5543929
586766
5912921
2574414
7945418
5189346
6556434
7074212
8951420
6864094
2948626
8348299
4905084
6308094
9688718
8968445
2188402
3785537
2404873
8338763
1369893
1523508
5373655
9602218
5778073
1146107
1992558
6246208
9093019
8283716
6951863
7125741
379926
4451577
4764474
2193281
8981681
7572196
9858976
9547829
6223639
5351898
605288
811704
3585927
4565536
2725968
688422
4039341
7672048
5349050
8251674
8554127
7528327
7860256
8022867
3536888
7504032
7158302
8783477
2276106
137860
6454051
5431145
5568282
6282712
2410718
1946697
158136
7033194
9362202
6044957
4961843
8222196
6453834
9135675
9222366
3993084
9417104
7158639
3906472
4007045
8546927
3250253
2557609
2918777
2599016
5586711
1725829
3606817
6687827
1581060
6460272
5914451
3796386
3240986
9587686
2353621
6468720
2860828
6059629
1826674
7078732
9143345
2136281
4451300
2421411
2893083
823287
5134055
6456101
6012070
3386217
3689638
4304024
1168579
7157893
7358769
3548021
4547542
5671788
3248942
7392218
5993883
8810143
8075764
9176981
252127
6539037
9029786
9545765
2070914
2433615
8956878
5879519
8465714
8985909
6110593
5797768
8144857
3549092
1801785
9451951
2280326
8678051
9021246
2477846
6834642
7875933
8852414
9470211
8698583
9209189
4356638
8852039
4870257
6073192
4955462
6342259
8045861
3124457
9187761
7684920
9790520
837138
7450242
4129669
2687524
5106482
4539692
2722306
3428831
580424
8366301
6513581
8609812
5186791
6126644
9582099
8730872
4197475
3049136
7209856
8177962
7359904
8746500
7813912
6739294
2372245
2136138
4228163
3856109
9454274
8264458
7219425
2068162
1078201
7975072
9569026
5540186
263137
5384675
947417
6898472
1207816
6959599
1154386
7874101
3837710
8456207
1305091
3835861
4589992
4367806
1039907
4089780
1049385
2782205
9819589
7775545
2719957
1368245
8996954
666036
5076572
9734886
5596783
9444997
2073402
8941798
5693557
7086055
4938209
2766094
4817708
6970087
6001518
5906523
5921485
3309325
7956283
1538636
5620297
5390891
175475
8244705
8636063
1294354
920850
7596789
7885932
9218100
5421787
2171296
7372364
8834918
5625469
8989708
4111791
7251121
967363
6750412
793442
9787873
6349004
9775256
6680419
1972246
710992
8334195
8269314
268434
1015528
4693228
7342578
3801705
8759960
5806237
8034627
8738500
8318725
3235332
9322102
5489532
4019780
618428
2343858
5787305
3796247
3564099
6005100
8153216
6692637
7661534
7415156
6268623
7246663
4144923
1788225
7734913
1520536
6038519
8328825
6385923
336324
3676703
4383851
9967660
7970082
7951192
8900510
878297
8189637
5693073
712042
7611339
5837188
5915660
4794696
6329897
7493105
2284546
1925582
6839247
647224
5902628
1273110
5717296
4096334
1812279
5214822
2072323
529074
3629562
6641097
4356417
717831
4838232
7623872
7357608
3421248
2523125
9194732
2129339
1113597
7226725
4759274
6094829
3711103
3022302
6826046
3680917
2081184
3402223
1814732
5560090
643768
1769406
8863009
2165347
8139035
6314001
2436392
7127502
3171839
7571621
7345548
176907
2375704
2651444
7076030
940758
9463881
8095492
1086853
2233013
4308745
3714685
9414925
8896883
3119553
1596269
8750965
8027131
3090519
5324453
1313729
3707105
9837588
7015677
7124711
3878142
8606704
3092349
8865867
7682190
2747129
92108
9135370
4232482
9850891
9648073
609066
1113773
2775204
4192316
9200723
2415372
1531851
6273115
3972832
4963187
5156360
5213741
7982473
7157897
7220906
7095582
9073661
5796726
3285780
6864420
257124
7597304
902067
6462950
6162398
7909191
9794849
4682046
6957958
3100542
5882948
1876685
6793329
5977000
5939841
3107098
1586418
4809516
3433060
7432956
5369881
6109222
2208936
4948734
1362458
856568
3195389
3108048
4899251
3575022
5026399
6268061
5425280
6044070
468254
8706490
4819342
4291009
9088949
8381639
1382560
2998565
7673156
6287723
2883919
5574806
4911604
9220779
1734766
6800683
1278362
1128760
9285261
3576086
4264910
2277896
5871371
3355719
4977661
3387197
7301590
1038853
6516919
7365402
9512096
1030057
8818783
5117674
536270
6685599
3120541
4591153
7280609
6572228
7826165
3007321
9533094
2382526
7855242
7079556
1017142
9171378
9618621
3912049
3856758
7913291
7679530
1035665
287848
3160728
4643121
3155600
3012929
5547335
2387526
7943943
3116209
8525066
3383662
3196476
5459817
248704
7033497
9557269
2360129
5990406
8264813
8566426
3691208
8236821
3744307
7413648
6919453
34969
9546157
87999
1231639
6811835
9597819
1098017
6056323
2521510
2193144
3620590
1702748
8342268
8303260
2973709
1001682
7637929
6135237
1755561
6444002
1308296
1775353
8336655
979907
977316
1581773
9941244
9844927
7641033
4904296
4834259
5474607
6038228
6764983
7122471
9162246
5454398
9649154
1295002
9982371
8817381
5095851
8995868
7033116
4992724
6345972
519099
6594993
3637810
9963078
6945253
3172551
8654470
4461383
666799
1436440
3246711
4446442
6890061
599688
297460
3275420
8734203
2083892
7007821
5362837
7657330
27613
5104425
2957382
5778869
4729571
2861311
1655805
7396015
9873440
9375210
519037
8674863
2859586
7361558
355338
2430137
7775429
9614106
1769653
492733
5568972
5089474
8076402
4051247
3156726
913587
9132501
2671224
3259740
6015313
3335211
1398005
3738944
3331391
4677691
9276193
2404780
39336
6278836
9301285
7525940
2234684
9607214
7429338
8581335
6437553
739678
1821175
8539965
8009989
2877511
9651089
1235611
1588605
1980650
6923328
7610827
2871475
6096642
9553205
7939409
2430030
2103652
3675755
1313762
242550
8023070
8656848
7837814
9952360
1222203
4401404
2122052
2656123
5247905
4635113
7209269
8927525
9690157
4246587
518616
6506077
7929920
8050936
2234086
6693679
2115898
9899011
8742336
5921795
5593175
5746803
7157584
6111713
8978099
6487209
4834599
3027910
1215963
3408649
2742845
3051739
4153265
4772795
1703000
602460
769404
2718596
5435383
806035
7833480
1120495
3976319
8267033
5331537
6832935
9328100
2424500
2624179
6794584
8914177
8955264
1543088
8674986
9283336
754522
4704182
4855856
6752751
1539227
3104508
3626915
9567985
1790782
6909867
2996102
7360870
9064622
5912744
550722
320976
984
1287955
6645976
1255233
2263367
526206
6988033
5370866
2253937
2231764
2706995
8892365
3858524
4535924
3813385
1123472
3600581
786499
1662653
2076142
9685346
1748803
4218146
6593239
9187995
7680958
7279699
2575814
596953
5286925
6975604
6208179
2925206
1596909
2629351
6378254
7023566
1964252
6156197
8659307
9365854
4702898
8583302
7799722
901759
339286
9980820
9549470
1213483
7370795
5118551
856149
9348038
508153
3371609
8031238
6950957
473897
3412150
8320534
1117592
4917130
1150592
2000952
3987678
8972674
4762792
5762826
9856046
780908
6743559
5068626
2986200
3728009
1585373
5002563
4983192
4716931
8509008
9345430
1304484
6414573
5807268
2367486
5346400
9693933
9890089
8376046
9624635
1453232
9694160
4852010
4229915
7794716
4990358
1961122
6135260
9283212
7305085
1213532
3707066
4903973
356745
8653059
4624171
1126793
3031106
97058
3217804
9363436
9238992
1518532
923080
4940152
3519804
4187311
2968827
6432332
4687525
199759
1488480
5507230
7523788
2192588
4885702
2324870
8211441
5821275
4929717
8685174
4181407
7492441
6499744
540032
7806154
7506813
4918561
4181424
3895225
4027550
9364440
5361698
5787458
8406263
3324939
7726989
1400387
9075390
3017110
3846275
6281605
3600276
621190
9232882
3930297
2180717
6803993
9289424
7353690
7161233
3352436
3073405
4142365
5317693
2653756
6138909
5041330
3608438
9849418
2511473
373896
4119876
3267942
4481614
9533011
9489964
2188907
8048795
1084378
8045237
6855697
7185773
488621
3941014
2232514
7214540
1189608
5284695
7588228
1347373
7932752
9658044
5543329
7033850
314717
6103917
4955554
2586335
9940984
5816449
8852832
1051651
5758857
1923979
3366338
3529559
4534647
1867783
4665301
9881204
7689975
5365187
5656204
1875061
1274309
6678319
2872954
7207513
3013928
6488928
7125709
5959166
3077830
8114101
9633576
499556
511608
3620064
5646866
438539
7179050
5792477
6975375
1066887
4415313
9963689
7009240
504462
6780853
7449085
7606249
1309537
4203301
2937862
4653132
7947247
3616876
779124
7311769
5590076
866368
2454650
7111643
849838
8181973
3484338
4637436
7607795
8990364
9629924
7559433
6643703
1691589
5071079
535931
2548978
7184368
757719
275089
7968669
7461054
7613014
6096301
8650632
92362
3881942
7780947
1745337
6511511
4093250
5701343
2365232
4000172
2491440
2933175
4849221
6877594
9028252
6344764
6406184
6920716
2545194
3444955
8786449
5221675
5553502
2772682
8263464
1942006
2194759
1310331
9382943
7639607
7332546
6418942
5091128
2333590
4910215
8734763
6740077
19400
8556593
2374268
6405165
1228590
1747724
5273963
2591963
3305712
1520236
6981271
9273193
4154532
7296383
393384
5132946
748925
4786792
8657312
5899258
1164800
7726792
196793
9121345
6738733
2807266
5848473
3339038
205673
3874780
5911621
1066654
157940
7407359
5776332
3660667
5344365
1681629
6386321
2952459
8487355
8013869
1561431
6350545
5674846
1858723
4769714
7949493
6121137
4366655
7407398
1323792
3577980
4200545
3768363
4570854
7340360
9929117
4187496
3839954
1210293
4912698
9446561
2369232
5920542
5074967
4725315
9965343
1540359
91489
2340841
9084792
5792275
5687746
6220317
4821207
1689760
8482471
9186628
1227566
2771311
664953
1425234
2186221
8832137
3104007
3231434
9052674
6741987
8111093
566189
4773079
4100340
5877504
1876948
2369809
7247974
3319993
6033767
1861828
8048320
1125879
9435549
8519646
7118327
2635936
9428208
6500776
6596407
3519975
8422637
2674183
7484398
9277016
3100063
1368520
8447494
1396971
1593833
2833308
131069
4493928
4381577
4596512
954297
1096436
9547825
9619657
6085306
799117
7133274
1196372
6859869
6631407
6798739
712936
8153565
1743385
367742
2806480
1677516
3995500
5602959
7532689
6274943
7622351
6350271
9303684
7773058
5413684
198932
1671648
1625330
96055
5204143
9805750
4163462
7241189
8596334
7710875
7372110
6809576
8430551
8202361
1930718
5198553
269005
7007360
1150935
6331545
7561424
9837980
8975030
4154997
1165332
1429321
3534294
1457943
7374365
3348036
6395900
8702463
8840217
1690611
1634460
3753110
7941155
9121236
5384363
9571592
3769498
7939918
6492053
462486
9725159
9466727
5523505
5076927
7945008
7136769
2590661
2642606
4526070
851009
3575323
5734285
4318810
8115953
4087139
5306232
2419533
3231828
7508087
4691382
2853607
9867655
585754
9849914
295845
6467986
4534168
2461368
435302
1955851
1833204
9681894
6662821
963834
6282265
3327529
4394003
7938523
1280243
4234842
8286298
8986212
2700695
8993107
7906326
5238248
3822010
9479696
229887
4176021
1589415
8589481
6206298
2750912
3809246
7608945
8460135
1137089
4778038
7709256
498878
5994556
6111576
8036869
3161643
5870129
164908
5883915
7105029
3970510
420563
1520263
8796389
4731999
1829789
3919815
7848647
4066623
8108430
1531001
4918952
1909200
7292175
4703226
1027960
2692194
6526968
2722837
9162604
3373599
8282388
9052026
2177245
9733065
5196324
4445497
7411986
7552008
6417335
4740306
7221274
3754113
9841790
3483261
2121902
5437241
9657595
35531
5386727
1752072
8755520
8529331
1113749
7332662
412568
9192297
1204290
8649258
4209472
8701921
7140376
8047598
4088301
406600
7390531
1040346
3717158
9212597
5239865
7462806
7195132
5472873
7978246
5568268
1081120
8526822
2618787
4546907
7999970
8712438
3494899
8672934
3292321
8565061
203218
2408500
39776
3679385
5381710
7162881
1932682
1812470
6513158
4769542
3566577
983885
6543079
7987713
9167425
6239076
9699037
1044035
8918438
2272570
9147349
4944243
2350127
1823576
9029827
7713246
7631693
3434160
3272308
4256018
7736998
9890129
5585080
581900
7119743
1606036
5489929
9672172
3397363
4420353
1685325
9251055
6437618
8773600
6409601
4823795
6888951
8881344
8697398
995564
7529883
8031137
8925826
9969316
6684784
9008613
7570015
2460889
4555505
4744739
434224
7379496
7960437
5159509
2700570
9340959
6633933
6536035
3908
2539013
3648904
1931254
6314491
6242454
7292024
1824027
9121884
7295287
684460
8938073
6013796
6477660
4613003
6557609
1988357
6932483
5216105
7859983
1453915
1846520
3825271
3545312
7251331
9121785
875659
3584304
2589941
405314
1830420
6637886
2705650
2944978
2817548
8452973
2121204
4179508
7004685
7079980
3786821
3433162
4113565
7271833
4722960
3516266
3836364
8414922
3895940
1342686
3992418
6047416
1734148
6150961
8550461
2099764
3505557
7460616
2090470
8862235
3921970
1208827
6737508
4330113
4334770
302008
6854754
7327091
6980384
424544
1765439
6745746
3323119
3606160
9513587
1255214
4665263
2301071
2514726
3476613
452327
2041362
514305
7178465
4199806
3455374
1854587
5533925
5371802
9488338
2139493
956996
8360827
7775677
2626005
1430477
8612166
194361
8925362
4629102
1825893
3611122
6456991
9409349
4362107
4516216
9386212
1084116
8412513
6871119
3934626
8547231
4817988
3919684
6734328
6864661
7644113
69736
7006596
3412931
9266538
2781529
1984675
7570709
4456783
5456508
2454071
1131113
9779244
8540824
9789346
978974
6252998
2056323
119467
181779
4737009
4326157
6563289
7252503
731393
2370075
1923728
6162127
363373
8552286
9777381
9678107
2805576
9962207
4823922
3652432
7617351
5724644
2823472
6652283
9437256
2921549
2246557
1879404
8759857
3660895
9927885
4568668
9033834
9409923
9725715
7987017
4821402
5718649
7104670
8956783
4282854
3120717
6051605
8259781
7115498
5230647
3350761
4921677
1986422
742598
6951312
9094200
7659231
6196532
8535386
5880772
6602606
8184171
5114452
2710305
6489207
2156205
7475079
1770261
7725736
2989564
1149070
6547439
1124522
638128
6500323
9529268
7937218
6825499
199838
3157575
6548099
6232290
1568205
7206014
497
1058932
926174
4628539
6647161
2400647
2819634
1736829
5966268
9787337
2857218
3000998
3866760
7309411
2827755
2582979
1087960
5741286
4642486
7380608
1679490
3089963
8564738
6272136
7240807
620576
8445297
4749958
193979
3665365
3210793
4651452
8008813
190196
3752815
5704319
7138604
3573228
6167127
515446
8457171
7984633
1348168
6801578
1559425
3045882
8715284
5751526
2111724
833985
5408913
3753943
1604085
2689962
7516160
8134709
8567738
8395812
5841510
7063409
591101
5985243
3592181
2324875
7618260
1071049
7161591
661832
3668413
1721344
7134548
9691678
6609785
7207805
6360620
990241
5817109
5253090
8168983
3385836
1700564
4421807
3673978
7974966
6021441
5172279
5696189
4443988
3269831
239720
9170805
6651707
1453627
6323419
7183140
5016175
7359596
6691848
7601061
4178184
7810747
954688
5493177
6036864
6494051
7720719
2820235
1837837
2382816
4905498
5992890
7700929
483603
5321298
7877456
7302919
5141401
9247158
8081823
8220535
4591097
5729612
9789370
1041000
5391621
2580837
725405
9480644
4182283
9897430
6243518
340592
9823379
1942168
5126623
9233988
2035780
4375638
160245
7303736
8404635
5222552
8527199
184144
8368503
2976166
2164273
5864038
3173976
5668448
4737708
2064572
946156
466047
2564585
8057035
6852842
5470074
6647799
7543375
3429875
7917803
5692986
4762560
5468567
5743548
4353088
8918720
2377685
7648785
6206692
9367402
8885253
5951452
5536004
3040256
9871443
4114425
5257941
3310182
394218
9081145
7014707
6407526
1788189
6656307
5770674
9780793
3272874
4856179
4771859
2644651
5086332
7644651
8365846
5334309
5865203
9076288
1104958
8631163
3223656
7718010
1987899
4542513
5101152
6387113
3331816
9371939
1261153
7340955
1695327
5998825
5343099
5779012
8625084
6150970
7267516
8220826
5125445
5489033
189199
3396737
1109101
4594234
2604575
3705158
1338634
920114
3188291
3811950
5308221
8155667
1696655
6752103
5404025
2074873
8631192
9154946
8074961
4383002
1200308
6007388
7763874
2208951
1459623
6425024
2272139
5571869
4184072
9287940
8680390
9830403
9662712
2295742
5126439
4380925
1941144
2813708
6694649
8892243
9558965
6713405
5353484
5491110
1975437
8635251
6013237
7765230
5403959
8996
5740561
4223453
6534053
3766110
9636467
9493311
6871482
9767104
7625728
6984983
6558238
2082368
925865
4259751
2853384
8840923
9468327
7243322
3358271
2162247
8008464
8002396
7369332
4344003
1120526
4301752
4954205
2634919
1789055
7811296
6918108
278954
2317926
4567622
7717962
6966392
6958179
5863742
7516419
6707961
9909859
5074370
5579310
468621
4938032
7888960
4596974
3616586
7466045
277150
4715285
3976095
613862
4778685
837959
2477908
394244
7274491
6878403
7649315
5114403
7394021
9965244
7563989
5396667
6911374
7378574
966802
3444217
7406908
2883270
3305733
3507014
514210
479255
678035
8709451
1662593
7393916
512986
1882658
176711
3574272
2216057
6875029
9991344
7992776
798029
1165201
6241950
5143451
2472395
6922347
9962881
98149
9378017
6745143
9378440
249540
1688488
2680065
2674845
6844590
4051999
3273985
397347
5616561
2258591
6783212
5535850
2895237
8245178
5024823
1692028
4015773
8033975
8263396
867970
6121311
6613857
6334068
994984
7308268
4568499
4291157
8991407
154788
9066149
4645075
1235278
5991873
7003243
2844284
6370762
9203215
2049316
9635615
4901244
685849
9360717
7140252
5075755
9876994
7410091
4819004
9966103
9274506
8607480
9670707
7072434
3630152
2073995
7132800
786594
7688686
6207593
1037758
9137278
578384
1773010
4196647
6074406
4471387
9408380
2363772
208006
7505376
3215627
2569503
4591337
9285699
2576852
9398481
9391136
8192813
2272362
5373523
5686491
5879054
3708991
3447395
9858905
6446770
69674
8555008
3213564
8711554
612683
2992096
3368524
2513301
2180454
7413418
8292639
4876726
8743993
2210045
9236677
8664015
9781668
9280996
2509497
4714533
7864476
714458
8426185
7812684
4666088
6444817
2825738
7663269
931794
713681
8431145
7848417
5907895
1019237
499112
7678290
7746255
9901912
153267
2614925
2018154
8818110
4147904
1070962
3250655
6723577
7938629
881521
8634194
3214531
5851700
8257916
2916999
7272279
7258056
250617
4892174
4022066
6926380
6583813
3213925
6617804
5319654
5548914
7969166
370247
5381573
9147971
8798072
5062196
3014885
4816865
7557520
9389363
4242601
5023487
4135328
6028264
6724547
8670789
236463
4625985
7877516
146223
1440375
197159
9897660
9846133
5939143
1038508
9761888
775304
4259793
8115390
9390039
1111394
4624801
9807441
3531210
2152224
1595900
8739125
9369534
776942
5331255
7873122
6022326
9500042
4018597
1203831
9642355
901665
9706535
7745617
124725
6919162
1876469
587546
2217166
2865644
3671115
1085638
5553722
3879776
9879401
654614
9155223
3403678
2522235
2065744
297152
137409
1391661
3915074
7761938
7022245
1464874
9917386
8244169
2553831
8607028
6089090
5621889
3718097
9341354
1443284
8478921
6121898
9674350
5993333
385228
5123252
8841837
4634343
1472341
9083605
1491343
7362853
4705383
8032186
9488159
7491740
2468932
821618
5307619
2662805
9186121
2643044
7872389
2615396
3738840
1641367
4868737
9916744
1268170
6763759
1925749
7943345
7963076
1357577
1953004
5067029
6145418
2321212
2180785
8010241
1605616
6592066
8794737
3766581
2718483
878335
872317
9045096
4412234
5156399
5128626
6104132
4218038
85720
1162439
567068
4570632
8784630
5737137
1500855
8118828
1734092
3438258
8536967
9998446
1438661
7721620
1637149
9493570
1360747
7875510
1948144
7877741
6108062
2035598
1531362
1868587
9739082
3123802
7018898
45922
6018602
4598292
3729669
9484995
4997071
9611099
6133921
3788945
6009329
3303078
4801866
3089415
9828055
2717440
8660307
4197683
7774109
4838418
3198702
1574246
234692
3504924
7845810
2365973
3664091
2009232
5812977
7850572
771123
7253342
408567
654995
7944046
9334602
7820689
8590863
1472120
9725747
7646573
5834821
8929024
3044931
7493029
5089772
6074581
6388586
1971465
3170330
6975098
7021152
3704626
153673
3384875
3788460
6906786
3389955
7465357
3201205
1872089
5680389
5019933
9496282
5790565
5386821
956082
824432
3768267
31062
6812990
9614243
2028199
5669269
7790200
6508999
1868594
6456857
3684458
507379
1045674
3669577
2987365
4736906
418811
3430257
3454342
7773384
4156390
636646
7513827
8310130
8033096
9060673
9473054
4914469
26658
6737223
7365321
6116223
2386854
6507919
5824417
6444827
8984128
7611531
7225210
1198961
2079907
7241850
4198503
2911712
6364180
1501812
8285687
5039290
3268462
9411198
8301201
4080443
1263501
7682063
9393029
6881095
650128
4715629
1665466
583355
5930420
2392487
1187228
4542014
2079999
2534779
238955
4537899
9929494
8962783
6417353
6204538
2555316
4516573
893572
5394181
2270259
7443420
833633
7931896
304957
8184645
5943919
831155
25363
3405736
6706330
3858969
8005360
6443268
5562575
7847586
3097515
2012994
191688
9033952
8334617
600666
5378846
8622914
2469846
7544546
725519
6909370
4989832
2437955
2376859
7093197
6540235
1281467
9299352
3262456
9419493
2407644
7081722
684731
3024685
9325858
729484
8251002
4600536
4434273
2843251
2409004
9329439
9412308
3756722
5043080
9352353
3308335
7307672
6595539
9477930
7212219
3678137
5284840
3630209
3705171
259168
921322
7705919
7687043
5471785
7853306
9785465
443364
1941171
3741051
7650877
6201022
7540417
8681058
3983801
7275175
8033050
6858811
347180
752998
6914086
1319864
4637796
5497238
1222059
7020369
4700181
391605
4681389
3261940
674202
3956379
1701212
9800016
641517
1693209
7678937
1063645
7683377
8681892
2420702
5943213
6048598
2014245
2373485
2976820
3702485
7769379
1394993
4130774
3644616
4687406
4936102
1368889
781318
3229716
4119085
514569
522648
4881713
2355420
650824
5661778
2903470
5533864
4346575
8367320
4732782
8935978
4676556
2175420
2396790
9356357
7472158
5261987
3618319
2377809
9937944
9752830
5620669
7497165
2969700
6080646
5400770
4919355
3784967
6361007
9465684
1188586
1580693
7569444
4557255
5113607
274432
8351170
7246012
2383201
8580656
7547205
4596401
9708031
2879385
2576151
9041474
5167066
803948
6908666
3084824
8247249
1460487
7878234
42893
759173
7907252
533069
2675828
3087903
5367016
7757539
6624370
9137673
2797288
318968
8296537
5897678
8015079
3736825
4375384
1126024
9970270
1015993
8562176
8378515
9686914
1985117
5877672
2725351
9235142
5856389
4348757
815921
8002646
1034157
5752317
5616621
7832630
5678305
5974955
8033397
3578616
6997183
9979334
8589413
8131461
9495363
408303
22535
7373115
5675786
2550720
7618403
3610701
395763
8652928
7730090
8621444
9671315
8520208
4724940
7062592
9303039
1829997
6811334
3626239
5830604
3766249
7075186
7024111
1260319
7807149
4434871
3787081
4408576
7490482
7511628
2034218
5883504
6114793
3328643
4267773
8971640
6228114
9406992
2235905
8021178
4262087
3675492
9952052
2645772
2088059
1945520
1532533
8354802
2845155
6794890
851401
4578061
5887482
7396946
1169738
5690100
8023596
8448478
1817996
1432663
1611056
6183233
2984565
3458492
2293152
6971352
9028418
7573774
6248213
2649339
2989781
9699111
6980116
2720016
6375005
3510484
6253566
9895989
8156668
564477
3345674
3029425
2590544
8227459
6264945
259126
1713008
3704387
6405262
4015107
9283771
8197779
3628547
59584
9099105
3971003
3682216
5821241
4294907
592963
470625
4204870
1083598
8208906
8523162
6758178
4852742
2513454
7683713
183115
6040393
434952
2063721
9907020
7501011
2232952
9741924
825929
8924309
5980182
7244924
4033811
1803009
5126267
5294709
9289378
6590075
4444222
1758782
1461662
4499089
4654599
3485426
3943441
1262532
5620356
1216587
4300932
5323862
970609
1852373
6620552
4017394
716545
4112203
3692545
3835155
9870807
224921
8190844
5301908
8794910
79535
6601328
4802529
4773422
5504613
6744155
5495781
7217318
260775
4334715
9504366
8321864
4768861
4569736
9779249
7531993
3825746
2821127
5195851
714595
9499627
7380994
688599
7892448
1927307
3587689
7105793
8099509
6629444
4826582
3325351
9217093
7335430
1690084
5971953
6081198
6380906
3844839
112245
567656
715972
6111583
5431860
848912
7926326
8939061
2141521
7354071
6964575
1522403
5104715
9192741
300430
128215
1629291
2049104
5326475
189473
8811283
5801538
9741210
586305
9315663
1689110
4568228
7293200
7721100
5214023
3404732
6432226
9784078
9776363
9300917
5287271
4010437
4472918
9490921
5410259
5083678
9980336
1897943
4964346
5045857
9220180
8472588
2405815
9956188
8891868
8090422
3148657
6937189
1523825
7980245
3589365
6152596
990736
5839246
2958665
2722768
378770
735034
7105961
1406147
8132824
911195
3081552
9030462
7980978
6587542
5008966
4090536
4023941
5927409
4434955
7979431
5011011
226898
5569685
5443074
8166390
4781082
5743826
6176032
250636
2089603
3266539
2535222
7753296
1912388
3248745
949828
3884028
5971764
3656199
8689729
6244559
1924707
7235666
3600507
3074867
8855920
9756888
8038252
9464258
6065563
4076989
3764018
940095
6013831
9656351
7225326
6753538
2590112
4840263
6866906
5653802
5792292
1827535
2032622
7498577
774238
7846577
773710
2435727
848301
7515529
252150
9984130
4975555
2547764
8888053
6284187
6313270
6608880
4382824
3857640
9883625
149809
8642243
6450074
4721739
615030
7887484
7346580
9571213
6789839
5964703
2259302
1108839
2775778
907747
7506858
5264694
7958634
6490316
9970766
9279386
9737873
9881855
9371921
4153410
8166425
7818054
5870834
3448052
3627803
6467776
1077577
2312079
385110
8315450
7304626
3830953
8160388
7851765
7349122
5899577
4970749
7631422
8942834
5759429
933247
919484
1917196
7398779
1234955
2465506
6036367
9979893
4316190
8501470
3336936
4804476
6277044
2924355
7635492
4693513
1522769
4314610
7384827
6529069
7687537
5335396
598289
8765105
2751815
820852
9857984
6338530
4285154
74150
168676
2681412
3611205
7505162
1179881
8817336
1070445
6185759
3668969
3383981
7537922
5745
7154691
6737533
8828807
5976414
8545133
786016
8652884
4683574
8702256
3858120
7809267
4314282
1189447
5779019
7664842
9886774
967672
4392503
9727392
4064974
8832732
7387783
845026
6008724
2525037
7929845
9643852
4023201
2671293
6536315
6276288
6145210
3523187
3363342
4468271
3432798
4663353
5302243
1361256
35240
6081496
4311674
7093791
8021174
395739
1313561
747278
7173071
4962072
9275462
9025995
8206270
6058828
1700768
5601331
985787
4977910
9474434
903669
3596897
4035422
4459227
6191478
1895597
4725692
7189358
5029371
6696063
7554798
9425934
2086243
6457710
874272
8838784
254528
7770916
5530151
9019896
2300493
2117595
3390827
2320686
3813856
8976197
1588504
4093199
6200047
1084751
8329396
9251812
8755804
9971485
2797829
7167919
1509279
788409
3700654
54292
1722873
1003039
3503563
4425048
8954898
8108915
3082271
5743688
8339899
7267863
5414185
8350776
7628893
8687031
6005853
3794542
8513126
7678395
7466977
5805024
7179648
8092168
9030435
4332406
9277766
6593089
8910581
624672
891742
2803914
4272607
6953063
6678870
9201823
8517718
9617350
4047930
125092
4516072
1244147
4379994
2147895
62039
2877862
9291563
2899153
7129436
1730273
2920656
9339821
9141396
8769629
5450188
663189
222199
6666463
6736514
8985282
5372980
9628328
8350103
668803
6542372
392813
6414416
6915253
9031340
4030015
7940258
9552615
8017810
7251391
607799
1316882
1460785
6428314
88781
7228155
4237174
7284642
1160083
1243703
4058776
3570070
4110603
7621706
416717
6943906
9582372
728738
4616074
2869743
6576733
5986396
1892763
2665281
7463755
6276388
8088905
5476210
5760414
541208
4092967
534780
6057560
799672
9461788
4757360
1266942
3676034
3759279
9383951
2872926
7141631
5326290
8514385
9170245
3093856
7804452
2778764
9459622
1007213
9982182
7065559
9311132
2272962
4165235
3440506
8909553
2595550
6104526
2736823
1903347
6604279
4810173
8285316
2067516
9469353
4550678
6539623
2010101
2861521
8111595
7847065
1219163
5961937
8089079
9088780
985144
6215021
3226348
6498584
6892511
1709431
5834846
5334052
6648349
8074247
1159154
3522613
4462179
4449886
7636323
4104019
1246589
6978176
2358069
7279956
1382486
1408037
502395
2719426
9590285
5898767
6254532
5253285
564042
5488195
6177810
2450000
4061631
1626939
4689793
434931
4564215
5490213
9752997
6519676
975609
9833688
2078176
802749
3079227
4446924
3161621
5569215
3051043
1163103
4307856
6729247
5278342
1969585
7143798
3181271
8212153
3509718
6301684
7190595
5756260
4876321
7785759
4045330
5207277
9683356
8580839
5652553
8541563
4658448
5185883
392333
6034579
816750
1730560
944517
6792799
7957064
2415800
2393585
6099722
2952602
7349163
8017404
9204099
8477164
2304347
5599290
2604177
6400698
6278457
2931432
3588951
8179978
8115447
4357718
9651951
1704060
8554132
8285539
4659239
9699831
6091465
7377440
410082
9034415
5165112
1767655
4536495
7419862
537798
1678546
1916517
5371552
5008618
6339405
2659618
2285705
4258338
3251021
2056005
5052810
3830159
5761308
5635507
6269651
4597140
8519401
5318556
3631580
4640185
3673992
390529
6397432
7240859
7952946
3004944
123817
6760950
3081050
9914702
6397800
6016282
5542676
9796055
9449498
853128
8779177
142250
6290481
257617
6492961
2800962
1726550
9943474
9290207
5347655
2420552
8045686
7529413
877903
9046072
8572231
1050762
681182
3035294
1713898
906255
8348253
1556491
1216572
1736351
6229850
9193752
3551092
7664892
7331289
8282233
2564006
6086184
5619036
3650829
7001922
8939563
9827111
2968695
7897120
6913493
4762693
6064599
2703654
7495908
6194320
4631429
2433366
8576523
7470023
2237948
5485255
9419043
8654549
4228184
7482186
529470
2938953
4955237
8892346
8636268
9627736
1869073
702823
6891868
4097312
3288700
4926346
4540871
152406
4738754
6175981
5656301
6358781
6682290
5594371
6394410
9309009
2376927
3474870
9660142
8896656
6855636
5828711
7793728
4028551
3129717
3778495
1601240
4064614
8431190
376244
3661063
3838860
5603995
9637106
842791
7967482
8740260
1776516
2029129
3480045
9972878
7360752
9384365
6777960
7334317
6462112
1531698
2681657
4187327
2696774
5405330
949478
2693941
9352046
8894641
8769289
6671807
8386585
7563054
1653255
2158274
6473043
7425258
3613734
1776113
1792661
1953470
6162715
8412435
5906983
4540481
7407731
530957
5213774
7722208
4514826
6296982
7953514
4653238
4348274
6581074
3511210
1519450
8468799
8518994
9224162
2339537
8466419
2464638
3965457
401745
8778191
7112139
336881
3170415
5550252
2500948
4358471
7751511
3194872
3531053
9580935
1742994
4137546
4466471
1546364
6319702
7637835
6726136
3333102
97969
5192480
863409
7761905
8297029
6346987
90305
8427632
3298161
5425462
2029265
4063126
490584
2787228
1581873
5972966
7735682
2600730
2277020
3660537
7920658
7481564
8714185
5915263
643923
3828058
8683754
7861269
2663005
8595746
8643254
2558217
2591001
4688649
9842352
9128246
3674999
7719893
5332686
9879928
1951124
1908914
2212871
5718745
7561904
4568839
210629
165441
1505545
7143289
8572814
5683326
5465456
5228477
8450026
6606117
4135022
9318901
1212727
9567624
7556908
4411115
2612187
3542349
8545051
6953646
8584737
6610133
3944417
8002039
2866813
4952331
8689870
3237870
9324454
868202
3552622
4403631
6214742
6912870
2521849
7144661
3948536
9337464
5375895
2216197
6857629
2042256
8866759
6152257
5498253
2363724
4020754
8954113
5939445
6792867
8353884
1362635
3490065
1374196
990595
5513472
7881019
2352184
6668080
5474388
3855075
6768198
2102661
8853470
550869
2528610
2474003
6532984
6004516
5143144
4459204
1254273
6947580
6838556
53573
7262790
1444755
9192341
5548763
5778119
5119480
2387295
8418015
2002529
365576
8105185
4538085
8835358
7571194
4515941
2246720
6515771
788155
9090333
7968724
7092950
5178975
8099621
1639201
3640196
9654402
317082
8500826
7747984
3789833
519726
5294061
1602732
5393976
9102793
8540203
7722406
8724919
5301632
2311788
4942371
4687969
4881505
3962109
3518059
8674617
7910167
3535158
9110603
9398172
2027016
5723214
5667555
1153757
2199952
9872072
4480938
4693257
4366735
2498643
2628640
3272238
8376228
4307834
2618277
6174959
2358442
3826938
4416025
7169071
5563308
230491
2893242
6759223
6845427
2675572
5863029
1176538
9158776
9724548
3958853
9682236
6767305
6894385
6195444
2565884
7640226
9433283
2810829
9131694
2103134
4081953
3520169
3244148
2190461
230076
3747579
9200438
8024622
3642981
881764
4898560
8429297
116074
6829427
9417991
8325233
6766697
2046737
8334371
7417290
4315029
7212991
5565744
495131
706245
3858995
2588273
9648576
9877883
9151264
5777360
2157875
8200629
1518995
9392873
3649398
3629748
4196568
3931757
6855190
5270217
8681787
2090175
2001876
8844170
8675121
1483442
5316789
5289469
4620564
9284327
3463953
1349491
3671701
6783142
2871
8304935
7520471
7521654
945931
3484220
8707902
1814452
2687584
6319993
9538980
6069741
2672318
9071128
7644452
5562218
482119
4866980
3035193
7220853
5926841
6322786
4500295
99268
4507208
705932
3296235
8640783
6540843
9319859
2353008
2225189
9278677
2514073
3862970
8786299
4261577
348186
9641482
4531949
1561666
7446749
2768994
1855342
5028428
2891074
594146
8786887
7543968
1352414
5305198
1973054
6407941
4406605
3608319
8800532
6066078
7093123
3525006
1680706
4267865
2078837
556316
8086027
6700945
6611420
1492470
1479769
5018880
6973934
7867984
219853
8324635
4599218
6234420
7094616
8623327
1455151
4932450
331061
1138895
8400574
710535
9907339
4082055
3600652
4428523
964195
5208502
1295960
1859202
7249636
8394320
7360121
2997957
4932893
9005679
8457895
4099210
5934445
1538249
272226
3859903
9478822
5404316
7448771
7368024
5219354
4300815
5673958
5773828
2390831
3832426
8760235
8721452
5202342
6535712
1244212
2954882
9883897
165201
8491851
5821785
2003708
7117030
6486233
3596883
7136626
187260
871333
3799496
344844
4755465
7515379
2281744
1354142
4757879
5638754
4305232
9364051
6779761
5354623
5180718
5423091
5643110
3296293
8722346
4711035
7717723
4715562
129215
9387439
7827410
6311925
2437043
2347003
5991507
2959266
6697204
136930
8926713
735236
564348
3216116
9148827
1008641
2753464
2476437
22166
5664072
9146255
4244907
2624195
9790193
926855
835311
9123737
3945921
1172385
3300138
1032792
5869292
5424270
5395193
7781364
4529579
7172959
4513896
5491046
689230
2712437
6340921
7529227
7479298
2815252
8840071
529278
8624610
6964841
9392939
875725
59107
5979620
9086410
1898606
6790072
3207730
3654667
5048788
8955056
8798755
8921265
6102651
5990366
8138966
1144639
1676369
3084038
3241
928068
4754290
7226187
8165834
9177605
5426591
1882638
9299605
3372736
5133807
8619627
9606547
6159735
7503167
2620246
828898
4268185
4881606
2190902
7090062
6088453
8173984
9891846
8115078
1488398
3177909
1018862
323058
300798
8767386
5239984
4091831
3612783
3685269
191550
1753760
5764410
4302112
9507145
9452422
9718830
8738724
9907268
5195766
1120883
6560635
9787811
9594619
9963961
2117671
4804410
7066037
8432277
3805904
5117790
4729518
8634037
7438952
6827347
1253709
7869106
1052482
9794315
8029090
2205379
1566732
4635033
7498540
2263803
1995950
3192186
3562871
8560885
3827235
3764194
6615317
667200
1644762
845149
3583245
7103802
6276068
4150341
7404672
6800394
1381965
5851840
1220702
5300666
5193917
8278693
5588826
2106720
8775761
2729532
8481190
2901124
8348274
6933636
7789361
4720401
5268352
9507486
3691498
5496207
6747481
7927154
7884925
3996121
9581700
2770935
5223788
3174082
3098969
4689799
8087045
1020404
2361987
6876473
3451227
6990033
7218826
1790209
4752381
3907036
7969427
4693502
5625541
5839284
3597331
9363994
4055719
3888269
3572414
2081514
2212157
4669693
2067764
4652009
1174902
3564816
5942867
7842552
1760160
2109611
6072314
8701334
8635995
9878975
4514818
4528695
9115318
545480
9706573
6198551
5053701
7648959
897154
699407
1991250
3584005
5725725
9294637
1846686
4034294
125882
5555435
4855902
388822
9337672
7111176
5785569
6448707
9434091
7073570
4015395
5080803
6084107
9623495
3244397
6312032
5738440
5990824
9577789
5404920
4599572
7622518
9088200
3139377
3553192
3636812
6994279
7971550
7784320
9244781
6156407
2598960
9816904
6048620
7686167
7885903
1315676
8464843
6318145
2420481
5281930
6487877
9730013
7437480
1673220
1587530
3840244
1113990
6422323
1779350
6948449
6824356
2550387
2903979
2113455
8507671
9869629
4100078
2839438
1587530
5815417
7966413
2602991
7560460
8938199
6766110
4838884
4089297
7487715
197227
3698394
3295546
7402101
2438823
3287492
9242972
9698848
1950070
5619035
8473572
3504056
9437769
8753471
1916989
245925
390212
3723431
4165326
6672614
3247793
9032120
334260
8231488
5278312
3914102
3732541
7413362
4761001
2735166
2634912
5144159
7361444
9994823
7893075
2329046
446962
4188313
8927135
2794085
232826
8810595
2330559
2533985
3557693
9559057
9015212
1532484
8750869
2536192
4192339
6459912
5570813
9630661
8580825
8690385
401364
1155114
9632005
5593336
6067375
1472744
8857455
8487424
9578266
6685483
9126915
489984
8409909
2833185
9835318
3561615
2412118
5407659
6141209
3078122
4855200
9878756
1175427
9807552
9406466
1970721
7465669
4835985
6464133
4888843
3955385
2277862
8626928
5787220
528730
2614625
786110
7578924
2804272
3752760
1995333
3163608
2842195
9216922
7184091
2702305
4759891
7820610
4819851
8358500
8470200
2606569
5720739
3728884
6765053
6801381
2536095
3781670
9724673
5175992
2583820
6919851
7128869
7230369
8794057
2479539
8078965
8347202
1307354
7582456
2166602
6436285
8199282
655514
8843105
570574
6700270
6217841
5114833
7890123
4080145
3464945
3191993
6026002
3121503
1305922
2216873
4809781
3740985
146581
5823450
8085071
2746305
4814398
7597695
8698682
2234412
3196788
3215701
476719
7509045
6846182
7750213
838419
7213968
4908466
909777
1419981
5532872
4069064
158348
9844754
1533171
7374998
4533301
8772004
1010328
838413
6630065
7238903
1132144
1262701
7772587
5722036
9337621
9448802
4862337
2210215
5903924
6805707
7277690
6498071
4055749
9636743
1073512
1679141
5316557
3702721
1804672
5935220
3817619
3240932
4806680
5217931
7120828
5017057
6744952
4271477
8848926
9213558
6020385
7355245
7169549
1558510
1209069
3667751
2702494
2692150
7889377
786559
2066736
3706074
7407024
4633259
2848837
4390621
8848139
4630587
6243325
6897217
1344146
7642865
8548164
8527786
1206092
7307112
5486415
9256507
2761755
3525959
6547008
4022423
5375207
9427901
7799433
1756886
5585907
5018216
6360518
9549857
9357091
8652259
1456540
3174830
767684
2449224
8233367
8141650
6390882
7496340
6308386
9967371
5761209
5741696
9006282
6070911
6960033
5725966
3408497
2773159
8861343
8320319
8318982
6672424
7536895
23725
9012746
1315535
1807407
8228564
1500180
4866340
1737747
6024087
8146025
5838956
6182340
2537493
1160794
5232026
6186274
3417441
105290
2660440
657173
2169809
4083024
6345043
753996
287600
4494383
9096974
8086442
9457041
828593
9755893
2534896
5541876
7301601
3403994
9467078
3934862
4421446
4747741
2522674
8556242
8377304
8582111
1318709
1074311
4293039
2865821
7186919
2744605
5627222
9466901
4223646
3729580
1389047
3786160
5318894
6649021
8486245
5001608
487990
9180358
3950839
3765847
786858
4160241
8213850
8084892
4493587
3206502
8791391
7877163
2178845
6424645
8697822
1385356
3254565
9790603
3324985
1431900
4089482
9440772
6302616
4078370
3496266
9335629
452489
6261676
9405063
6546107
7786448
4873830
6602202
3501528
4842284
2799523
5575608
1859534
244583
6005800
2430217
5651275
1140735
754198
4292419
7958207
7075558
6071853
5104705
6370853
3250220
3295467
7357330
1675222
4006030
8770630
5064066
1790160
5290167
6083388
8290785
7526601
7631761
5938365
5314310
8591206
4861073
1171256
5828081
5103400
3691660
736509
6383561
9687038
6182038
4671709
4253476
1199505
135518
2604781
4245119
1694539
4862293
6241417
8497795
6468659
4689042
7534902
2585102
8324708
660212
46036
8954587
5267293
7152759
8622895
3653561
6529084
8832885
505688
6571341
2845476
5453561
6396590
7104511
2821224
7240351
1453535
5187357
1971070
9795187
3704783
748359
5615371
9272605
7330547
7040555
4161901
6796157
3712292
8380874
8583107
8127322
8439071
2422042
7849322
9215937
3823978
385119
8808055
9914705
3667659
956627
6925715
2490344
1786004
2245485
2090787
6702154
6526371
2483966
6293618
2781558
5271654
4388933
2516466
5984419
8933783
5067997
644514
9956407
4348152
9633165
9445947
8517646
6767947
5640467
9968253
1804595
6884717
2617954
1223891
8961566
9499357
1955329
7280187
8670245
8986068
6334179
1294141
2374664
3196989
3740467
830749
4494209
1275102
7693795
513613
1665085
2755186
2096739
4025706
9401823
9032889
4547294
9332894
1900361
8194122
3795134
6491737
185179
7662005
6088246
9670736
2530171
7411775
9039436
6968089
8411449
1237574
3560762
9368234
8375938
2018782
1549133
2931169
7665661
5554003
4188150
9524096
1899181
8220141
481238
4411033
5580995
5325172
1212231
8236191
8672662
7769669
6337863
2465079
9605833
4150029
7395645
5771742
7053455
4517855
4747156
9837136
4180116
7691428
8892517
7291456
9360836
7989515
6190019
7710055
9507810
7907849
844819
3139480
245140
6991624
5115004
553562
5331631
1954387
6481697
760198
6426918
3558167
3579269
4844783
8882778
6534387
2169718
5817210
6204541
8864520
4843536
7861075
3348754
6424782
6780143
1092214
910648
5717537
522670
9671328
4387678
4282588
7967370
1413989
8294032
1147789
877208
4789735
637886
7671825
9635422
2686987
7041776
1283376
4925512
1885161
73879
2555446
2350462
316870
7796651
6156045
3182362
5314007
503525
6608792
865263
7635065
6233941
1214820
8896077
56171
2630052
1628677
5334570
7335017
6723965
2147270
2679567
2324317
2732694
6326800
8153543
2393618
1624687
6635334
4980099
2659996
8297409
5387466
3767732
366139
1987389
4341150
5344946
8451336
667303
8750930
2127211
6640786
1505288
8545747
1851571
4297575
6858744
2620985
1546601
8669130
5758989
9927732
1719227
3529299
4379597
6421194
1370037
8783266
6081478
1159746
130388
9648485
2982906
6331239
5549893
818256
2612536
637110
478194
2368213
901593
6183955
7431696
9090513
1404167
5737268
9146459
3663856
8195837
101575
4437199
800928
5190867
4227269
5777585
1724680
4431823
4120292
7201122
3634714
2826056
1241853
985182
7526864
1774033
8536768
2849265
2471793
3673121
2010414
3976182
4735357
8609042
5850365
1669171
5775577
9678891
8708962
7117774
1444838
3718734
7734938
101789
5111616
3475189
5431758
6895000
3400339
7091808
9185630
5347421
8355501
4587781
7475988
3711323
1759016
1179730
5523916
8720981
5852036
3490848
7392987
1913628
4026055
9072055
7097971
454706
4136643
5065471
7033789
7323823
6889185
9750182
5940304
9059324
4493401
1982694
2227987
9773382
5935622
4856215
4420296
4942096
4221481
8625403
5259088
680051
4226198
5118000
7639676
2097195
5494287
63645
9806534
1623762
3069499
3738481
4251792
7930219
8988203
4533643
5198644
3710243
2919302
1417224
7698388
3830704
1799220
3005490
7325266
5087996
3093935
4975339
2658668
875166
9718313
8757015
388137
4292790
9568652
2312900
168511
3917936
7156066
6037104
5766528
1943355
857725
8495159
673291
5239858
6998347
8513190
7793389
3916584
1779182
4324496
953868
3209016
7107393
6356080
1760133
3216774
8100449
5549930
6406409
976223
3694781
4957204
6103117
6476247
4883896
4552364
6174185
1119905
9298984
3750484
8571211
4039832
4978607
6910772
114201
4671268
1324822
7562196
6759293
9987583
6683937
2533486
2380930
9602527
7981744
2593117
4261944
6852229
8153035
6850821
684189
5207779
5267030
2122713
4038053
5752128
6522656
4533227
9363169
331662
10786
2498099
7090596
1195432
1266379
4223199
226530
3808609
9014309
8668237
3603778
5197128
4830954
405060
2522268
576362
2818919
7959247
7885874
9462904
319191
619798
8422514
265580
2434501
925601
5876395
7862935
6312448
5788685
3043602
3931446
8023247
9177492
4415175
8936812
6317747
14905
5331104
2140482
9003821
5937997
2392957
2217930
467397
6757085
1117149
9851515
7203854
7775892
2088112
4260992
5281332
3442130
5657691
4213254
5393374
3000126
7991444
3435301
3331404
1964394
2757562
1629500
6371195
6480647
7264244
9964693
6259318
1130015
7378849
2393944
4313700
525465
460994
5936134
8354815
6946581
3589955
9405229
561148
1136382
7861782
7885122
7711814
4315591
6326691
8775775
9296492
1179284
5715517
9362595
1562711
8751282
1243527
5115891
8393160
9020237
1431555
8695780
3928579
4330314
1595913
5352651
944445
9124288
6343458
6295162
4306239
6825628
1957759
2535595
7763524
5580444
7352964
7139614
7957853
4930468
5048449
9311175
3001131
4205265
6092571
5482923
88865
2390667
5695562
2818600
2597814
2594626
7648536
5904684
2091128
4882069
4733747
4472051
4719628
7173994
3811437
3823281
8402175
1833315
7405580
3081139
1615617
3244682
4091720
864899
7707260
2468869
2216972
8653938
2193063
8518006
8945039
1657162
5369034
8742280
4780980
4033551
3691972
6390475
4538826
5099403
7806563
2268024
1576975
9232410
890808
4452356
5613492
2522293
7533290
1614748
3678571
544573
8336051
5043248
8292994
4925770
3157367
4271853
9515341
5641656
3079151
1267298
5653686
1115983
9577335
6418680
9799918
3759673
1986724
2891992
2423476
8414437
1052181
6846832
640431
4250233
3089433
5300538
2086006
1791767
8084248
1084900
365554
2837977
710345
9567450
5988351
5897182
6961616
1316931
5406232
8147938
502850
234400
8050846
2765469
2952003
2520566
8707221
978689
8609561
8392762
5667553
8330073
6005200
2073514
6268070
9176040
5451257
5024908
5433099
1540575
8682627
3144056
553854
7857959
1041509
5712428
3840802
8243192
8240775
8774490
621777
191459
1516812
6507777
6438451
5768993
172363
6209779
6694504
7611466
5045357
343126
8193512
3274400
5059776
1795508
7827830
2492598
2181085
1077169
7981896
6645361
3367654
7072274
9721421
4598142
8286337
383703
8614306
2556379
9933688
3461028
3959093
5271401
6736887
3956337
7248633
2620257
7140346
670761
1089781
1175451
2928111
7494928
1767472
3504827
3283743
8340908
2523457
8720964
8083884
2181121
5082095
8954991
149560
5272196
3981389
5580449
5324146
7914554
4891626
9162850
4449589
8767176
9739379
4715607
3539348
3136906
2837987
3873575
4434106
1192720
8407019
9363495
8328311
947376
897710
7390281
4658331
1175451
3815886
1997506
2133950
9630668
8771353
8644268
8098897
9407559
8638102
3857120
8221703
4421298
7153720
2461948
2495839
8291876
2867880
2885402
2070049
9046328
4704239
4385115
7806368
6610771
7457353
7312595
6477499
2106699
530200
3779324
3290608
8286594
5107816
1993938
868611
562937
4126389
4912208
2982642
2235533
1828307
6300116
8729831
3101889
6961027
5022572
6845120
8744939
7626407
2548336
1013758
5632987
9013084
1211072
5351534
7068478
6190506
3114503
3515191
5427495
2383804
901011
626558
2994461
9379905
7184273
516915
4985579
2654980
6373376
7282648
6759146
1810072
7302834
7327278
533476
8911940
6865261
4464691
8707619
4062910
1489263
9276917
5382477
7058691
7002549
297918
3563473
6776406
8493578
4433256
43648
2696935
5315720
2557542
709349
2012781
4090190
325611
3076861
7329908
379401
3315425
2181665
83213
588238
1130421
3592687
2673608
69477
346575
8341125
3522226
65255
1289708
5489338
4847248
3448917
3404656
4062028
5645500
3465027
4702379
2919001
983269
8375698
1121981
9565367
2950501
9588925
9577998
8854211
8516155
8372205
6424803
3318995
3411778
1726988
9207235
3623142
6091796
696922
3362730
7309758
8596412
3378311
1764630
6349133
5548325
4401505
9185099
5261197
2106831
7992988
6468498
9471015
1396517
9134839
1156566
9543031
139758
5295208
1075947
4584831
3139598
8560028
9828348
2328787
6493194
8205066
2764666
2451141
5760026
4361433
5694928
3386610
8245308
7677819
1805331
4898181
2327907
6400864
4581147
66366
4587239
9259836
8990233
2256822
7456340
2194865
9623158
5331333
5853034
9863560
869268
7668336
9561585
2864642
5469170
165820
9505190
9863825
230085
9747443
1671970
6227756
9443778
4375736
7724772
5159251
9934822
7822336
9335995
4228003
2186976
1316333
4682468
7250764
6437
9126478
8930553
7103537
2909611
2486878
5162728
6875187
1695704
6070813
405986
2373201
920822
6243886
5033456
9981656
4346180
9337731
8093282
3197323
172941
411499
7747391
2457913
123475
2988129
7646295
8035102
6380484
2259544
4502956
402838
1840608
383758
2455505
2774119
7722762
8995861
6027692
647068
4847156
2238547
2279519
9339078
4678621
8720800
8591159
6183997
1337842
9584141
5426618
6355613
9759864
1455764
8981826
9604497
4896126
1536203
5953940
4975976
3506447
1467701
1104586
9866859
6866038
5002125
7621725
4609478
4864201
8236297
2766681
2307570
2899668
6326007
743033
388930
5918071
5247537
9464655
5255510
3403508
6201798
2762915
6832137
2311148
7322769
9237977
4932979
7929475
502981
9909042
5557820
5209064
1698110
8552472
249666
3201833
7807401
1118963
1501123
1944460
2760496
5424476
3959981
3800984
4807229
4444975
7209991
4193592
4934107
7365366
6799659
8760355
2235873
5034627
1560911
9386454
6438431
3110870
9943254
5251325
2206
3318223
8051417
7123470
5406008
3700486
4923707
2094956
43675
8863074
8427758
8942461
4587495
1518416
8982974
6308489
3054354
5996189
79189
3234833
3525855
7657989
4986362
4800343
1438659
205574
2488857
4613728
7655287
5763787
1382623
174471
4160545
2571655
8175026
5774950
765226
664060
2197772
8481112
2127104
8042688
5375979
3359522
2236659
1372303
2647694
2688445
7117016
7065831
8302498
6157094
5905945
1041121
9327562
6573077
7471786
5746159
4221022
6559968
485304
2412428
6882081
8046234
3071313
8987585
3605951
6006392
4492815
8875635
3691905
7366323
8122756
4273773
6755118
4174841
7201040
3754120
7232742
5950375
3971617
9240511
1604480
5587511
8990993
6255221
7379742
9168639
1887041
7929825
463951
1693599
4097417
3281924
6271392
3580160
224536
427660
326000
9336814
2071457
877133
3529210
9830709
8000438
3304985
6379264
8418499
6668403
7775677
5206944
1100972
2248260
6350329
5449876
4535668
5491606
8340575
3321760
8107587
2737746
2587595
8805330
2896016
9167075
7980777
6808832
6672198
2031803
1012414
7941831
8707219
1086794
6144322
983925
488490
1125453
9422325
551506
9756448
2681717
2610769
6451865
3803092
6899886
6401656
2653496
2524652
1664241
4692609
5109629
1167075
177492
7452064
5093368
4332295
6929128
1277342
2083324
598324
778052
4397209
5494147
1037660
7148850
7474970
7484102
760551
520868
2716146
2005086
5379624
1016078
6732616
2173633
1269812
3887302
3241524
6727559
5956976
6748089
4404595
7045683
4231141
7995386
3093844
4538768
8070904
79932
7483010
978565
5027913
6143230
9976860
7896666
1053197
8001265
2379800
3464057
1126285
7210339
5208346
4117955
1386406
7091860
4069274
8995454
2119031
1067275
4136681
2645605
4725177
1728536
2093063
9583881
6700308
8559178
3166549
3218695
3387328
3244524
5173391
1327043
5358633
4615340
5494230
1349282
5660829
353500
1260898
5362178
5893364
3260570
643770
5003271
5248718
4694240
3200494
9726726
1646433
1779051
698078
8972060
5467319
617012
2754446
5444787
4580936
261305
1466876
8525830
1185038
1613577
939040
3043648
8855966
6788794
9898966
908303
6924430
5307740
4832703
415779
9554614
8010041
1438999
6529759
5347568
2519295
8911942
2137672
1571056
5600369
2363256
2277610
5962023
1636399
1712895
7517546
7687997
140297
3161
8759104
936383
4571920
900135
4674507
2976670
3352192
602289
8441839
8261138
7142037
9568993
9677918
1467975
2104739
5553970
2604025
787502
8247573
1467536
575067
3165276
3047031
5977048
9532607
3041278
6638017
8303202
4042916
6533430
5753582
8369590
771823
6023083
9505752
5767767
5762390
5454514
8331104
5645695
5727873
561995
338207
426833
7509968
2637015
3348193
942362
5407793
9622464
2374785
2854788
2706417
464940
7086606
6925564
5181776
1093475
5914333
6710614
2723285
1112003
777707
1110893
560983
9787927
9032132
58351
1171610
4090236
6542620
8029663
4972670
8694023
6720660
7215402
6428767
6336984
3198984
1826548
2243860
3350669
5756749
5890482
1495796
4106726
5797463
5950510
9157375
5157952
2380670
9719979
7977090
3826898
7758892
3920356
7551040
9875655
1164300
7967430
6437556
5282839
9385554
3156520
9836699
8333036
2600056
8442469
7629939
6813588
6542926
5684705
7832883
687469
6798619
402806
7492727
9120814
2370328
6312150
9418869
6203685
2234091
9640662
3331147
7245748
400348
8976654
9411022
8748511
8349169
3478951
3630032
3794332
1720033
2114916
472255
5951304
1892330
4168239
6172375
3075080
1007072
7276521
3450812
6205071
9601646
9500970
1991343
6030792
5402591
2056191
964943
8126949
8223752
2400438
121867
859925
8318536
7537202
7568829
9127910
7076699
6945845
4688716
5192699
5017696
6874821
9291025
4949852
7640586
3309008
2501720
5977615
2740022
8464482
4060874
60277
4015449
7148658
7306558
8277253
6347570
5332674
3766271
5669390
23471
1606889
6963353
4052286
410071
5863885
4065751
9778919
5722860
669024
5017923
8241283
5751495
234846
3980349
7759825
5992284
5613592
4949049
9788074
5307350
2697834
6762345
8770453
7937828
3472805
8290186
8473726
8404810
401946
3107546
8433270
4036850
4449946
6600730
3522825
3463683
7147474
6592172
639652
5240137
5633808
5665074
7752914
9365541
5227536
6985659
3022317
7482865
7527030
8583181
8351053
6025649
4534813
2009395
2157484
9795637
3511570
7633342
1695339
7692621
1597089
2596079
849500
6988479
2730538
700710
7426898
9875220
2286834
370495
1388632
6406540
8006554
179166
5581517
1235479
8081630
8986463
1279781
4699925
3241039
1371701
6681277
3602584
7578295
5227828
5561641
920730
6868399
1561552
1452232
634016
9160014
7941170
5085692
3760798
8992306
5741875
5556329
1300595
1598577
5361261
2667076
690856
2157514
6416912
5734118
6072192
8616546
7003811
2864215
5097797
9389817
1121456
9244111
7275603
1280140
3728799
7721813
5768675
4628113
8062677
2082660
9643565
4643479
5162827
100033
5866984
5882186
4509598
9791306
7178852
3757180
7638141
8336992
5888303
7595997
501736
5931261
3263552
6883352
8242188
892992
4890557
7123114
4929975
6620878
2965191
7507806
1061481
5059710
3203813
7616550
7223062
9107200
437903
8666022
5630213
8244531
5101840
2170569
9987756
8230219
7549724
7205740
3215114
1562156
6633327
5058503
2507580
7183835
8940677
1203930
7565032
9048902
4774717
1010897
7070562
9381414
3360935
813567
6389483
6495444
5205924
2523622
1630371
3322570
8735605
5583936
6447728
7399898
9223054
2561141
3778687
7823344
9819046
3205456
1489238
7974435
9955832
8289091
758212
4823763
9950624
4221473
9110259
7221529
425254
1113432
5818938
9797684
291351
4684005
1721797
1689588
494590
8413405
2136896
7514303
5900081
9558542
9135957
1854556
2023216
4514465
4030204
9350738
7520888
6369096
4397534
132020
3062365
5262032
7916227
629853
5314999
5956460
3105343
6646242
3476791
5687609
7586095
7405800
8895571
5966221
3079967
6337672
4762201
3785875
3997613
9754824
6202042
1214845
8969442
647654
2661553
3509296
5809255
4953570
7065018
6809163
8977160
5261547
2554901
331737
6510107
2944947
5838124
3422564
2660498
6592805
1556454
7394461
3619109
5523128
842605
1031324
5961856
1683071
5582844
6059976
1605011
5194713
7641919
1760966
7895651
7194341
2383626
4709113
8204735
1893912
410106
6578874
8501472
6839264
3928103
8096224
125955
381844
5326077
7851307
7948844
2359952
8927540
3815691
9749634
3539323
6252856
4152962
4719447
7873143
2497806
7951374
4135610
7235752
2324680
7272683
6701903
883113
5726815
1555109
4652793
7551842
7295710
5477306
2215222
7675265
4314629
7368286
9281446
555709
7343212
7252881
9191824
4410816
4050768
4559739
2569082
6832905
657345
9952599
8502699
1812477
3844777
1104717
9955723
2300262
4898675
8187306
331477
8882131
9543192
6377771
2178915
9434589
8979582
3513910
8390466
8980971
1961381
2664499
1398399
3960400
4043369
1771154
4705523
6916452
9660528
1232761
829741
269942
2682642
9859916
1946537
5702972
5387348
8520882
2721825
2427850
2474696
1380488
4291522
2408773
5788364
9955562
9599802
4562552
2706087
4377664
6387455
9494031
7070229
4258237
4958856
7131907
9455785
6108565
8986471
9097721
4865550
7503600
9483456
8116576
9660446
1904068
428838
2632708
2258394
2998679
5911310
464629
3566339
8067177
4040362
9934542
462558
5896090
6023392
1099619
9176551
7853730
8198655
6029497
2067065
6177045
1017345
1290711
1332242
9957672
9618688
8374620
7759768
3262774
3124821
7681358
261284
8943171
4549332
6366126
5842068
5826443
8929392
8273292
2292604
5653730
835504
2841043
1153214
2937499
3171675
6521983
159544
5395284
6530239
7487980
357965
2904286
5165819
8484287
6513360
4759214
1203474
5481178
9326438
5647501
2403474
4006833
3359519
278476
8698572
1873715
1988587
5012864
6204354
4151152
8927765
381868
2392943
9392185
7384310
2474309
9495662
3395051
55306
4076848
7847169
3845359
6876712
4472940
1499975
2440892
9631637
7632809
5385557
8482914
2076018
2220763
9915086
9588065
7026271
17638
923298
2550386
9550669
4223987
3880629
8712553
9232292
2038993
3688210
4786859
7334654
960327
5443284
6871285
812615
736028
4353086
7109556
8421975
9099220
9035219
5141816
7855895
7713186
3428490
1859544
4495211
706164
3448775
2784105
44754
9920110
1514343
1206702
8783032
509341
6402327
1150432
2370364
6570392
9754540
5516880
1076723
7895527
822624
1406035
1552609
1962112
9642780
7845017
7271977
6328272
854905
5928029
6352876
1515465
6254101
6443047
5384353
8588626
2108814
23316
4445691
1481973
6544745
6061057
4124401
5914282
4424717
1221024
3634802
5397938
7599896
1744586
4031172
1063804
1648180
1277134
5182125
7500083
1192167
9722552
7411449
3696605
5812798
213128
5707731
4284471
3634141
7410414
5355679
4357652
6709235
6355685
4574934
7956940
9453463
4424850
8969082
9021033
8551144
309855
4246556
7343780
2442769
5184020
7314845
5376612
870982
6602281
6054359
2649438
1668021
8622321
2840597
6042646
7555070
4139158
8427946
6053953
7317907
4868517
2541360
7992391
8200761
5718160
6778661
4418194
9140224
7643083
6773671
3619295
2112477
4782146
4577623
7985050
4141917
3705598
7845939
1475544
6799367
1198893
6576502
2381949
8567784
325173
9525450
9211973
9108785
2725979
200122
1877071
6076369
9507544
6768221
8748005
3718255
8265151
2003557
6486935
7644502
1846456
7852168
659098
6157118
2094543
4321993
6778557
9201551
4828521
1757261
9566549
3362810
2054193
1062398
6525423
4033361
1927382
3350634
2856028
9742510
8972160
4285071
9499532
2457334
3655844
3879482
3986996
6422901
337559
6676986
6039852
8552294
5564855
9563385
3117245
7292981
2537319
6597076
9120348
1962794
700442
8235726
3988818
2341959
6651371
9211816
1708883
3424358
3768874
442042
2171042
4528087
9511934
3346496
9293507
9922985
8336892
6188244
2717178
8607894
5263438
1410621
4892341
8936220
6231751
6929092
4413506
7659
3269600
1937441
9353731
1570929
1837517
9731272
4514937
8294771
4177968
4726868
12925
4906682
9491877
5560311
5913599
7160305
7828417
6641918
7476320
1734507
4150341
3527205
5722489
8101963
2903493
9935572
7169432
8094510
1318754
1625535
4423797
4051872
7812500
6607305
3892610
892137
5354653
6908577
1042568
3583922
5013428
4318135
2619829
9532728
2421107
9139615
7748961
8371351
574044
5083938
6657165
9445025
5875032
2705888
6540330
8249140
3042904
9814803
1751629
2397417
5879200
9967401
3611601
283268
3667093
7355837
1270693
2987388
8124095
1002626
3908453
6482780
6655172
6017511
5793767
7841511
5010127
2652318
4419168
954132
9138176
163812
1614840
1683222
6696000
5203468
4650968
7425497
211547
1038156
4256006
6442448
6814539
9663436
5351786
3279016
9845358
5220725
1962699
7542824
6481693
9810662
529511
701720
8831338
821944
9772182
8074228
5399972
8170865
8905016
4781231
7228082
2053648
4550932
5096251
7548084
7130158
5494720
7887509
1707595
3947697
4831676
7642260
6882348
7153188
7394051
5376416
9952657
6829155
6748781
1210465
7193697
2511064
5129624
7159701
6921425
4539705
3550602
8677937
372911
3077707
1421888
8534971
4344286
8461885
2792978
9783084
9942831
7936872
5702640
5997367
6545373
8918823
8127992
8875359
1643619
7005754
2803029
7559488
1587275
9008025
199598
5518929
6329165
3487709
9937977
6361154
3916955
8219670
2296677
2333098
9768542
1189860
2451848
5604031
178787
8665230
3128496
2032068
7090593
9716270
3674255
7054406
7502114
435201
8018746
7266355
3001015
8650687
5582366
7884510
7420461
7132438
3751312
2492877
8850879
135339
142761
7469305
9618619
4010647
5148947
4638585
3860508
4070959
9486009
5991146
1179588
6132482
7022730
8864745
8420020
3929056
3771955
5766007
9303971
8040555
7424727
7001692
722932
7375964
9413003
9383895
297903
1877160
5942400
8701193
6133996
9331651
7062950
5325414
7260166
3128412
2322951
2900273
231421
1455542
9465442
799136
5277811
3591500
3328034
8929763
2059963
2999624
4315533
2625188
220763
5590141
8154234
2509676
5952904
827546
2227803
8583188
4322772
4569043
580725
1591755
366593
4237252
4444190
9587126
5668397
1495196
3685222
9259901
7833584
214605
9365927
9948995
5487006
8374549
5001480
727517
7636318
9741841
8811635
1517980
1450031
4798043
6119057
2608343
3360135
5661255
5342525
2185486
3137021
3273212
3731729
7570665
6576184
5066188
6635682
219131
1760612
2145596
534967
7839140
5502068
6551275
2679367
9986942
739264
1457734
7598879
7441934
755883
846174
4620478
5931163
5148552
7121551
7026800
2918221
3795288
8802045
5236288
9997979
5292462
7177063
9948237
975788
6715570
8881733
7947044
2312440
3457277
5067428
9856251
5714416
8409359
530802
8321039
9946469
1329849
9055833
5547656
7924292
671062
8187233
2567812
6176165
3515461
1063720
3168180
9405836
4435374
7128950
1118811
6497731
4467940
1474646
272472
306902
8362164
9709712
4468457
4997948
9043203
1777645
3326217
6147805
8566096
7393373
161706
9546289
950662
3203236
636101
6378838
3785791
825250
9897710
8374007
7867258
4817718
8288927
6972369
6535360
20511
8868471
4789593
7841109
8184872
9344887
275988
6951592
5497364
1705910
5159813
9853911
9181569
1040495
6089189
9592790
7390501
6595296
6964288
7855031
3811249
4746123
7578049
3200691
6706043
1683710
746419
4365649
3158841
4836071
3553046
9280695
1055555
4646522
7731234
3770135
9114064
152184
8695123
4247708
247040
5666772
379230
1939008
6095017
339534
2934815
8880617
4292976
8207482
6501793
1913578
9034306
7889261
8227141
9154275
4680571
2714064
8105774
3286639
6814362
1727771
3665075
8137139
5876666
2958598
3357274
3630116
1537783
332778
3801105
8065954
3826741
5388656
2684705
6366215
4684073
6538478
664167
6659446
2069446
8092771
1209071
7442581
4751917
9040375
9685863
4725672
8818884
8585263
3747945
659438
9281052
1001962
31414
2861267
2896938
8745689
2070581
8461207
4256740
1227515
6128924
487042
9578983
5882662
7821406
6290462
7625807
4981702
2874750
8617966
9519360
9242688
8803127
4435983
7778635
297103
5367558
9037691
1317716
6087629
5622972
5730136
1863902
4739496
3607603
2068888
758478
5553209
6824204
8912363
1725519
6830226
8758759
4328539
1489554
4231127
5169642
10758
7739853
6449418
3623467
334462
7279520
786971
5727597
4088379
1443615
6895480
8745041
4101925
8096740
8520397
2257953
3952960
1858186
6027792
7566564
7240488
2532445
8294222
3652967
7428032
8255715
1226957
5531007
7011655
8581271
9927524
9926041
9630249
9748578
7756795
710580
5424858
926689
1849937
3839774
6204391
3616773
8369357
6719540
9820300
1896081
3606337
5757518
3576270
6958152
7453966
2362454
4852087
626600
1729221
6806110
3036393
7667225
273734
6414792
1664227
2890891
7992018
9483022
8237359
9595729
2566041
484017
4728124
9425315
1145783
10336
9213090
2306107
2730886
9408455
5668310
7725978
9716144
6454027
4218349
5243857
1760820
9724010
759820
1025019
467265
3240604
4396529
3309823
5652993
8385371
628069
8257628
1476457
8061601
5632157
5473455
5178982
2767915
4466643
8929908
7560978
9693707
306478
9669575
1856965
8701226
3083662
5444383
6157076
374130
5540615
5703258
2715757
569708
2350498
2141532
5563775
2372478
7139567
8801755
15448
7715461
1658951
6934340
3362707
8415309
5635007
2017549
699356
5563461
6002213
3368580
6313402
2027656
7845063
7498666
8601723
1351847
5775628
2296624
4301236
4584589
3906386
6981504
8023307
6849410
5130587
4232619
4665550
6315252
2647055
1954239
2565521
6446246
8198804
7923935
3167914
2691538
3388722
951627
6221741
7393048
5924508
6502246
9185807
970611
593498
5383851
4912715
1298701
6912674
8071438
4362507
9941059
5642766
8471299
877841
5559350
9284477
9589968
8599813
9313845
7797478
7742959
5047000
5299172
6074577
9730739
7595350
1046839
4478851
3973534
5200750
7876671
504458
7250551
5475398
3069744
8266378
3918237
7453770
1380758
3726867
621695
2832471
4429777
9391824
8126238
2932004
9524711
9518296
3189454
6963458
4660783
815760
740607
5668836
2278812
4056654
1374327
1226646
4455428
3844727
6327566
1369049
402399
6920568
4955212
1120522
2932528
107131
9182268
6520298
8649001
777848
1509546
8265570
6723707
8840557
5497229
1207047
6205772
7983480
6872617
3199541
8129515
5701540
9553678
8127289
5288526
6253994
9810615
4832620
1201062
7118915
6811570
3441293
8190356
6348567
6787086
7723893
5346723
7985543
3921310
4886916
753397
8927716
6841134
4874135
5532926
73720
8590643
9755220
7555446
8755919
3528615
5474054
276043
2299878
4498479
8421514
3322327
3564106
1225295
6173069
9636593
2157427
5700759
4724739
6879168
6765455
3216454
620292
5710654
4362484
3437434
747159
3680926
8627481
2559886
2012723
4281129
7597353
6691904
9562240
3668137
6810109
7935116
340944
7988548
4562601
948691
3608722
