9692028
1945803
5127208
8724742
3483031
8524754
861107
4101854
8401023
2671272
8764307
6417546
6384289
3215025
5920402
7356446
3003737
6779233
85492
256763
3426803
2271547
6778362
7285515
7807768
5852924
2029938
1705901
784273
5143510
405476
4142972
280747
4282295
3179170
2007400
2973069
9020122
5006009
6158275
8613923
7963687
7475256
5832498
3554697
2541783
7140298
4351297
6295774
6841228
8566846
4093
4223607
9532513
504805
4375070
6326218
1367029
5637359
3175980
8051722
2244138
9988681
5074653
8843579
34673
8523060
3751375
961272
1525524
5856696
7255363
3087067
1515986
9497821
6276025
973445
3936891
5054138
4721117
3087395
7164933
1045602
6820001
3501825
107895
7330454
6292400
8159231
5479744
8293237
5742209
2126483
5630367
7569186
1313915
1799502
7340350
6765887
9320840
8635585
1216594
2510819
9919042
6828088
654633
8187535
301384
6840739
3006080
1045986
211319
5645207
7999610
8169177
3998044
8565062
1381731
8114413
3038439
3074338
2277493
3654262
3954303
9327443
7504832
8901232
4305441
560200
9895707
2251349
988387
2003110
4886179
6805684
4173939
884887
9425371
8541342
9250936
2529823
8709497
9304303
7292856
4651214
603405
2769085
4272554
4974894
5526362
2279635
8972175
7400124
3015969
6435529
7332111
605477
7466448
2216289
7652349
6921742
5716126
1569194
9413745
3626202
4804031
7915621
9493662
8151255
8972903
4118855
7946915
2934406
2616359
6587480
6952585
9333275
6674036
8298119
3096160
7814805
3372271
7460270
6616589
7006532
6083967
8840974
4066701
8194298
2665140
4073981
8710348
270560
147088
8417651
2820780
1133904
4033768
3197200
2930255
7406607
9390782
5033204
9009915
2847138
3791512
3026331
1136114
9821380
5700660
4280456
5193375
8554025
6282099
8225090
1210362
1652520
2858192
3522416
6658459
1262126
9001804
6736106
9474207
4839375
644332
6009758
8957797
2212929
2200811
1118543
7358995
404936
8394186
4156836
7649507
7121737
6958119
3294370
2461643
5739911
1387101
747900
207966
8062213
3942869
9814043
3398169
9600627
9989280
5477921
9619739
48459
3823883
4295713
808372
7862967
1337545
4178241
4212634
8167816
4933771
1313500
195605
111243
468885
1560813
1139243
7917748
4837441
3383855
386535
2060337
8739009
9190004
3885445
9041229
9624649
1414599
8136121
2167013
2730119
8151316
9520537
3444391
9717482
5678172
3676252
2178941
8784173
1051498
6928602
9982663
4539922
397973
216264
316783
144499
5118922
8920961
5081349
1314423
8834410
9799234
3078580
6836417
3088877
3370867
7263114
5124180
6613531
8327911
6331960
526651
5628855
8552034
4863372
9946803
343262
5790940
4953070
7779210
9625254
568316
4730874
6185535
2147837
511934
4128813
8847163
8631667
9991713
2428517
2187386
8753636
9587598
5844938
384694
8328577
1603943
176624
2999838
1175855
605915
5364841
251164
4910007
9795019
5437319
1037382
3159188
4399810
9072907
8290164
7357916
4383034
1879851
282267
5882630
2859682
9253000
7156102
8203108
3866236
6531408
3052807
4010905
8392287
7952690
6794589
5656242
7411181
9738761
8543650
1168869
1700089
9228550
644773
5801533
5028184
4092334
9617977
3903236
298233
9603734
1667670
9601159
5457852
9061867
4307286
4295815
3063651
8714758
9223519
3434929
9733017
5135644
2552622
4546147
6314047
5721613
866931
424880
5368578
9922049
361903
5285670
5200133
3907254
2321506
3927260
942269
2820716
746408
4658365
5210135
1190521
5868284
9092617
3707566
9224915
6629040
7967713
7583504
4741166
929240
7315044
7091413
7571063
6333410
6258132
6441175
2360694
9490573
1805059
2502902
3941197
4293676
854691
4160746
306352
9800997
2778164
9384928
3308514
5896264
7513602
996469
86402
312338
5709878
6012614
1445867
6788861
7073260
4922289
4999004
4279298
3149928
59464
9536460
8613551
3955119
7939411
8381085
9622753
7105264
6086701
8260031
8941400
6281712
8930711
6226957
1317153
5942603
7698621
5029545
5405711
2450023
8735841
7375592
8946028
1615789
5930395
8840900
2696239
2125935
6761472
7771746
5675374
6791980
2899641
7233547
4923899
1789814
2675196
7846393
6793446
2094818
3095317
7866741
2118819
152541
5168777
2755511
1168019
7540881
1171871
1466556
4714010
849965
1536073
6695350
3122679
7124648
7175790
8694643
9721940
5364989
3279565
4721381
7656655
4945709
8477264
2492935
4318426
3969073
6200061
4106079
1523459
1291957
6419696
5583343
7100488
7582504
8963658
3025774
8169648
1777891
8958319
639374
9070210
1868815
9966113
7335191
5297362
3063458
4724951
6574292
7140769
2750456
969829
2142786
6024482
2472315
7480081
1004801
4210366
7947619
9123024
5371910
2791568
3509741
5668258
925066
4577641
9033632
5746446
1562199
8380054
2557730
4615121
9769483
7068620
7557113
9149039
4167011
3763295
7837485
8984437
1175103
3947863
3811582
1903807
8964491
8523586
9391606
5135489
2260013
7487985
2969074
7325506
2316460
8089635
2989586
4924166
6340655
5507292
1902325
1203074
6919455
5502963
4247360
2221978
3058252
9271713
5953174
4067479
3923964
4858239
5647598
5467961
8007232
6471767
9579021
7062293
126348
3786744
4997932
1974543
1092225
2924940
2092541
2854640
218981
3801142
5560441
4152202
8268281
9301835
6223358
629131
1955266
2674285
9808517
2503319
7344751
9235921
7319251
452288
2268196
4877961
3042234
8559580
2918124
9233220
4776981
4095654
6709712
7563369
8991473
4259210
2677437
3940425
3498935
3984387
8558286
960734
4391119
759620
5151519
5212375
3463157
9131394
1617146
4860029
7102967
4827200
5409281
3133703
6209623
3999733
1034647
8139146
1857423
8164876
491520
2186919
4914446
7469339
7810170
2213663
5424925
4023892
6938749
3186635
3730451
2150478
8030636
3496640
6167881
6183085
1511648
9033736
7499842
5239385
5922692
1152117
5792707
1655882
256575
3062624
3766444
4367699
949697
3925947
3494160
5364785
2978309
5669578
5154321
8978598
8473400
676624
9687135
6514360
273727
2423715
8479535
6168895
7859844
8713027
8291677
2177105
2150796
7453782
8523909
6996493
5797525
9305020
2202386
9560704
5877409
2188045
2272710
9588528
6305493
2096240
9175137
1434812
2889752
8643752
6367952
2117260
550551
1120784
9384014
1141698
1969007
5599936
7129837
6289616
5656188
7186287
6609852
1528658
5262177
899676
4037812
5853039
9270379
8635179
7384072
1538243
2351648
7181934
800624
8656837
8667456
9931076
8673364
8480786
5633502
669319
3180279
5748910
1072357
5950366
8171375
9583972
6332919
8283864
3995412
5280181
4238990
9162018
7676094
3833240
4626867
7052313
2866025
3405617
4364955
1226319
7803300
4026903
6041583
9073954
1599446
2415273
1434378
5942323
9792409
7419646
7722381
958563
3136447
8450568
3408504
5954808
8676678
4384281
2092126
7582405
3485670
8053856
1989176
3629206
7940614
6281964
6976132
5018904
2133038
4160964
6896598
5086542
422598
5586260
6331603
516872
6375731
5238813
5762654
9897030
891554
4194842
9001391
5574576
6616625
8152549
3438354
6004509
9035174
1936774
459977
3809708
549205
3810235
2054845
8137627
4693756
987386
964531
1329209
274526
6867028
143477
2703370
9869278
7522175
5345889
8041555
6469897
7944837
2970283
5259816
5433115
1063431
3818216
8298910
8365671
1773772
8023569
4594815
8154672
1909688
4264875
1352348
4059685
4496613
8420978
9079016
6266306
5309680
6423767
4345989
420712
7219289
8348201
477436
8535639
2171489
4084830
3639956
8479631
9352826
847865
1407287
3687841
7028162
9477694
5015849
9495158
4514140
3743353
4979266
5601231
666416
3302155
9020540
3734007
8106119
5679712
6222532
6951638
9470737
4616785
7331620
5279559
1263429
2193817
985395
8048223
510119
8862901
7017727
5389121
7027207
1461342
5998944
4070002
6533120
9178043
1573916
4419918
8247707
2427185
8849312
2989339
9689477
7301059
7289759
4302601
6979713
8878582
9212459
949365
1467927
3810102
3907540
2089135
3161265
1283126
1465779
6830394
6684881
3706932
5574116
866046
1399285
554075
421537
7343849
7612131
8460181
8842171
6029072
7514535
6677401
9005078
6859307
5141859
271761
1898717
6206922
4793965
92204
2041332
756151
4872857
4264137
8817997
283047
5528845
9587519
2614891
2934789
892363
3298966
588930
5341805
5123618
8728948
7436903
8784835
4417330
1287941
7772007
2646980
3278692
6648994
617435
2995219
2451448
6632126
1132078
5050893
3582271
5704116
5224363
8213155
1228602
6919741
1943597
4309746
8968034
6646092
6873182
6641804
8823945
7114213
8531104
9215359
4387501
4912714
7608088
6426915
7795395
9938437
9872136
1332309
5839477
7445419
9527906
4909831
3646243
4208623
6135448
5232998
6804861
4215205
5330393
6317275
9223090
7380963
9143555
2612687
4267833
5423948
867075
1830569
7376086
6566003
9802705
6922942
8260376
252544
4362453
3999776
8562564
6744022
2313342
2080439
7822474
2201795
5276745
1592678
4991680
1384441
3993223
875010
8252659
4499219
2220025
170806
7055624
8040453
9509533
1758300
7711708
8035840
76541
9266818
1303014
1171355
1091472
7479198
383028
8079008
3693427
3420134
5297705
6920497
1723370
2009937
7046640
7861246
1935102
3783371
6541872
5452558
5861323
9040546
9570168
6777795
3677426
5920040
2081740
2064232
6114082
9125721
7028017
9635164
6911104
3176558
1371135
7300726
2644175
7696004
1450336
3738274
8933820
4738709
8955791
9917316
6457874
6084815
9557186
1647832
1013904
9037956
6580999
3470295
9304863
9153504
5396178
8155824
5491592
417754
568179
7672579
2444153
2122755
4266354
3015120
2712818
700376
7189836
1843508
9802707
2337072
7852056
69203
7371248
833868
1603572
3531044
8674109
8689526
9364023
9850758
7750045
1219133
5183796
5038150
4244731
4153435
5386349
5813246
7737196
2061678
8901350
576317
6686127
4570109
3799157
8520698
8268007
5511613
1808189
7425332
2876811
4749309
6973758
3889965
5954556
2328461
5980406
9784614
4365055
4667594
2297127
4452361
6102241
9099495
7403829
7061460
1702215
9857690
9426137
9308120
6348104
8731513
6941897
173596
9795760
5164610
4423406
6738317
4858938
868446
4048565
3251733
7090629
9159616
2134291
2566319
6316640
5896826
6959137
8296512
8877377
7867156
7318174
4258909
4350867
7712902
8996643
3600136
1746431
5303085
8571283
2459867
7115754
6133365
3288014
1352730
821302
6192018
6346425
3639930
8725333
5596233
8362224
6635574
5682745
335048
8489752
6119988
6694709
8403083
3147765
925357
5926885
3184827
7431418
6462180
9406911
606075
9624420
1786034
510098
7075746
6299781
9630771
1516994
8546664
6580907
7914371
4065049
8864140
5875936
4294452
7975443
3833290
8042688
4561083
8967748
951515
1344197
4822178
6653497
1470749
9273794
4533510
7661144
5699976
1564857
9574843
2077398
8961486
4008867
7472081
9206644
7500260
8933677
4584412
248863
2837222
5025898
4037697
7256736
2285613
4414765
4226206
6272443
3219492
3304287
9819362
2257685
6453523
5337438
6415766
2663238
7478072
7580876
7450461
5014865
5474636
7545618
9357897
4242716
9951452
1615892
798396
9103452
3426074
7307520
641001
3630601
7376702
2426376
8242140
354719
1202200
1137270
1898625
5816916
1599157
2313785
9803910
6770665
6834625
6917037
9833966
829042
1722099
2414281
1020616
3754314
7639859
8977464
9824442
8998582
2720198
8751195
6249231
6564083
7055669
6012167
5772059
4761162
879513
1480393
808618
1378178
6491374
8093916
8198515
4969006
6425017
5354741
7163944
5247880
2307176
2531025
2106297
5066274
4065937
2427429
7232402
235995
1667270
1512991
8209704
3091388
8432157
6628614
6803719
3397285
865771
8894251
6093455
7354659
1266954
755814
5676811
3860455
1887699
4496092
7961859
6951680
2483640
9585418
5328207
3586849
939860
7644324
9938168
3995192
4846264
2013373
8810645
6035286
6035802
1166622
7739344
3470754
9878186
9892764
8778663
2665157
8647349
9607338
6044692
4116992
7581150
2387415
5395682
4985469
6250097
4860163
4584395
5201940
5364904
3822104
5761425
4811857
4891104
8629020
7001160
7294334
5282660
4542218
4557480
7056260
9822572
3481463
9044003
7461414
1278180
8411227
6213930
2377810
8867353
2394400
4972853
7817929
5608881
4137433
2231406
4787794
259132
6101499
4857189
2897701
1022999
8150952
407629
6587230
4520917
5464139
1122522
4101843
9230665
2649988
8731607
496929
9895739
1228221
3852776
8470243
9382962
3802074
8566709
5594148
9241106
4049334
2843854
4514760
9812672
8321263
106273
5640129
9184941
6274028
7678325
9285647
7488117
9396900
2004371
7030955
4180053
2550029
5389492
5164899
9821594
854272
5630539
8479349
9574078
2897886
6991203
83270
6785033
1990002
1926183
5784017
2339414
8847885
8658937
5595991
8987293
2571735
953795
147222
6113677
5791639
578632
560631
6456841
4366693
4241476
6997917
540124
503169
9127919
8867261
9281735
9622234
3479508
7474765
97828
446845
3241881
2322945
6204773
3168459
8792821
2110799
190431
1654236
7353453
3114602
4843210
3879573
755230
4022600
1682510
5617190
791650
4367558
3335645
6443139
8364805
5180363
1905333
9572802
4715775
3645734
3205132
6726453
8455830
4085115
8083141
708038
1608594
5009486
9976735
2185358
4726941
3278381
6451683
5710512
209847
1378855
2836009
1990655
2701532
680681
7951488
949063
8982658
1543910
1875069
6643522
5932331
5525186
5231791
9178096
4777163
155157
3701513
3881701
4271425
350811
3686983
2607755
1366194
8140266
6393615
9078854
9397641
176178
5030361
4690856
5232734
2850874
5495072
6252301
9659158
5217476
219699
9814876
2778917
406770
9770128
5397037
3202844
6632734
121618
6475358
3610809
9146918
1236551
2831074
6735625
7302013
7260439
9960359
3212682
209935
9799338
9388088
2004246
2964414
3902333
6954964
6858898
5755696
9748193
672256
6147408
2503522
1907343
3354876
6799679
116483
35154
689787
307894
5985857
653525
9155195
7630913
9642014
7760923
8323839
6869823
6582120
6598593
7747981
9246671
2955346
3193645
7259883
2454589
3637689
8817206
1681072
1375843
8198172
1721772
9980962
97143
7636091
4014851
971500
4173593
9215594
8536769
9934283
1217558
8449773
6436504
9772630
2614073
6201008
3017470
5209900
1192651
652679
6228961
442272
6651925
8386644
5227672
8652099
669714
8517048
1892785
4937329
6209889
4455248
9180167
5364225
8663465
474446
2848324
9983399
4123845
2759533
2502957
6021820
2771250
1952202
7236792
9125316
3343086
4094485
3599081
5844459
773188
7745030
2571491
7121349
3368791
8293259
7331573
2723587
7065985
7216971
9662073
804544
1545124
2483860
565769
1723818
3416941
2984771
8901375
5494700
4761300
5925576
5735106
7502085
3000862
4098575
1183480
8686423
5445854
9718469
3891007
4150136
4427323
6985736
5336443
6502055
4955683
4543879
7166273
4995724
6698137
5334801
5027491
5986675
7050002
1917659
5038702
5771300
7248912
1192346
423998
2447097
1597100
6721795
5539825
249502
98675
184167
448229
107737
1679788
7278085
8912559
2712683
8977863
4423051
6894364
6799112
9913735
8452265
221847
7682359
4504153
9155450
3483119
1301728
3572698
8484494
9587695
3392659
5764931
2176253
6743832
6876375
4316240
6482911
8578919
9104967
1883842
5661807
7814773
2629356
1833298
7798506
8898024
388580
8060447
8821855
1441147
6577506
5246499
8555741
572270
1463729
8288014
7071464
663863
4403559
1535924
4390730
1830873
5879821
7955822
6170495
9570154
751800
6643047
6924979
5286308
7961545
2694269
2830237
5995160
5375230
9892809
3412446
227368
6736638
5347493
2624138
4402826
5952768
643711
2372359
4052136
4151843
2370819
3881704
7663816
4213250
4306159
9837557
2417570
3917528
2605818
8678819
5670240
4719604
107129
2270559
4387815
8287818
1265193
7826220
2775468
1078092
1650369
4399323
8707633
1107464
3466700
7727454
5674049
1796006
7973267
7734808
8799185
4031384
4554009
6748023
9143934
1226177
2762888
7465746
7763955
8741703
185886
2748846
9281564
1923662
623497
8079514
6895601
983780
222232
1367025
9784901
4432929
1347507
1136038
2490356
5870623
6565272
5478242
7741484
7666226
2737483
1981449
9468386
269442
2513098
5909723
5893834
1501203
357232
4730684
8021871
7007673
9889747
2154498
3278268
2995579
7073228
8340279
5420567
4589035
9922804
192280
2115109
9018174
2607312
8003250
3087880
6336316
3333236
7999085
7033025
3931373
6454994
5504425
1672638
6772149
6200116
8639468
8648938
4206279
4554104
3984160
3109266
9584949
4719026
9305283
7983956
7185226
6880797
7280940
3979736
9232683
6361426
4264182
2159291
1658002
6696846
6022317
1260581
9693016
5220086
891190
2911176
7696969
6439975
7095214
1937538
5749253
9963101
8751047
1576063
8188035
66214
1622393
2503973
2068240
5311428
3695021
9263386
6128015
2482780
2755549
1465343
6365662
3961061
6381914
1668604
802120
1493104
8935156
1748976
257169
1748026
5646378
5772847
8956226
8931033
8033846
8398262
1988998
3623213
8309119
7568464
2515762
1030386
9519672
745257
4636290
6586396
645597
9309160
8583121
4552564
6135711
2312526
1639056
315406
8429997
8891282
6949030
2706289
2328791
5819834
9627468
9130839
2026265
8203701
5813429
5988302
3712310
9498296
2562148
4858775
100039
6855601
7752565
3358179
3128102
4869144
7844592
1895045
6194283
9175487
312423
60755
1575642
2272565
9531400
8120767
6288534
2709809
1284346
7414208
7760114
34612
2190197
8100035
635845
2480960
8766931
5821287
3087388
4193843
8606231
5006386
8080121
8595031
7308932
1850881
5701372
8569024
7282919
9415588
1669718
4432081
6890078
3939900
1139134
104972
3369506
4388785
5883099
537075
9805053
9722284
3112264
6094873
8396918
483747
8623813
5604167
5386820
5564227
4730446
4777368
8151236
2053445
8822595
10368
28885
8043883
8114164
3614699
4058069
2774918
9922439
6101737
4575074
7251388
2332928
2896205
6694620
3848728
3704592
4684780
7337669
72485
902036
365834
4612149
3155577
2148775
9272061
3021621
7282772
8306288
1075241
8836152
2008820
4936717
7690047
8540957
7131262
8878264
4882352
7856297
1552788
5380747
5811821
6646128
7892455
6259726
7104964
9683271
6469560
9427436
2979338
4866277
8634892
725580
383325
7022463
1454995
1969216
3532461
2426259
290869
8832134
3185798
2048346
611595
7979208
2005067
9553031
6575943
269645
76318
6132701
2122697
7842192
2304297
2446464
1778632
3929875
4687487
4868729
9377574
4748997
3910238
9131628
2560292
8016001
7184828
6586645
5645436
3077531
5326976
4931936
9243534
9353513
823816
8239729
5681639
3370828
3754200
3411385
9605069
9480064
8039187
6129952
5789466
9506372
9183268
1839227
7242128
8534975
2309597
8806382
5879150
6409861
1101378
3773773
8896607
9363127
1318932
6120229
6457547
1676324
1781290
9348941
4123923
1558380
8472257
1398810
3936117
2446194
8674949
6212750
5676959
7099415
9075037
1640351
5821689
1272543
260778
3092647
742943
4383559
2810912
3995390
6885600
6570761
4263160
7017041
5230354
9855049
1702344
3586746
7920288
6497731
3990347
9679163
4636328
1029651
8253924
9700915
6070830
2125913
8157761
1045954
9462935
8995817
3522141
3875456
2853293
8262633
2395249
1008041
3898380
854190
8808477
1835875
6070976
3833679
7853742
7312941
8415254
700943
943684
1436706
9220421
1982111
3800341
264579
2893502
9909433
7373622
4543746
4936410
1515779
5746270
515968
5328132
6951276
9030113
1632274
6671662
4520830
674935
8924261
6387588
904960
8422108
8686201
4778700
7211167
275314
1608526
4881129
8735542
379165
9076470
4574014
2226036
7523887
5685896
9278762
3942668
1939057
5089145
2610271
5359320
5410226
1938601
4834706
9518622
6766242
7872304
7992017
2733878
8801761
7531311
192614
3782340
502304
2214015
111873
8744819
2892377
4123461
3116329
4283123
7774012
6208767
6491035
5055629
4140885
8268534
6412916
9119772
5545584
1533765
75548
2240163
3658443
1702771
3831375
959826
8515088
4726784
4313487
5520872
7828931
2358436
863148
8209360
4655961
6445402
550449
6347937
2729961
5286680
4014127
1457049
7788754
4318928
6152872
2975650
4847721
7579065
1979276
7644603
8368538
4793528
3698691
2779966
827384
4807237
8257275
5275122
8324593
6483770
3089013
9802549
490994
9804842
7537336
1454799
109252
4147235
436883
3908236
728276
5972971
7547215
9535181
1063704
8816709
7337671
4934713
5301305
2528249
3547766
8564553
1055456
5832031
7345126
8128993
2235922
8375737
3748588
7798002
5251871
8496144
7832524
7501728
4005602
7084493
4603114
3143239
1719988
5636743
1530378
3286484
257502
3262199
3192332
5464792
2565580
2398686
7544588
3885608
7901874
1569715
4155046
8516121
937647
9767745
1804359
2782014
8989339
631237
6936590
2135076
9443127
2824573
1893169
1738028
1362128
5856690
2329946
4006843
1410697
725786
6225454
3402411
2656504
5860675
8690574
7382475
2853071
7049046
3201815
5397490
952667
364521
8461997
393181
9477488
5773845
3832788
5668773
6180797
1160402
5038716
1918572
8481200
3410536
3433631
9420577
5529356
419534
620893
6421467
1333396
8733640
4260849
2258619
7390059
6371064
4689112
2935670
8416521
4507513
2094890
7022611
2381479
2223978
8847051
3754123
9936981
3157506
9672026
1357762
3150498
2912585
700819
2464581
9880085
5341347
3889886
822215
8136936
8928719
1796263
2965844
1336220
6401704
4284635
7069134
1639800
8532165
2832818
6725681
3310068
2077717
3771019
4107705
4148344
7031834
7119953
8339796
2405331
8690188
3280328
6116383
256867
2185039
8350988
5748090
7904459
254611
7873408
2468428
8068707
6424040
8460746
177050
3628335
8204638
3805226
9366153
6395728
6626555
2129263
2553455
5077665
822130
2015978
5382954
8412133
1640697
2246717
8982917
6648447
9044117
9319508
8356044
4402135
9368796
9324521
2882046
6544019
8142784
4088693
8287433
4725657
1630780
6396084
1248519
508556
9598397
2237165
423079
7889237
6867158
2805980
9059244
6617555
7939927
3243442
8489834
3546387
2870131
6424845
6404776
8491215
6288770
1096123
3477806
5810716
4611145
4720395
8431133
9959209
8104868
8400837
5125308
7947677
6146055
2076125
1917195
7922937
1907254
3634603
5311500
6397237
4163117
7701557
1784456
652147
2317303
5531068
485610
613903
6428426
2034537
6069513
5634602
6766197
243362
5348200
3555541
2570026
4737260
7524727
145120
5619442
6259701
1645616
3428246
1294761
756460
5987701
75177
2336428
2535607
4496494
6142975
7798460
4247435
351092
4804785
5621806
752657
6080353
5847327
2448422
4817524
2643014
6821746
4122532
4365745
7698633
7879579
6384058
1439993
9226239
5550476
8651071
8831964
5026439
9872129
746574
443488
6542806
6735904
8249950
3861038
1749553
5193605
849177
8428406
8477537
2383415
4157996
3067110
1201199
1187518
3977625
8036713
129569
4180880
5093558
6647357
1875256
5161479
2815203
9719199
3038214
9833727
5519679
3427157
6665741
3382249
4209386
251680
1670619
7667427
8771293
2533303
3792521
5355604
9219659
7340292
888159
5296149
364089
2698953
2710471
4859308
5863387
9379176
5278779
3329392
602902
7657133
9579581
894076
9987442
4797211
8530666
3282633
4446340
5453717
9359824
3903111
1533860
5350057
3331935
1908899
4004779
2784245
154098
9707486
1270842
1476484
8920104
4213874
6423520
2033582
8868056
1009471
5142323
4806586
8608406
6185138
4518842
7594450
2934884
8469841
5080743
7319323
5535820
8991152
7156023
2728
4482301
1825478
8475138
3702717
8410448
6862492
4589601
860269
2339570
518631
9270281
4871201
5275504
9032517
1631592
653175
8438662
7586523
7793980
2146851
9516329
1159576
5917336
3440824
2756600
354580
2207997
5703713
4441462
449
7939719
7567321
2490463
9975980
5072171
9030895
360956
9979244
7149662
5273654
6441984
8406285
9612134
2300051
5576675
7884842
893001
6539400
4457551
4423446
5166961
1892654
4374911
4200338
9129036
4308219
3844708
4301523
2675861
447751
6702981
1582000
8521676
2797493
5666697
7889587
6296670
7685531
9645377
6595346
4263045
7464123
8852360
8909443
6259507
6965824
6397283
1472993
3510485
3416932
9774975
5157903
4757378
4769719
7214593
8885595
1158482
2159468
4765053
1450981
6818387
8697307
7280394
373745
299037
9233628
8917047
8746843
2075666
5422391
6878837
5221524
9268960
561767
7047175
6243187
4299881
8001045
43589
7012958
3675578
8402294
8115529
2468230
7262527
1921968
1952813
8529896
1292389
2723706
1445906
8054139
4227990
3943658
957876
1248695
3666211
8449503
1288809
2828571
3580302
1523732
9889947
72011
7760092
2796269
9246325
5374080
8242774
1215449
5720997
7723748
3118838
2837418
9207845
9114209
9457787
6356308
6953458
4142039
8409870
7353136
9006392
3095106
2754044
4468134
1467542
2856173
1222911
6300761
8619200
5156655
3172435
2422677
6824565
1984531
8477496
9381851
642223
2061372
4168590
2686906
6700396
6369857
1680403
5570378
5788330
72277
2031132
3953725
4504983
6368885
41829
1511155
5654846
1704971
6724220
8818410
3951208
2143856
408477
1180910
3179953
4079884
7927547
5377852
2121846
8783698
4697964
3954885
2913707
2825937
2637655
231246
3133801
6295757
2877665
8224220
4408006
8115582
4246776
567767
3396445
3001205
2248732
473178
307929
8817738
4426985
5320117
6325716
2588572
9166610
8253720
9336287
3150795
8924251
7249012
623942
5081037
2534513
124782
4208824
3592175
394618
6135781
2054808
8881136
6825866
5963293
674283
7083789
2638773
304456
310771
3934887
1441747
4895664
6425186
8672717
5152461
839480
821920
3520213
925124
7249650
600753
6162410
1236819
52541
9308159
6725607
1383666
5596788
7490487
8761408
5377533
7238005
5287932
8519739
6301491
4493277
9294288
8019587
2624693
7813270
8325047
2689448
2887041
2065452
7907074
5029323
6909314
4389982
4025907
4141360
3061116
2977598
7461016
8330209
9510562
2594298
6218398
3251255
3198774
1023775
9359731
6017904
4370053
8064651
7303694
6747594
309407
8151227
1156126
2011700
3618852
4053131
6523788
7232558
6808233
9321994
1699203
7127616
4405153
9346271
6600878
644721
235206
3231121
1069425
9178868
5702687
7465941
8392970
597618
2312183
2133038
970220
9187877
8756264
6404749
5183985
6795440
1051867
6535728
4439444
298690
9727793
6243001
2261177
7045867
654664
8225491
4281632
8089820
6026002
5643109
2328339
7876259
994995
9190348
4700759
9565086
954431
8314868
723203
3428242
3334918
1434380
8560915
9633613
1594969
1252885
5044163
5646574
6077327
2954834
7852083
6640056
2167965
3773597
8661233
5482824
9307278
8108582
6802855
2617252
5001475
2068183
7689931
405441
6950562
5127620
3541842
8589693
2218110
8873172
7335433
9838210
9172303
1964847
6561077
9392731
5072860
6323270
1010560
8889035
8700636
5679630
3551869
114128
9229586
4310142
4262278
6617166
5411683
9358190
5625574
1569340
3633611
8102028
3380675
4413195
6888066
3391875
7144354
6403431
9222300
7098592
9593896
7881339
5833598
8715403
1015183
9715176
5559897
2219124
1827446
5975218
4492184
845889
9084426
2846632
1419209
9635585
1538125
2744270
8157954
6665553
895710
376404
3077053
8660026
5333024
5560695
1821055
9303687
3203995
7480641
5181964
2140338
52328
3348381
3018719
9049818
9550618
6020648
9809820
8138590
1483236
1244742
6892259
5976486
6491614
6347835
4961954
3551020
9586199
3010588
7431261
7628069
1432720
4329630
9143308
6417344
3130994
274742
1043774
1941365
7279579
7222471
7891280
1345582
9123901
1331261
1558203
6321821
6037902
7349100
4778299
2442694
3449941
9932341
275564
7718038
1980902
2119347
9026637
8244841
6018893
376905
4151179
2104213
6918578
3348201
8963964
6124703
7023081
3954575
9615337
2796375
7769712
6182296
5738824
2097903
7052302
8744347
3935446
3826553
8829065
5146703
670358
5198866
3763553
2168224
4648389
7407235
2672277
3206617
5289816
525473
4058696
8889007
5512850
5173921
5605762
9267667
9313374
1588091
2517448
5415215
6944970
9303944
7040333
6357695
3127718
4127606
5230078
6514274
2638381
1345731
9384508
3396132
2779787
8633826
8253203
5471643
4047479
9081887
6563221
2157852
5292462
6016786
3726
8596402
3478704
4717499
1524100
5670210
63996
3462156
1630370
4607759
8690155
5720857
1965426
984695
1790582
6192778
1027509
1712362
2442350
1819731
5016711
5144500
8273524
4084443
4823170
5291709
4653603
3209527
8207870
4583862
7053236
3281810
5384888
644373
2484075
1866798
7427720
9002251
8458138
7027073
3218883
6341953
2630417
9602154
2458789
8041191
3615772
1472670
9242100
5652948
2190637
9172960
8924488
4290804
4214774
5363917
3897091
150619
5045984
9379496
8754725
6870436
484310
2364298
2921917
8972498
1735920
7352201
4925677
5745714
3683374
175736
6435921
3715365
5399799
28497
8391355
322899
2257476
6476985
814082
9875132
2579329
6137438
113140
507377
2300510
9686123
9369423
9183866
8275341
4354302
3537191
3620580
3778314
3115285
9658894
6360566
8653922
4372878
4792907
5441807
2515430
2250210
5582389
7120301
8198312
6864821
538325
5306546
6604065
2774427
4533150
8546623
6369413
5642795
3041261
156887
2158314
2993925
9211075
1845341
8575435
2925222
6427401
2295261
4451825
9342792
1801696
1488215
7312158
6411610
8120975
8428529
5447721
9946371
501698
5896932
3638134
7725062
9281757
338799
4322885
2585299
5928805
6000703
716705
5309211
8541283
7440388
6747431
7627769
4687948
2206575
1257724
9909369
7038562
6991741
3813761
7379532
6243506
1158895
5833097
2402481
7931324
1569620
1875697
5022094
1260101
7957318
1582233
5969794
546406
713745
1267369
8135433
2989151
330311
4792427
5746083
368219
7145575
7670836
6135202
357888
3859251
4988571
2126633
6853460
1973866
592153
1485945
4121091
3414518
5797531
1917962
4350033
5320187
8117479
7563866
3875839
8880192
9393636
9868975
7942381
5575222
5366563
7958235
2643232
2598526
5786289
3661801
5086189
1699657
4826835
1523830
1947216
8066073
8407713
7359217
8151237
9216810
8701581
7011602
4221786
6951790
4815471
9909750
6989091
6153302
6944505
5839710
205213
9543433
5598215
3986178
6279739
9453809
2562056
4332518
2926194
1812660
1959632
8776312
3288147
3246719
4991080
1915513
9112595
6760655
1591699
3235457
9998276
2727401
352994
4117884
5368533
4473371
924057
3395099
6915734
4534569
6000724
2425513
4893936
2075051
3183791
6550650
5707077
9624354
8910728
1733972
4002357
8399842
9153865
5956246
127957
765838
7272100
5127871
5048677
2805869
252200
5585684
4196575
4112778
566502
7101882
8294274
8820048
6046696
7867063
4671764
9250912
6141602
97495
6405597
6167231
1312227
2741131
1318218
173723
9140180
1054974
5086745
4722194
505852
9664992
6742277
258427
9150017
7609098
4084671
620833
3232783
1997822
9205537
9236251
1778164
5654016
7550068
1631488
7881220
9818417
8072271
3187315
334637
7562888
9346353
8725108
3312238
997638
3133661
8163015
3228837
7585155
1133665
3558488
2857252
4670770
9969281
9969967
5650969
2465706
7148663
7390593
653640
9663299
5083733
9343769
9242123
5161241
8410422
918251
306388
3264959
8087544
6553656
994167
2278991
3314384
1494832
899937
7678383
7947977
1734589
9474822
7629876
8681067
662311
2675582
2772944
4164479
8554148
5296296
5014982
7577306
8874166
8120112
2089204
7306601
3561535
394381
7801500
2276720
1676969
6157931
519839
3793378
9768711
1098455
4915370
5169766
6382475
8717444
9605922
2382229
2585593
7328470
93868
7900797
7556600
6927550
8638828
4839393
8229667
6979770
987352
1618171
4204098
762411
7913930
5834226
1718928
5240382
8322783
2458132
8360320
9532497
5543529
4268679
6647511
9161365
3169036
8080279
8865182
1682122
1613641
7863289
4300672
8499846
9915793
2358391
5550720
7718274
29913
1716516
9258006
1828879
5503539
3107829
1277851
7169373
7438771
4458457
4747667
4342956
196600
6287776
8813863
1202148
7131894
6510597
1521720
89408
1380618
6954025
8764647
2536641
2889453
13494
2494693
9782576
9302957
9842017
8122853
128330
9483576
4752901
2310803
9416968
8945938
3167159
2934040
6670087
3698781
3619419
1889537
3548439
3553510
4083984
7987024
6431163
9596252
3122146
1430140
7026726
5011005
877580
1241563
62927
8558042
7469630
461411
1310823
4929330
9385327
8175585
4013826
5915080
1783012
4139200
5392624
5497420
612596
920082
2303657
5699662
3566229
306434
2471661
2131813
9626079
3615157
8965606
6175995
6848214
2922028
5672158
9672623
2889122
2206740
425914
8049186
5061430
5584609
3133888
816499
7370283
4132050
3109709
493698
353521
4609005
9973021
379427
216282
5858105
1887576
4609095
3934379
4259651
8929047
1529198
7747339
1720200
7775126
1794888
3739152
1993165
9516097
8069779
9538223
3887806
5453469
9947423
8855840
9022133
2892916
6655188
5329808
3553391
3713743
4470505
9687150
5473976
6247906
2933477
8427355
2516050
2534300
2598583
3070483
4355090
6717736
1949197
1082774
2179673
6461946
8122423
2149795
1170939
4304850
5729807
8924844
3060127
7179876
2948191
7359409
8992826
330118
3991935
5003314
4951432
2966532
5284792
5404412
6949390
6102991
6938075
4092845
9772775
4782625
2701056
2270366
1011852
1413110
7871699
1160284
9314273
2478776
5801656
4782969
9360932
5251966
8873199
7101070
7563802
8648792
8011240
5741992
1742987
3346720
2716934
9536652
8845335
7030200
3051719
1027056
8990776
3490409
3272869
6128005
2450961
6949536
2098407
7902918
8370168
1038171
3152250
8548395
6624974
4669618
1280793
420161
4417038
1540746
400387
7047149
6153015
1233121
5319309
3219213
2429229
5845706
7033687
570336
4876429
4571249
8535238
2509600
3172524
3981872
1186132
4619921
6575131
3763450
7305691
5408254
2336787
1159767
4776452
3985140
5081919
8777521
9115071
5784345
7242305
894542
1760345
6706979
3200293
3416731
2450461
6239027
9968360
5514745
9949509
5481666
9303805
3620801
2390116
4942792
3744358
719533
1683174
9904411
9636396
2856127
9972195
5545696
5523534
5627702
1144696
7531822
6127173
9965115
5800600
4996230
7520424
4361345
7216540
1472577
3191777
6142374
6131032
399435
8329693
4038401
5688991
9599229
8605945
3672337
3930802
1350937
1033158
3050149
9138271
3125845
3257897
8104009
2466043
9481588
7877335
1596896
3166423
7427207
717563
2655939
9359879
9046305
6697565
8442425
6812084
4187477
2159292
8069843
3536153
9921596
367015
3709694
5935894
5886126
6508946
1046663
28707
8935172
9227818
3649684
4363499
6550233
6863674
3909044
2469411
2350393
7381636
5352122
4233805
6778918
7717606
7573718
1975987
9512933
5097517
7401047
6080104
4657544
8153431
447862
2783329
7754044
5498544
3576717
4192912
5890701
7283914
2255620
4600506
2096609
6669410
1774008
9750424
9938758
6218331
9944921
4020121
7847195
2180424
9225723
8638638
2050777
6708212
182110
5949105
6699776
6632200
8834202
9098915
35656
6195113
5232684
9630636
8097278
5391807
8155666
2425904
3777950
7680220
6032370
6480152
2891086
4605886
2995871
4366228
3777870
3750682
7958158
7134322
3166599
4337015
1228510
9041834
1012496
6324845
1759730
5833747
6654027
9904905
725086
2699978
4967314
9763120
7608101
5558008
2656430
3738689
2098670
8376852
3980507
9122842
3737737
6849928
7919172
2438949
8200711
3652732
8302962
277699
4688385
6082520
4716827
4385232
5889852
4376099
15658
2470010
9017912
9565206
2493678
3810868
2083872
5789374
7344855
2203460
6050472
5207769
401129
8361706
4665924
7088343
807651
8667400
2600318
6587120
1316286
7902218
3136553
5202444
2947858
5440522
9762194
1567225
7203066
4121793
7184167
4043009
1910577
3357698
6067960
1709554
4838107
79110
9180382
5441605
554624
5497182
7627048
3526715
7891772
5867942
2388008
7059437
6955594
1061782
3382241
4211181
9396221
2636430
9092196
3914628
7612197
7331275
1320066
6939944
66712
7549020
8851832
4518580
9595557
6954007
3027741
682588
8158050
8957670
4160998
2497703
7376491
8680475
175640
3125246
5507018
1306886
9716779
7736278
5413240
3551519
1104305
3299702
4320212
2289175
7949642
8220666
9304913
7545127
5861395
4670512
2979257
8534576
1042023
5302374
3085380
7791565
6723859
6150957
1400047
8663178
1704529
3378084
3725163
9060282
3858132
5635103
5732938
3108519
6211184
9493445
6469802
6963445
4169790
679083
9113258
1708286
5087781
7641507
9465472
6327544
9160372
8040635
6924897
8805588
9134516
78926
9487768
8885696
811976
5645332
3642079
9604783
4878353
3366327
5783902
6943362
3298273
6634669
2579794
3883854
9710843
9672587
5957875
1042688
2191381
6779915
5289083
1947157
2713932
857584
3193584
2639198
1940172
3345891
9598825
7664518
499038
2551637
9830172
3941373
2149163
6197892
3436922
1873511
7535932
6155097
440069
1942616
339645
1941483
5243619
6000178
8351435
407379
7693116
7199364
2790048
2851046
5599846
3847125
5338267
3480182
7987788
7979223
6134639
2792372
9803132
4987307
610081
4982135
4635415
7728871
5616142
3923968
5067186
550161
6541226
39123
1469828
9296337
9189471
785422
25387
8165593
2337049
7124153
7772965
5269866
3728209
4873894
7882941
8401925
6339075
6850312
8050905
4499099
3403436
6830616
2254958
9059877
5553716
4735549
1904827
8897702
1713102
39981
1129032
7047510
2625057
7267521
5514792
8773772
8822812
6647179
4191246
8705132
6829516
430754
6000668
9923368
2256407
6740218
1984473
1176496
6213285
3844302
6868075
3803607
1819744
3674250
5946345
6644114
2004609
6070195
5604865
7323198
1146013
4222756
5366006
3699281
8412486
8934897
2839850
9604880
2357234
3855915
5789002
956400
6646651
5863582
2315200
3044853
1625971
2849984
8571174
773662
9790068
4064776
807115
7887336
5937035
9014690
2695857
1690513
7055585
4736630
1634148
8373074
1030088
1174684
9569054
9274405
4938839
5325639
2197980
7758159
8542291
2673707
4040378
6535117
5595067
9043230
1957503
8979058
561111
6431964
6264380
2471309
6903900
1757576
6358335
1293753
6263729
7173461
2951011
4145349
4723730
3189995
890129
386584
3698776
2032336
3433792
4028799
3629516
1175612
9927155
3660886
9093938
9109866
825508
891947
6107630
7154860
7328812
9441359
2285391
8708437
4894224
1544459
3278338
4718502
9674011
6690794
2404049
1295011
4553496
3638759
1629313
1935797
4513090
7457330
7272844
836571
2407945
1053232
6555004
8610831
650
8664108
5768620
4923338
385913
3514144
8041123
917412
5121954
5118587
6216936
7860483
1632966
2039285
8259980
6387040
2041533
9647085
1223186
5956392
5703683
2781014
953221
904717
8278846
1623544
1781421
1960841
3866688
2567221
3921244
1192676
2365343
1846563
1426068
9744853
1756308
9135083
8384846
7867592
5397551
9939348
3281021
1504852
1691449
3270000
3899038
2459630
614928
5690109
9340604
4209041
1321853
5413104
8270606
1578366
2616418
5477176
1050299
3860194
8110876
938256
749266
2556525
1641455
3157009
226081
4223720
958151
1377880
4809883
8987385
3375962
4591991
2862457
170573
1983355
8576211
6991481
2370261
8449704
6233436
3210345
5633842
4334218
7751412
5277663
3890094
172141
2146790
124934
6558397
3803534
8963040
9034081
9005140
144978
3296220
831938
4268604
5323614
7002095
2798322
1775927
9623173
8041672
5168654
4770808
1366020
4464324
7300653
2705714
2806484
6310363
4145961
1951083
2917030
8533884
5051049
2062272
8606739
685434
483518
7287109
8061375
2984545
6794728
9963549
5881338
5774027
7568878
3683163
6834549
54099
5556840
2884133
2644258
1949895
8194576
3532898
1814932
7149979
9849949
3742999
6785951
6536522
2687126
192846
7545313
8787874
2644406
2734660
3447885
5923579
5918208
750348
7819419
2212266
1872665
5497473
3469033
7816457
1210317
2731088
1510981
7422791
8605228
534319
290174
1571130
3927274
1714493
2950434
6623934
731930
4049253
7058586
1091884
6384324
1427422
4334988
3005280
4819822
3309517
4109548
2402419
4035849
2860895
1137474
4790327
8265647
6119591
5592961
8608511
5228644
779203
3536977
8121587
6875492
1251208
7946219
8373784
9499812
1987870
1543011
989852
4381731
2223964
6778299
2216995
4415547
291563
8588431
4748890
7009343
874254
5882440
3402100
4639457
4159724
3192968
4257219
2478320
4254728
2987927
3846567
8408687
9508998
6440359
2803047
8749789
5677119
9788535
7958300
130722
500821
2591400
2136660
5114271
1165818
3133649
8297205
319539
5849322
8764420
5731759
8942042
2720786
4277223
9295386
7698753
9901887
2181819
4096192
7049836
5118017
1466989
976923
3825851
5132295
7012029
9759076
9772798
5710151
2844562
2335598
6614661
6641178
5370974
7537807
8960714
9258311
3422928
5583463
5439484
1643350
8128181
212961
9501087
8791844
3851436
6905476
6548207
363962
8792952
1790910
8719821
2273356
2284774
2079734
939833
9844353
2822429
2317364
3424884
2545985
2183181
6918488
6391683
7485995
6322889
860408
1880206
122181
6206163
3607910
2394555
5875267
2914317
9131900
395420
7175776
9268773
5921277
8726070
5329175
9441805
1146682
7432306
840365
7671289
2865038
3344353
7291250
4195923
1252319
6072365
1592998
5472466
7327740
2785583
5090593
5380389
195590
8702899
6099230
1956860
1103945
8815601
2393358
718113
8149066
8582879
6475590
1797683
2680388
4425662
8806311
6183433
560736
123871
3722221
906573
4034222
2188908
6236187
6928839
161335
729953
2177672
9295010
2602970
9719612
4188808
646476
887732
3294984
8288401
9228791
7002268
8769933
7842326
5175747
3704901
9600173
8895655
7583100
5034324
1097381
333365
3603443
3444250
5980898
9273269
1826899
4942866
6480188
3085956
3589463
1609739
5751083
6646863
3708848
288431
2343937
9895620
9506157
5500923
4312098
3468436
7918928
8673914
3026806
4221985
2271557
7151523
907974
5546325
2553545
9648827
2740580
3422928
1432065
5633520
8381398
9370617
4144842
5393152
6273811
7914141
1282798
8679779
4121477
2688051
3085504
6880473
8834843
208078
7354151
5519066
5977906
626020
1981160
9918799
3831385
8479545
9541255
4300202
7747114
7938624
5353598
7748450
2231701
8037720
8678543
9192585
8088719
3853156
6018610
9025865
855443
9453429
8077689
4661871
3320587
5060511
1558208
7825089
4854147
6468633
8750268
4274106
649179
257897
2144601
6324099
104014
6175532
5183637
3800045
6509316
674635
4697057
7550657
8472279
612326
1216274
1352817
6849130
9468011
8664647
4969313
228906
8371036
6909630
993484
8078579
2410172
9433571
2080614
3895111
2307136
9551736
2088218
4886296
8162298
3485225
2204533
3338329
3938487
7249121
2051191
8427514
1178684
1621637
8100676
1272882
9026390
630266
958334
6907756
106968
8477233
3195567
1333023
4503174
5896179
8533734
3831995
2877747
2051122
5969874
529637
2819402
974484
3784721
8621519
4395087
9961901
2739512
4521903
4689661
6109021
1958101
3322763
1843106
2236865
8034796
1925694
3350623
7221795
466548
1331703
5591062
2268115
394690
4565323
434527
3969598
1155777
4920978
4389726
8845046
9177816
4485596
5501877
5107181
9760539
1302910
1189470
1199286
5430758
1585579
1049784
7716687
7025538
7082832
5935160
149913
6307613
1673391
2217891
425768
3415100
5174492
2071149
4816840
1215865
9654177
6876848
6411882
2073168
8004120
6076140
2663581
6847839
5463164
9428058
1594371
7938674
750061
615923
173479
2517666
8064622
7284377
2969050
5351679
193646
2083781
6576452
4053698
1970800
1993674
9495562
8997160
8684390
6926198
8017679
2464696
8681479
1195800
1733537
1178584
7350490
1950088
5520886
4112454
7569760
345861
4774506
2225823
4695520
1039651
2782348
9427453
9796342
321333
2396118
100598
870200
469514
7166122
214231
8050442
2838561
9501607
390395
5711714
7694672
5594695
2171714
1066657
7496638
7238353
6034223
7481807
8516105
5161475
5269581
840508
548245
8695500
9500588
4619921
6297161
7299098
7117259
4628154
726938
3002142
2484165
8409094
8462301
1351111
2801338
9411350
236554
6364552
4895107
8760889
4137132
5669450
8036730
2654885
630781
637966
8738415
8870771
8001809
4859311
6591024
6447759
1861755
967340
6568942
2667198
7165210
9647448
6505192
3128603
3153201
44582
6014787
8172572
1535408
8640598
977353
9072220
5046551
2518071
1803419
7934579
8598393
1501596
8933517
4953824
2831577
3619088
5779986
9351593
5296217
4843467
9077240
710189
5248355
9134263
9563931
2088777
3602765
5107635
2756459
3423212
2874219
7317600
8216655
467329
5740953
7889516
7678844
5427542
6100053
5042966
7982788
7554648
787820
2572213
3538186
2314681
5409417
5693386
6865876
1059781
5195318
5430268
2057659
8427690
8692828
9148392
9005231
7118302
4733328
3283987
7891172
4023166
4190433
416088
8821029
4705122
7659277
7916762
645625
4199618
5467043
6666431
5652257
3025726
699415
3281944
8110580
4197340
7175225
2120969
2483006
8114883
255046
4306186
4373905
6746061
2699883
3911614
7565699
8493129
1926086
4500548
8366586
2127980
7795288
1140717
5895559
698372
7727414
6021756
949546
1388090
9404530
8339499
2857539
1396674
212587
6204961
3806569
6025983
1987274
2335466
2835185
8205057
5198381
32019
653655
929924
9484210
8539951
2052834
733782
7014742
5567031
837292
648326
3683356
2873838
2952678
7533629
443733
5084422
8943152
8318025
241314
308149
549613
1346137
8252164
940957
3769129
708641
2836082
9748851
6901219
8532887
9596464
7026572
6973371
2346482
5390669
8346614
9990628
7188080
4301547
1104056
3066534
9418448
4644704
7858789
7991948
3071775
7903190
4370413
5060851
6526532
628313
5139099
962155
9288387
885484
201169
9337750
939690
7304701
7072119
4326267
9363206
3129746
9646413
8089958
8276528
7631208
3380470
7504513
8369842
1749032
8544542
711359
7019932
3272963
5327976
9299717
1981990
8560974
8040248
2874783
4484273
3534677
2729107
9167457
5557290
2896011
5882789
9136960
1296957
1747194
3775806
1168416
7691482
2595633
836010
8760407
7334114
8762641
7329683
9188271
4290825
153328
3371689
2917392
4418396
6544918
2905469
7428389
5275802
3904753
5930705
9289867
2833526
1551359
2514312
9308583
8544139
7274639
1542065
7266653
6237990
3143837
3473246
3521810
5317178
7744834
911150
3067254
9343264
407778
7726105
4845794
8670194
3436548
7012393
921467
6879311
9105484
1119495
3163677
1275181
5280332
4123029
5986487
4500091
1700306
9680886
7819069
7012499
7932298
7881735
2015617
3189055
9920161
1073543
7849136
6977610
7537669
5548482
1523438
2022369
1504013
5277898
288467
774193
1918877
1221981
1972246
2072321
6895962
1549316
3216781
9784518
308324
4441985
761645
5239390
3489160
242379
1139394
2708749
9727707
6778240
4552377
7416702
4296261
4028288
2797502
3169610
6440477
3219853
3659264
5437947
3908694
8625505
8465514
9902651
3177978
5442168
9065818
6901693
518593
2441672
219493
6488885
8915107
9205260
8394807
2755062
8246627
4070532
1904706
6459341
7745526
1321985
8851238
6374143
3379338
4400468
1756239
3687751
3676610
6151834
6481129
9169807
2532138
6261845
4421672
5692682
2307050
9603914
4077657
3961601
8857569
3730418
8673565
8794993
1127706
887998
6741620
8811512
2304160
9329008
2983387
7884121
6331893
2942175
1423912
5747126
6527085
6250208
2921152
6115142
4018862
5594314
9787432
5742333
9313096
3515870
2010835
100783
9360010
3424248
9202913
9286077
8388933
5196479
4460136
8005796
3224688
4033342
9164789
8882755
3840818
9263628
5917167
4473869
2421316
5988781
947968
9281034
1581743
3924307
4638188
6236981
2175893
3951467
1799038
3078027
5498132
3871670
6021733
9874832
7736851
756003
9326888
1166639
5503457
2076465
1982597
7880517
8344437
4284093
2374133
399043
9896958
1510865
7444313
2847125
7661047
4269320
4084297
4271642
320086
8043380
2523191
3840120
8888202
6744417
6225410
3278176
7708118
2055194
2373479
5524328
2577427
3829179
2768668
5697614
9481363
3407608
2520059
4201219
5774927
7256760
850059
8496446
4206196
374522
3152986
2816604
1499766
1108493
2536655
3471561
8538514
1306515
8515087
1919908
3110151
2888687
7075958
950264
4675127
1763180
7827582
6007946
610896
8748681
6103814
3970489
6940243
8150537
7252286
9191658
5362070
4898572
6118882
71832
4000115
8810782
2073594
9031863
6283323
6758315
7843453
6088372
4846951
3623155
9646789
3321993
2437840
2888742
385699
1746861
4510737
9202944
1646017
8060468
4141097
5168121
7037754
3012438
6416829
7733543
1206666
2114781
8544651
6830971
5836088
6482279
2317423
7269938
1312740
7422283
7286709
2026727
8689765
9229498
9636342
5831484
8278440
726850
2274650
7505787
2225222
7852667
8904072
2384136
222152
227556
2954887
2552911
7432236
8166294
6699696
3448718
2777253
7195654
9212422
7884246
7412781
1864722
4311935
2426098
9481767
3192797
3485139
3407481
9029708
7011170
25162
6700533
4584390
7630004
5252225
299893
1039483
2407499
9137447
4101451
3598936
895345
9271514
9408329
2116420
4394124
6908170
1074746
8950266
5766143
5131317
1736488
7586730
6248831
5421421
6077837
3492071
6918456
7288067
9401279
973240
3964209
6563658
8146650
353012
9390743
6889830
2157119
3797333
723637
3107836
8068504
7840833
7492447
9039806
2576875
7000441
3649148
2632288
1516141
8225439
1704997
2868085
8432754
9510367
4893032
2871842
8792058
1877503
3336994
2247196
1930926
2646185
53377
8588102
8745832
7873856
9514903
2627172
5404776
6125671
6828384
2833968
9248516
2744654
2909172
4084578
6614522
2949144
3445322
7339974
3982580
6071142
2472243
1782705
1023464
4063914
670501
5011821
2137898
876698
7842488
9942494
6765653
8446534
2886401
4977308
1878226
3034261
8971749
7108930
8583476
1401357
6597792
2178188
9259912
7130686
5456215
797282
785167
295714
5427975
729135
4015151
3769964
328094
7462464
969545
3906351
6797973
492591
5226391
5020413
2539445
5396801
1270898
4935243
950861
3757760
9907808
6246720
3268836
452753
6683577
2600030
922301
2188840
6449172
6020230
9242900
3317359
8017440
760299
6022508
4198216
9932492
1726023
1973960
5708136
5100986
6797402
1032044
7111750
4545013
3981777
2306657
408317
7057581
3107981
5744316
4202333
2595633
7846317
4701218
4420591
4456274
4048303
1360398
5282997
3879983
9962615
6910468
2834115
7094193
8035744
5609627
8850252
7553335
2593655
3099020
843657
4424640
3395599
9534005
9396375
3663756
6714760
5195183
6151015
9180069
9429489
9591497
6546823
2820890
9793358
2149881
2685181
9746863
3557740
3344147
5531679
5247428
4437909
7295479
1667768
2536696
1711921
1693960
8872255
8928252
474640
4133709
8754356
1961142
3487
9346200
2753763
4989631
5995747
6938143
7011271
9742027
4054630
1644605
5757722
1214201
2502223
1373005
4919763
8393119
6565107
2085775
9684899
7300073
9289315
8931108
5138934
4179320
708090
8741341
4238002
9902882
7739040
5644235
8131118
4608830
6421991
1296503
4116815
9031640
4926185
9869277
8184013
3283349
9411941
7998734
8548789
4476050
3087066
4020785
5528823
9285176
9698763
2761072
6880859
7435199
5589592
1439290
7200358
6569887
183646
4823192
8451532
7902314
1754865
7941112
9959487
259648
3822765
4826840
3163349
2226359
4450129
5935195
9787010
7152198
3817691
1923962
3627052
587563
6249569
8098919
5625915
8320514
4190833
3388165
6429677
275495
7582381
7023141
3528787
7072369
5191515
5800890
1778023
8728116
9238707
8904761
7841627
3218523
427684
4735008
8392377
1099152
3766902
567726
3054168
7773009
2135946
1879487
1443289
7753528
5128928
7364322
9385361
6102712
7215216
7107253
6515199
2194537
5266700
9970808
4746484
6640537
2632020
8919626
2034197
5940739
1808790
2145825
4652233
383558
9504286
5006170
2469168
5608434
2887526
7967743
3868905
7653547
6655855
9667450
7307831
5185294
8454463
6149117
5782800
9777907
758188
7752858
673454
4579525
4025019
9826547
8664970
3934100
8682722
3243141
3358048
7731601
4904599
5029326
4305917
4550653
6807600
9235063
1201641
1952715
9400377
9291545
9743185
2429740
634964
536940
5014502
9246950
3025015
9018099
7064605
4433491
8549405
3878016
3294239
8020328
9366330
9844121
9197135
1296954
5711920
4693040
4182862
5546126
3224099
9992126
3920453
5848856
2493310
5177164
6979457
1922172
2727623
4157027
6708246
2997184
4731150
214463
7867108
5155577
293284
8937982
8294415
3023290
4718385
1517649
1330801
3280549
39861
1834850
1911839
4704385
9009694
3966873
1742225
7134442
4637006
7458503
6230465
276115
1671060
5006436
6193774
2595897
6151326
8558445
2208346
8369105
2620427
4480770
3235049
9463175
3712182
6254134
4612323
89675
8038844
365151
3543149
8795869
8441085
1983694
6049335
5825706
5664364
1668545
5595736
1648444
7899914
8432407
3336996
2413022
5640362
7520834
8525518
575713
8789270
4814491
2487742
780883
8430769
6217309
9646261
4306177
6876460
9217588
1436087
1606957
7222493
5733960
1305262
6368516
5400997
3768250
6959312
3676958
4591117
7016899
5214140
337446
495614
5828866
2853009
9953319
3057936
2463121
5546954
4691569
353006
1807469
5324291
1644059
7800709
7143459
9180900
6255017
6940806
2851676
9183417
9709010
3757340
5702309
838964
8203199
1727336
2471094
5871334
6275453
2579450
7960526
2503934
3387940
3047348
1032366
4431367
2509992
4053986
7421021
8525000
1459504
2791160
3452233
5932383
2462350
4349331
3863014
6804578
1917058
8884001
2807169
1769467
9615734
7844430
3532839
3740132
7444039
9124313
2334265
9455192
4918364
1075536
9715698
8133701
1158195
3117049
9852878
663699
9676076
1119283
1776818
1534212
7929619
4957695
4623818
5608142
1443128
208051
4792977
8042998
3376219
5101334
2567892
7037664
6397262
5271444
6303350
8249592
9552270
7258568
4363061
676840
3054453
2426754
9224178
3417877
8988626
3203957
9553697
8651713
3704618
5457636
8553459
2013601
1686027
9005557
8856168
2768787
215215
7583692
690952
7912877
316718
8714740
8984365
5199756
7502174
960560
3846588
727301
7131949
152173
6408329
2430770
5902162
524234
2289142
4541570
1359535
778555
3392096
2287442
6574004
9305192
9175748
8094885
5719085
6403657
713675
3569100
120288
3985795
7188839
8350550
7640567
5779744
9167234
7863021
1972621
2530384
5957961
923099
1113555
6798801
4681290
4456956
6530665
6697244
5979166
299794
4946221
8374938
7119542
1905673
5770244
2354160
152647
2062372
4780180
1061504
5850985
9368282
417260
9270359
6255026
3619316
768221
3923311
4498540
1964309
245608
6423721
4460642
5963706
7610106
6738479
4045547
3956942
7963302
5624045
9886581
1533977
3233918
3249994
9019491
3181181
6826267
5761433
5565625
4006396
3487785
3117604
6385227
8370187
9177239
4524961
6841035
5254255
4481478
9013302
324354
4945620
5825203
9791381
7693321
2547094
2383098
3250038
2754160
2271816
7558229
4101065
5481641
8331729
6481906
673364
7082042
9399473
6205401
5767269
8817204
1647458
6425288
7865425
9318120
6730597
7158366
5580983
5796665
899224
4665497
9570411
5144078
8448804
2731459
8833776
8875132
4691550
9550611
6927025
5932217
2121115
9009879
8500869
5001971
1150512
993695
3400407
1634559
9432150
4046466
6202325
3244529
5194054
2351335
7975035
9424760
3169719
4872566
8968585
1214387
8959359
9069802
3924160
4347823
5254432
587729
6585336
2415954
5328673
8970184
9508015
9240431
2094803
7541043
2197402
7428439
7544892
5447875
8241532
7209741
2235478
7640298
7243513
6909750
8176241
7415067
9401791
870914
6074678
4150905
9947821
9023248
5437311
4912605
5645342
8439140
991279
7891768
903260
8147534
8205561
4489474
1567205
4481571
24453
5526386
9892933
7199185
8830447
3534429
463265
9007757
4880425
9688014
4004905
9047857
3596928
7756690
2692529
8416097
5551929
5042779
7624480
4512265
9708618
1325862
5382820
3575017
2288546
6626514
1908262
4039307
5671870
958779
8538270
9863463
6516330
2700836
2250670
6713484
5998553
566504
5569076
8329514
2249558
819636
5884545
3073956
4359638
7234499
3855953
6500547
7708430
6888796
5114553
1476024
7988632
666753
2019179
4342616
2091396
3401493
4515954
8992457
4333425
3677404
8687165
7644147
4997663
7390087
3309574
8536261
5279262
7295775
7388696
5365415
7239096
6141938
4657249
8975127
9931206
2760569
9782798
6361107
1493195
264971
1861734
7078267
6294384
1845665
3474471
6422863
2078780
6056723
5098380
4359685
8502021
9602433
4762587
2181140
3025580
216727
3200970
7859071
2121718
3642710
1028937
5229699
7354351
9973332
7309075
2083525
3025384
7873701
997845
7090303
2792759
2497386
9253134
8589305
3052682
9119960
7480222
174337
7079792
8661438
7083869
779043
6832709
895259
4903831
8853886
8639486
6707828
9235480
6981043
211908
910072
9572829
4281789
3524057
7233909
4275696
9138354
4584198
251662
7289573
5868862
1660506
8240613
8778453
1647786
3167102
2785469
1335673
2583322
2764735
2049872
2790365
6823004
3368914
224270
585989
5438859
5012402
8098177
9272184
5499064
4707181
3016418
9425760
5693110
3715217
3600515
2536146
9267818
5178227
2333201
621396
3109346
9700392
5583565
6070439
2217873
6587116
566374
7335941
8243955
6435526
7423409
5664960
7407375
2093469
3822546
2643687
650426
7206548
4141353
1031666
2666466
8331199
7852165
9111096
3674345
8567036
470726
53776
6118499
7854988
2342492
3711248
5658940
1395143
187950
6004289
1454699
4823586
8273742
5435893
7952904
3860002
7474378
6178496
9082148
9247177
4859563
1031480
9603735
8894407
832240
3158414
712546
3633341
8530432
8672578
104566
8858339
3003472
1778945
1902189
2721910
5958362
2623533
2746517
820742
2697539
6565483
8278463
8459592
9489280
8518121
8839299
5851601
2170123
9906855
3429899
1247492
5355150
8389029
8644834
9933643
2299999
5790109
1391166
8249426
6215875
6837510
7911868
8382651
3557163
4670533
4551814
4140265
7311267
7490264
4808356
4069150
9901078
1501768
1350768
1997363
340354
8413759
8222825
3483845
3156801
818251
7368051
4721996
2827044
9003408
5865294
5171345
4282060
1614880
9360341
3206175
8124116
9716273
5895433
8927499
1906994
9606124
4007161
28454
5087715
1634791
1628704
4900584
7213340
8236604
9696512
3362091
2823400
7417352
2908336
9897673
9044637
9888564
3228430
1900944
2548717
4631195
1012627
6141207
1752019
1201252
5140860
9466418
1139570
2940084
8387856
8583411
109279
244535
1174410
3934442
3479570
4643371
352511
9946409
4745329
5657991
8582177
6715620
8356715
3025815
4434835
3113189
343393
7787566
8151330
2950619
6059424
1035057
8976324
6044976
4402908
4540873
49769
8226410
9244205
4504440
9012765
5303205
3374154
3259253
1371897
8610081
7878459
5926385
2737313
7016873
221046
6941180
3966109
5160459
4793793
9513875
7871180
9647380
2303784
3214667
5341915
435635
9386036
6145442
9533835
3943271
576099
3915444
7516654
6910922
1479013
1561263
3526969
4473227
7069640
475978
1177590
7522426
1608460
1595642
9768459
2575441
4327941
8717737
8886863
9411227
9540128
6451577
6577320
1363405
3704759
4091675
6781588
2051336
6580919
1851804
4877104
6184438
3505465
6455337
9835018
5246384
7637455
412355
7031639
7442085
4854692
1344839
2889615
7497431
6688838
9529553
3005184
1840982
6675044
2522387
1688620
3132546
9423208
5938521
3984427
3098527
7387848
3298810
8108756
1361105
7706512
3565569
1116107
4110131
4522884
4040278
7776698
2844486
7317049
6233339
3271801
2187807
1400016
6312746
791704
299335
4173275
9788409
8289345
6383051
6632234
3829541
1086932
8321969
5377358
4975425
7172109
9135078
8841776
8638782
8417292
4407179
5713772
7990364
6781319
5281148
7086018
1999835
3931275
4270982
9773897
2142501
7293647
8975046
7213978
4530103
4008694
6056582
4630887
4280586
5207528
6151018
5972335
2574352
7854531
9963860
5049155
1176919
4547725
8889188
1613450
2536260
9281522
876426
3748577
7881588
3213325
1020876
494515
9055174
8071339
4942250
6736880
2546199
8702160
2050493
3164141
6425279
1050665
9938677
7242319
8813324
6777633
6935505
6006864
7054711
4808514
9246262
2340066
5318778
9811461
8031356
3831638
2121912
780736
5214084
2527665
3327763
7575317
4630144
3689810
5214187
6912604
8256277
7009622
4349265
2011735
6510066
6474669
665417
8414254
829941
6080069
4069299
1454175
2270033
9493639
6130863
7973272
2580047
1535900
8270972
924512
2271402
8970338
2165134
5646542
977923
8652211
4664951
5091620
6456704
4995922
3567517
2627029
7762578
2198588
7025669
6431108
374539
8263280
4157154
886749
6842541
5399682
915519
3638135
4474207
1233494
2403217
4180174
1803114
154626
5728142
1750615
6574727
7378135
5623034
3845850
2753102
66108
3723786
4482833
8791629
7116026
1450926
9161664
5467632
8941603
650149
6224814
5919060
8669410
3176672
3697315
9931501
5889219
1488163
8745202
8510523
8349631
3828764
3067065
2693988
283695
2814817
4319095
9091853
7944735
9012332
5513674
5895518
5652795
4984706
7508913
9525112
7546354
98059
1328634
4411049
8103050
762522
7662615
1510474
8146078
9314705
9875651
4206
7210196
6814624
9667330
997874
5602533
7787928
8528582
2066898
8536193
4336009
1662809
1781221
9686838
3225352
5881343
3340495
6659140
1545988
5371278
9525231
9272456
3670066
3177123
5296459
813056
5352378
9619756
612148
7400224
2247942
5761438
1971816
3152146
8971224
933605
1692126
5662859
3320943
4180683
8582327
9646852
2678163
9615061
8976577
3624143
2852233
6711463
265560
5975828
4949546
8409617
9290908
7739168
9628985
7075788
1161113
3715364
4295594
5203373
9926930
8240011
1646292
4111134
5589609
1525386
8981217
8885972
3343323
8823800
257337
1781533
5603800
579980
7440746
8403809
8139717
8253969
8823399
6035296
9126153
5922473
6378517
9882855
4617971
2635733
1874496
2520370
6233413
5818944
6235657
9177366
6859073
9306726
8831117
9287860
457735
9464912
4131022
6589103
7775981
2149727
6081755
9888336
7552043
673918
943766
7365524
2855040
9459348
553493
981204
3322430
6445997
5106727
9403463
1698918
5664616
5025641
4138159
8105665
8112705
5346599
1408735
6590171
8107175
9828408
5244969
386834
5720262
678239
4254972
1376485
2115640
6045866
7390005
2809668
6146012
3943870
6296510
5464497
6315025
5359112
7705067
3977283
2766312
2154011
1756756
8572382
3525247
902579
1877391
6893029
4761011
5756677
2500114
7424618
130556
8867096
1064693
9853227
1490169
2465516
9199597
4846549
2036697
8495169
5738815
4331995
9302049
5674126
2006786
9117444
4647373
5365027
6430330
6142453
1127123
611923
8116857
987379
9007959
1128881
7709904
2486720
2438382
567968
7179366
152343
6469982
8832467
5382655
7743329
9562919
5548177
9528713
5477921
307892
6703767
6226511
4440542
313730
6315155
3323784
7568846
7984889
6538535
523832
6000813
1677700
829205
1056298
934674
9190724
956820
2208012
1326827
5001451
1049542
1674220
3155735
9091930
6989770
9189580
1871329
5555418
8438143
5596027
8988008
7246598
2295476
6704001
3417505
5936673
545201
8827476
4488602
7107083
6794888
6125423
4157828
8473451
2016842
3841004
1101281
5738952
5478316
1497302
8261832
9552152
8397246
4840205
3984338
6710717
6093705
6317613
3479156
2304757
5075139
5713825
6842590
7379463
2025291
8769681
2855438
5333639
2161253
9331170
8846570
9957604
2080778
3046494
7971675
4924369
3221191
7581240
1387946
3584448
4810526
9320733
2275656
6106795
7136161
2040169
2292967
5769819
5962708
295754
1133961
8123178
961614
8025042
6151277
8417586
1455823
2153704
6464794
1773994
9100905
2325351
6500700
1299889
6674301
4864828
8710915
9736757
5955285
9825029
2668881
417689
8319485
1926095
4715183
7028452
1776254
9811426
1120956
363018
1776373
9426104
6377641
1282455
5841298
2066117
6707882
9191911
2404311
5420475
4676622
8523478
8050004
6638800
5140929
4577877
9053777
1943608
7767753
2774319
4689128
5106876
7278715
6720408
5975198
4707945
8984339
5991891
7915574
469777
9478978
6181818
2535121
3133508
1712648
9824623
1494217
4446566
3676000
9504528
8390780
3853656
675427
4608328
2882331
4465426
8270696
6212900
8403100
5067315
4557186
1499729
4901027
9892170
1853837
7557665
3933764
4059596
6805378
8894745
8825482
9960921
9936987
1156431
4967078
2260543
2180926
7321496
9476495
7713656
1464032
5219458
599388
8796952
4330592
3068008
2625549
3902735
380345
883906
2255019
7563498
5652317
6482873
256769
7132610
2759181
4011421
333792
2618955
4164764
6744018
3129850
8945614
7316976
1065589
2469042
6353700
7067105
9035973
6926520
8810049
9822901
5478880
6078996
8689204
7971355
696899
9156605
7114015
4110452
2834745
746605
6272141
7871275
9683093
3755884
4905120
1747229
9334384
2317841
3139027
9641875
663547
8609485
3368746
4263814
9301309
6636819
3002497
9065923
4451658
1974443
8046156
6389358
2356024
4817400
7847223
7002041
3735134
4393792
440471
4070039
7154979
3343993
84492
113259
605116
375095
1901091
8896813
7381482
3168558
4403022
3325460
912806
903688
2140680
7092811
1822815
8000274
4153602
714725
3045867
3019292
5080733
1981297
1001749
2158405
2884063
9628845
3161856
406636
7244059
9691338
3959405
2359576
3564723
9213898
5403103
9163795
6863491
8248384
6731845
3771547
191733
5980211
2829405
3035761
167105
9877109
8723584
421026
5087134
4659992
994175
511153
1407259
8178071
3347305
1319913
6481326
5144112
9089082
1846088
8203945
5831779
3040922
8952053
9951653
9550211
7755497
4070516
542928
966504
3674527
1284569
3542057
1252052
8999917
254623
3241010
6732899
5027720
8128768
2741996
9739209
7712486
6087489
2928650
3568249
5748689
3342862
7603019
8793003
7681772
5858053
8501512
3501865
8199235
1767879
4149865
5044011
6155910
9484676
5694798
1889852
340225
1484453
8293520
4098088
340613
9708240
5918494
1269501
5060827
5655078
5604195
8988827
3997186
129508
7443302
7757540
7250982
9651176
8141707
3124604
6283343
8254732
4841925
9214536
9604191
7645798
360668
3031443
8077532
2765189
8660263
4273071
8156854
6480648
5378757
5698351
1810220
8906534
4708653
6931921
8014206
5118005
650032
9696814
3540351
9179432
3279542
5491058
7901221
872713
5359327
5128629
8603280
5071621
4679031
8597324
681470
5490355
3163618
1781148
4166810
5077451
356843
915419
8971781
5397650
2276419
2949724
3465885
9669219
5200495
7337570
1881345
16880
6007365
9206728
1843837
8263999
8626743
6687604
9535769
399788
3852383
3362672
8300618
5511078
9269381
4232172
9737798
6304815
3895876
9929734
333139
7492584
9098729
2422281
3773958
4055384
5409950
2070579
5163970
1486661
7999294
3609689
9172306
5351770
9401099
4352521
8633587
4441421
2233643
8843463
5431242
6383665
4702629
1876487
2173054
4265255
6851233
5969374
5867352
8730660
3288209
5103649
2979149
8289879
1137752
9863348
5954361
7622355
231595
6414466
1019227
5711557
2534367
3114847
1004939
65858
8087827
3958388
837487
5291059
8080073
5544659
8840729
8587656
157044
4591922
8097808
3611366
7010838
1103267
7761796
8035525
1451301
2001044
6352857
9019906
8721878
1265220
5831282
8760893
3863018
7754113
7814465
1740449
71238
5792306
1242469
6304589
302585
1386477
4743564
3207603
2465857
5262620
3716186
4920205
6431619
4611895
6574122
947077
1184092
8903468
9232078
7759610
2861840
5795012
8829600
3245206
8064506
3568722
2816094
6669411
7234702
8218921
2772233
9225008
8055840
4383120
2920539
9148952
8280901
5488755
8443172
7395780
684999
7528961
3281138
1768600
2662748
3116070
7003789
8421409
4420540
9789060
8206677
5694815
2244411
2342864
3090825
3593339
9948460
6085078
2748311
5875425
9999191
9334924
2003427
6472782
7531371
9640081
3502907
4014928
5329639
9903579
6667490
8889291
1574489
4733014
5957107
9759234
7325759
8949947
9190567
2269896
5225414
3633678
5414002
2143684
5205196
629467
5895708
8446879
5012440
9965960
748573
7914112
2224135
6998478
6095423
9470184
9679002
3500860
2322718
1706900
7647346
7670395
4240081
1444765
3979896
692687
409528
4016454
4990842
5461251
62295
8346199
6962030
7528973
6541354
5454042
6383052
2971197
558044
8421015
1330668
9215802
8906682
4689458
7322152
438517
6531326
7323611
8223555
6362761
9696689
4576355
7078486
6979957
9301646
7949757
2743918
5100799
3244311
2544647
9495789
4309930
8597276
9333768
5916503
9035877
2390767
986696
9714509
5774328
4735171
9966173
6441317
7201483
8204461
2118837
4338002
6856366
4625069
6902164
883418
5209440
3319711
6055396
8580718
8184525
6508018
3210168
9180781
7923321
9112666
2987658
5783890
2726531
2735742
6189173
5471973
1490616
9836526
9099230
7032532
7963465
3065457
424065
8470620
9393007
8282852
2430614
4162577
7538378
6655218
7126507
4063517
8013268
7314492
8634312
5470259
3634562
6934889
9262755
9332853
3732880
2633343
5310727
2176308
9292541
906860
5184026
196250
5229901
8436889
8466354
5796083
8191228
7604398
5302322
6704156
1602729
9899667
3167604
5373982
9795939
9879773
1999857
5183336
9755656
3044377
8523292
440669
1953938
4170111
5328074
9853937
6412832
488547
4946400
9481097
3839868
8877115
9858756
7610864
434802
1312753
8791544
8199530
5638546
136199
2148055
9619747
2700482
9428363
6047329
1637307
9422379
7917490
9266649
5872184
1581392
9117915
929640
701343
2627311
594391
8075988
7570741
1799824
1801058
3628296
5568524
9330019
8682776
8848550
1128083
6746644
3932573
9413465
2115025
1558162
1481336
2164880
9943355
8036230
2548713
8032681
252314
1994423
1742665
1744922
9473233
7113494
7603108
5182242
2262040
8292154
6861581
1180717
687726
3971460
4694050
4899150
7321402
8306819
7551031
8426435
9160993
3921671
6388624
4853767
4369622
6123002
3063363
4010593
4709455
8913556
4840272
4841944
4977757
176094
3409443
5000206
266544
2308827
8850644
4624741
4043286
8063696
4647414
6600547
7183520
2281104
2031869
7897398
1522468
9602512
519709
1675879
4296706
892131
3687391
2109323
8173365
1258395
7577863
8513636
6991983
5236744
3374323
3718320
3225567
377156
9457134
8781210
3491949
726111
8966500
7191775
9329738
2803771
5474171
817761
4703252
4532981
2306366
3410094
8043481
7616533
8099049
7741985
506396
8944252
5917952
867617
8627487
689594
264394
6789046
3998080
6247833
5585462
9450901
9394177
254053
4416582
5374333
3246470
3532834
9914880
5452646
7276967
3190371
672808
7532258
3113684
4789430
741040
7979973
3296003
9838636
3946731
293316
4846815
5966394
1836180
2625852
9605061
9073106
278897
7818333
4096113
7892840
8856993
2552005
9146560
4678679
2759607
2258602
8055487
7629884
7991120
2346322
9307142
1203346
9515786
5023066
7255164
5659915
6084766
7777028
5869190
3846207
1670015
8463106
5563431
259207
9406037
2375162
5108469
4261399
9799798
1060149
6546212
1668076
6825477
2756404
3860156
198908
1672994
6354939
270868
2055982
925033
9735360
3499930
7374890
879223
3342739
9545437
8880200
8040019
5889100
2078576
7325926
8698184
8967070
2620368
6626036
7147645
3886031
9294846
5564440
5656519
5198132
5032179
6885284
4186069
9104838
5432128
7527984
1549022
9090418
831528
6357746
3843156
5494398
5597559
9292447
9121910
3444620
8805082
156620
2432048
1874251
6778330
8996795
1598688
4304557
7677983
4214869
4843690
2420488
3980346
2407236
5058548
5371280
6763308
4472535
8361476
6102482
5798333
704814
8247223
1023505
5972611
3330149
2027845
5846162
9941944
927145
3670796
4362875
9184568
8785406
2516548
840815
7483544
772439
5083707
1896480
1395690
1362021
6501600
2138541
59276
3040242
7459920
8958588
5911981
3508170
8660121
4408083
9883275
6579834
3485424
6436901
8356811
9122520
8667224
1949294
1493443
6398773
6856767
5169265
3810769
2732455
7475844
8090863
6077311
3090636
4900049
3113581
8634408
5313649
3472099
2478136
3474716
4082172
805868
1417707
1538028
2880034
8108847
5749451
6769109
2175043
3611823
9458309
2139871
6086393
3493657
6101435
8479372
8326808
857838
5428056
1407818
4041099
5180212
2426008
4433012
9478864
8958183
8081119
1700082
261672
4503634
8666573
4954243
7152481
2794311
221152
1717883
6653039
8465505
98199
7223207
524229
6414409
4816963
3829559
1057623
6335362
5801776
7010368
4028379
1531402
8863022
8100227
6785070
8124588
6976001
8320407
7222527
6042403
8846016
5749071
5275864
2365848
2372644
8226858
3642331
2820161
935461
4383501
8772105
2844086
5014110
2794857
5856181
97338
9762686
8411568
3642321
61645
7753483
5733942
9441783
372214
3743114
3206029
567749
2342395
374259
8732744
6269987
3776379
8963944
9598619
1958640
5581988
8614650
9494225
9379640
1510808
7911015
6573353
2383021
4945591
3571757
5181205
3130508
340496
4263600
8153338
7387230
9848082
4607963
3547524
6263302
4284521
6372746
7792571
373548
1613010
2565708
8091575
8922164
7748899
7534408
3331296
3617952
1858618
3083326
1436530
1296095
4264398
8165451
7570567
1807194
6961149
746832
7097638
8668030
8632616
3360619
8829549
7695685
8742720
5712186
9836879
2577907
7129868
551850
9553204
5746377
4485074
9855994
5755545
610211
5865049
6765980
3537710
6295189
4019440
2727822
4569832
3494639
7425018
4473469
3796221
8297073
1364638
1641762
215014
2303191
999011
5663241
7969706
1758504
125818
8689089
8960831
3268744
9999374
9620536
4122284
1227103
7785206
877630
6843116
9283946
7606918
9148078
1279106
3291827
7140498
1049200
2185009
6285826
5016184
1798509
5270482
7076482
1049622
1521200
3798494
4050661
9083545
6741706
1618244
3933429
4078229
9224184
8289429
443190
8475787
9507915
560360
7961304
555583
6240049
4832640
5478041
6602874
1537678
5367791
7235904
8820183
8783727
2872891
6353763
3295903
2372707
7383405
5488422
944147
5676754
6990482
9121659
7801361
2047932
2901972
4303283
6670577
9685107
4473774
7829490
3046039
6924615
8422503
4168729
1144183
1690393
214170
5732726
3014149
5173609
9064020
6609825
6050670
1321586
9433522
7788356
3336624
5345921
4638540
797185
9160355
8506440
336449
4143747
48018
2471156
4332429
201254
9000302
8769331
3772736
1809089
8122265
1260332
814
5982037
9582189
9555350
7994639
7748944
7680918
9261237
8249193
9304683
4499881
6477671
6769014
5417928
4728098
4704723
675314
2977600
5655708
2923515
8411026
2772351
5559256
5533862
9756848
9409985
7099412
4595248
7944203
9388323
4387471
5223400
7676991
2849960
6801009
1718271
1954546
1119677
5261897
7549576
7918555
502609
9715998
9033910
8307368
4471067
89301
2167247
9247935
7740989
1390774
3153194
9102529
5537363
7373083
8196494
2227134
4211932
5617777
5280883
4193115
6911699
7118992
8652142
5885155
189348
8002897
2320926
6349956
8502219
5037605
3382244
5071030
2707548
1245170
5314773
1134052
2243062
2318569
4828091
9022990
1916001
7650286
5038967
6073757
1456258
5986528
8730771
51241
9424723
6699258
3028719
3719961
4278610
2670070
5229828
3390415
6893781
3185106
2588658
5714558
6981858
2617125
1300566
18308
5173681
8981635
3803914
5817787
999259
5480356
7217793
3341178
3246336
5295843
1280307
2188586
6531215
9404341
9178123
469749
6691867
4656771
937342
495680
4899583
662034
6311903
6623401
4349269
7244880
972320
4618832
5271678
9758595
3669272
9427649
4047130
7772356
8439744
2782007
9276404
2472836
4875200
3159881
3061409
4569586
8136467
4177647
3951305
5129996
3275655
9552437
2713688
9332146
7357589
989062
6342996
4716232
34045
9187873
9030378
4320086
7922388
226015
1611410
1381388
4451529
2864872
7427018
9715835
1592499
286024
50562
3930211
4618250
5836813
6759593
678663
2259409
57786
5480242
331462
1483468
9978048
7111860
1160455
2870955
1771395
316963
383729
5032102
898782
2958660
2019421
1205448
1375390
853064
9674663
8195392
9358835
9183280
3128309
1811440
8797232
3870635
7197746
5601787
2937429
5941492
4059748
3442601
2891105
7920379
2656160
1035682
846069
5714652
4419825
1923453
4188552
5323896
922735
1795555
3588093
3345350
2076697
2545319
4730934
4062544
1732935
6914838
7158980
6579127
9836830
9652446
6155565
2530023
3773569
8673698
8928407
3557318
2436068
9565141
6166465
5853085
174285
551382
8964869
1676382
6902026
1827675
3634078
6288201
5415874
8435005
7342928
4035177
8502589
6358741
8186235
9472268
1982136
9244714
9254615
6543046
3755238
1671949
8045566
6877941
9884480
8051881
2336941
2528435
215462
3637316
9342475
2654313
5431569
5074338
2724971
6526326
5190897
2959968
6315455
1092582
8173515
3501475
2727864
2700255
3905035
8758478
9947113
655978
4465329
7113971
9976537
565711
9119219
8422069
3474616
4171554
8551083
241243
2627
6662261
7674445
2854871
1589299
8810626
5779325
5325352
3769405
8620503
655676
5848021
9683112
5358199
9428486
899192
6576400
1208600
6527284
77863
3738818
2228228
2257450
5562410
4596838
7526245
7086888
3968108
9513218
2877205
2527506
7796540
7548623
4965483
7018366
9870011
7183850
8788068
1680687
8441272
7638702
4093344
5988712
1563835
4846815
6093138
7056506
1508368
4520615
7393264
7861656
8962223
5981406
7889573
6466086
9684051
3935511
5465441
9053462
2697627
7902780
3811205
4821511
476933
4842921
8886098
8323953
2321947
7251121
21684
9402019
7903161
9873330
5892609
3976626
3016601
3180087
9468901
4988247
8652298
5785818
301816
4720676
26529
4768743
3127475
3102037
4687260
1326042
7447426
4898858
4594022
602443
4903546
5634350
223825
7530773
3252364
5510115
8186784
9167398
7624209
5675386
8081062
7468952
7495804
6484937
181178
2397833
4373961
1633561
2380793
7641310
3910857
8720266
4172333
2263050
1925256
5101381
2611765
8971400
4096728
1565649
373890
1911649
5321111
7793079
472457
4044150
6326162
7225585
5457573
4372714
3123957
3975005
1689893
7386768
6781079
4037537
1231114
7988159
6463725
817617
4194845
754484
1894759
1251230
4170043
1594752
2976774
3339545
1516892
6149666
3243801
7104487
7583773
9814150
2552207
8658639
3036232
4136895
5764710
3090897
857136
7361250
3134768
7656141
5219512
5253650
8196177
2279830
8512363
1103930
3875172
9982398
6412261
8374181
7050460
6288270
3028496
9084224
2305059
8589901
7484048
2165449
6175505
8271441
8670744
5197966
5379096
717280
1226553
4930922
1654802
8089865
4128499
4862254
4420199
8414362
9586564
9686108
7345807
3237431
2833956
2788049
5107919
4476583
1571644
2897908
6678273
3938754
8605179
1954412
8462824
6599579
9217139
6275098
8798696
2690856
292516
9840261
5141044
656613
2752420
3227256
2227428
1933753
3964167
2116548
1989308
2511228
2037371
5750037
6823103
2783703
2406032
8023169
9022784
8390386
5939208
8389746
3685147
7799753
9179139
2579368
2022201
2626744
7528695
5138099
555656
9783475
2841993
1885108
4548648
1128921
9201119
3690429
7939704
8607705
6516283
9466218
5124351
5199879
5686500
6093689
2370857
3095669
1875044
3910871
7053270
9633009
7428392
9067439
945592
7445304
8546248
881684
8514826
8421055
3500528
5864525
3460903
4234066
6404342
1469479
4040499
129717
1770862
9934129
9985140
6989800
1532713
9067586
9333662
1686234
518941
1080578
6086393
7980929
5217566
1937420
9137035
6020728
3188887
4306516
8627726
5594242
6874657
5982776
973070
3346616
9749395
805432
4089854
6381129
9567973
9403365
462014
3084744
1322551
5788530
7443356
2342963
1759558
3757839
9943072
767750
4168291
2285136
9042136
6024838
635872
7627112
1133649
4781688
2255064
6958484
1058718
8012159
2616367
1141798
9298685
8184225
4670208
9152910
5349447
7714123
3322581
1979015
4277963
7517797
2311269
6152126
9833289
2177399
9399062
1740983
2446051
3002457
8115673
6395525
292453
4225308
5062691
3100394
6390672
2810632
3840074
3695219
7757090
3697511
4644907
7870736
9126539
8394828
1815520
1588609
3062397
9063479
5009177
8720172
1372865
800740
1285095
6470566
2799155
4493177
8359644
7283189
3817228
6596515
6023283
149963
7625556
4845703
5979051
2245885
6911293
3426761
9394895
3272627
6553451
3055991
6772874
897292
7028452
6190647
8816753
8013807
5075509
4244892
2918523
4314890
2974524
9470098
818579
5324007
7212212
9541301
1878541
3777822
1377526
6616568
2438815
5396672
1482682
1387230
7740578
4005503
8147297
4216834
1342202
4897175
2366999
3698144
2566549
4943454
1055069
7761301
6174466
872339
6014976
7134325
6075929
7897693
8036017
3325311
6506268
5022993
5832669
9692317
8988758
7807836
6108025
8491457
9878471
8834158
9651896
2213883
3473487
9206128
6379120
2197742
6674906
5374406
5361156
1375895
2136137
8021412
854212
9178231
3840389
7150502
7757704
8446378
4542651
3537583
1165540
1803273
3509623
285158
1817854
269718
6127804
1185607
5600661
3330061
8241820
1917946
1969697
2368153
4591004
4030310
7932029
1174920
6388948
6552551
6432109
7062096
4167018
4494788
3455083
3017442
3646438
3480348
2133612
4285776
8211589
1445591
9160436
4224297
4670938
6666286
7029337
3513571
4736906
5862698
9423476
1121443
8352443
8158264
788326
1559617
4911497
8310205
6156742
9784789
7647622
3528738
6590168
6622546
1213868
9900651
3993343
9413628
7644635
9111453
420501
636
3404612
9038909
3071626
3502121
9512135
4412227
5311252
727482
6984701
6658214
9934479
3286652
9408701
9739460
5808511
1492546
9483970
6755375
3050353
2902774
2812165
4103416
5199993
1548806
9469785
524282
1598298
5910904
1123419
9446186
4164312
7659180
9554145
8357475
6550660
299048
4657302
8300907
4588540
2418235
5772829
498091
723433
9679207
5176213
9707548
2449127
9051815
8757711
4734160
4813217
2163020
4400151
4804095
5585927
251811
5237704
1001157
8536283
6536791
3802867
6318562
7931420
3319343
3675008
7871156
126320
8828875
6509485
1471005
9147018
7482870
3317948
8668288
5480922
9794556
514587
7634429
9276397
8955312
5749698
4383685
7235602
7080971
6018659
8282988
9809404
8024973
562226
8707896
6816155
3496556
2165647
4669209
5840937
832872
2829292
5556431
2746446
9081011
137617
3048595
6351225
7644572
4647270
4044088
8957933
1639772
510297
4372115
8774381
9746428
4553530
526885
1600239
3971714
4738751
6735365
3752557
3553845
4680624
4628861
5390050
2025639
1418267
6042987
7163725
9996687
4601842
7340832
5208204
1253768
294928
5895516
9229614
4176401
4102647
9143997
4869996
3725110
9047779
3315476
6511575
812409
8088681
902014
2444807
3519248
1170242
8312227
3950556
6077677
3456769
5300354
8998985
4459714
6357129
6263305
3169197
5347787
2736782
815014
9358821
7254818
8274233
3761010
4457685
5178004
7087659
3125757
6334993
4092733
2996976
5722566
4021055
5042515
8631319
8967452
9518235
2300478
9821476
2002457
2350255
7652716
1870302
8841060
819740
3275984
7053075
4389978
1236021
2084441
5835619
4789739
3422304
1222466
1201533
7205770
3114987
6353079
9492905
4404329
7608726
3544817
2741922
2300080
2863827
5781143
8392580
9960328
1199553
1893401
4885728
587056
7933510
3421778
9382783
2774262
2979605
3363426
4919405
4420226
8868151
3967465
1565226
1020892
9407565
3636399
3048148
4892188
6774931
9898662
4301394
8737675
379898
5683652
6802647
6799412
6516788
5573867
5183522
9481884
7066978
6082549
180032
6673134
1030819
396602
573739
573076
112718
8248904
7300901
8643932
7690541
9160131
5619940
1166342
7248154
3486344
8352281
7274452
9827895
1652644
7538174
5134352
9482114
8688952
8838536
9555105
5042669
1756524
926474
3139354
1532800
2637181
5455471
9044396
