9490698
9832882
3498027
3216370
9208503
109845
3226012
32497
4877345
639640
2248384
9654007
1235057
37929
7661051
9166591
9236383
9703570
2873684
2809088
1709627
6807035
216701
8271247
5814900
3775402
432080
871731
4839704
1481472
5616377
322341
5669238
322248
7638273
2936833
9738614
7229259
4220844
4997062
2181066
7693835
5947096
3617194
5172603
1756931
3688404
4237361
8452378
2604099
7948661
9148019
1585450
6847174
2647209
6922404
2618084
9189991
4627608
6443730
6941882
4272512
2771420
6443223
9908805
9540054
7583707
9046230
6871248
6307820
6985894
4386984
4798793
1846213
8465898
5142398
1921181
8115897
770099
8276929
5799556
9488265
6824555
9162642
1427287
2549104
6370262
1687490
2848145
3784202
5469317
2358479
7229359
1067462
7279590
5909768
5094665
82752
2098193
2262207
1498170
6250184
4214987
7032007
1114963
4267648
6324332
9874114
9615731
442360
2349751
5299052
6165122
3018287
1321108
1258057
3603807
5274349
3971452
7886589
1752413
2101353
6265575
3096641
5557631
4680891
9726135
2392140
5560289
6231997
4327238
1667658
346584
3872904
2956985
1014252
6453213
8635155
4399765
7428817
7303281
4698289
2949247
1097924
5308168
6518840
3392869
8201535
1580221
1885644
5806305
9587685
2409693
1588109
4259650
4697470
5379724
1135826
561103
7179815
9942322
879689
9746061
8858914
5384688
4907124
1208222
9353873
5718098
2873679
1983036
19995
8771357
4019133
5046466
475632
7952813
1247206
7416936
8301978
1354254
4874220
5333158
2652384
5259967
6745894
8054191
2311885
9026845
9433689
2902134
489264
1138912
6851410
2685430
8961473
1000307
1533142
2126392
2325380
3120143
8312148
1472033
9151313
9122509
9565706
6818659
5303318
1605008
3719591
5269950
4798655
2658258
647793
3568986
2697030
4200663
307702
8402423
6337325
1100929
3569572
4043513
996579
6023198
6272640
8637856
9448666
7542879
4479758
3372922
7239922
8663192
2417420
2343586
4142121
2646954
1622100
6150781
1032461
8540131
2634835
6781808
2817088
380411
2192791
3599692
3733650
8437682
4243034
1280932
6088797
3965100
856013
9857823
8330434
9418709
9158075
7191316
6781242
7728225
8427156
527318
4590021
5401642
7057493
5780363
48362
5662318
5657095
4060030
9890314
3933172
1051319
6232625
5969433
4814952
5674189
338930
329191
588070
8922117
1451711
6238096
9822833
2901796
3926190
304959
4749545
9237539
7161330
7631065
2127839
9435180
4156785
3323636
1612696
2180296
8493660
2952521
7075194
9676134
6864799
9558765
5263806
5346493
988522
62753
1687317
5447793
7551510
5730933
1318243
6783841
6581008
2743290
5838491
6117980
2468657
1990390
8857481
7221735
2589539
1746605
9188157
9237947
2662726
844022
773794
242550
813140
9901045
5303626
5761577
6005192
378106
7540678
1633478
6907292
4820618
1244003
115396
6521678
9593559
9017128
9519928
1774719
2310008
1899965
1879892
3078739
3044856
242184
1603245
1708960
9074986
5686116
4815225
1828921
4102048
9071135
2381586
764172
2130545
3900408
5763192
1113994
903945
3201924
4506795
3828012
9003498
9757811
4160920
9152250
6159120
1868732
8229790
6393213
8439504
1396677
936185
5537251
7666924
8693047
1126455
5164607
1031015
2875878
6755900
1122505
2997189
9990609
878427
9559651
3345554
8022892
8723734
8317123
320195
343430
3107257
6293237
4201865
914432
2920197
3128456
3067927
5415580
8049859
5488806
6100078
7296595
1780243
4873915
8099637
3952126
7503843
4791207
3938116
9715766
3222885
5574708
3810951
8103805
5296198
9490428
1212434
9676878
9973545
7278533
5627200
5697273
5452847
5006196
3793925
4532773
9966747
2824913
1417606
8548031
3979979
9771152
1382329
7950402
9433035
5720411
4743434
9803082
9312874
3794395
6851925
9375369
6732943
6850587
6751350
7992617
9755507
6056900
8004379
7980426
8397475
7327679
5229070
5626509
1976250
2972521
9546890
8192760
6001075
1929736
5094580
351360
1894040
9435458
5634348
1618951
230373
7105427
5967333
3466556
6590228
1372183
6958477
672606
7947300
7161465
6846946
1137196
250193
5800339
5507057
7747588
5159087
5134461
7294891
2673026
7833606
6574679
4049793
690480
394194
3912535
4479156
3864912
6386323
8556704
9683732
7412371
4427418
9406804
3831924
9103510
3990698
8295611
334395
8939481
8322193
7098113
5694741
3512792
8790810
5863191
7235774
922923
8008335
9771093
5010200
9654951
359022
2981763
725802
2007094
8922992
9279741
4279658
1917639
551164
8911376
3240182
914408
4497470
1532090
6011846
8538089
1645972
9816252
2436637
152352
9275063
891262
9565167
4555395
5827757
4141165
7403863
8857976
5541201
1400763
4648767
7511005
7475429
9008572
9870620
2453020
809097
8550463
2405880
3898046
9806270
9089007
8273086
464193
1814586
178519
2937305
7876610
7914239
4500343
6618354
7148483
3004004
6154650
4630010
5935880
9397512
4944074
2972990
1297335
7417556
7088488
5829644
279878
18353
3139927
4221744
8631251
2800378
8994447
4174393
3071378
5660179
7116472
9010220
2939568
6110478
4606980
26870
4587957
6360969
8558555
4325579
6097318
4792206
6241038
3015717
7034247
8484676
4685115
2484954
9698684
4018297
8547085
5973170
5578704
4498348
7303156
900211
2893307
4793146
8917715
8959401
4741991
7180371
721224
9484501
2416270
8248862
6253665
1769013
7492615
5477855
5657036
1438625
4936304
9256643
6345464
2663826
8721918
7864448
6234182
1733221
429152
4514271
1110988
4059942
1874545
9065770
7592537
9149258
5193926
1551861
3200531
1027231
6225119
6826386
2864012
8558603
5132315
7456
2584476
8896391
5669443
2338943
2839550
2050681
4348684
344573
405859
2487816
9366743
1761215
314552
3808355
2975249
6416378
4788045
6512195
3413014
9773744
8888345
104434
4873772
729942
7983115
2230174
2983234
1224624
1353978
5537656
5083565
2573886
4588088
733444
41487
2025983
4005092
351845
6503842
9210033
1337285
7027858
90224
4343607
2967373
711970
2591179
2982464
4336925
5291979
825325
6119062
4872642
6426354
6264750
3040921
1184351
3056859
546456
1885930
4218073
8766202
5129935
3470038
4507871
5663069
518751
1428841
4647998
5196226
7895488
9279375
7786953
4858946
5223140
1063535
9171109
4073512
1516017
2536406
8876435
6454822
3633608
1315231
8742091
1809548
9656242
6612973
314973
5231085
5887652
800570
4008043
290649
5125087
9414222
2935631
215244
7325039
521283
5198311
7494199
3661098
6261988
9956484
6524598
1387195
4157173
9708501
6364282
435564
988277
7505989
8620864
1898428
5969183
9184461
3656023
8044173
2173299
2666581
9859290
8566444
6237370
2382154
4661570
1935485
7367011
7783679
9491480
8893399
895622
8350954
889003
7379341
6716681
9730537
805930
4845096
2177704
6364120
7703322
911888
2817003
2898123
7569120
6935561
9460155
8063050
8693013
6545337
1103841
7681517
2996969
6703251
6056518
1043140
953891
5024317
1753477
4271652
6004922
3932453
3386946
7502894
6739445
8309976
5508190
8897306
7647975
2387930
8812491
8694842
3339036
8806690
2626166
2092391
743772
1311724
6672564
7232018
1883851
3832429
7249704
2254387
6941473
2437622
1336240
6122571
2277952
1978481
1629219
9063449
2939976
2768112
5060432
845728
3661309
2870837
6861848
7785078
8989328
8948779
2135461
2308858
8493393
3162883
2087288
9060200
9074615
7196146
6593692
4767061
6965483
6714320
9702396
5318489
4817987
3083942
2130985
7690523
5185229
1308316
6063268
9865448
7024787
241965
9009909
9005079
9324841
8528749
4532325
6929951
5587097
5291050
9899944
9867156
833692
2323384
3241705
5418605
9232381
2441950
809281
281623
7166306
8004550
380870
2965737
9670082
5079985
3960304
3381044
9805550
7670650
5189364
258835
5943902
9525448
9651913
733559
7822893
4618976
4424224
3481605
6460264
2307242
2084803
217083
204250
8061590
7355042
977166
8656008
6642214
8915067
9284504
7326567
4363459
292347
4277220
9308337
4141154
7618232
9776049
7154930
3949190
1349231
1340426
5866875
9626322
4230544
9317467
9150031
5190578
3989530
2684220
5288499
434665
5537440
4994846
9229867
2574503
4680038
7838490
84777
3610765
2968991
9740581
8664307
4493729
7564230
7203518
9411549
8551480
3782211
6982378
5293566
6751980
8239686
203203
5015304
1497049
72861
548464
3532472
6762534
2357159
1375780
8905374
