6306439
9829117
4639527
8336842
7727781
9877449
3218355
9165059
9942424
2331008
8250913
6778518
1951421
3500719
8733320
8809729
4381289
3844122
8398927
1873165
4915493
6895685
3283343
325619
2869975
9315680
8306491
4692153
5606714
8598967
7202507
5000610
8554152
8216965
7512382
3891801
4432324
7305842
8960630
6149320
7434046
5938617
9549674
5393635
786628
8869929
8469798
6743397
2828953
9454143
8716559
7448916
8507082
4731509
263324
3093204
4460932
5466728
2655208
2722940
416133
1757609
1879261
9756330
1172045
6845169
5217461
8874727
6797316
3874291
7829248
1086130
486265
7334839
337913
2900596
9274554
8526441
9078267
7014364
159664
6723972
4650274
9566026
4367657
33244
7647
2385232
9052807
8162422
5705544
3376160
5749020
1423547
915996
508344
5216378
7414589
1983318
8232322
9289883
4048117
3536464
8002015
5936198
4874351
4002789
4162887
6836575
3090565
38415
5219449
5145956
495415
5606177
7671313
2591190
3172809
5103530
2749198
1456413
1864744
4267468
3987224
3108339
2781210
1871545
8161704
7584424
3062517
6255744
8072098
4093799
1450166
4554889
792129
7242687
9222578
8371064
1535664
5391918
8592503
4757460
5123867
1899373
4574458
2478414
3727201
5278618
891928
9466141
8322952
7064558
4799800
1838903
908885
6364763
9329159
5998837
3769233
8993322
2340196
3288918
697658
7698349
3789075
5941096
7062833
2061038
2700982
6533907
2541405
2758386
2005716
865490
1103445
2251023
1562997
3416366
2300758
6161268
4697041
3130347
1513465
7269089
5745638
9410881
9295537
509113
9433451
1220012
1327987
7483226
6179336
5307415
8350440
7011407
4349763
9157972
1450516
9281101
8157167
9428763
6369627
7200948
4997945
8041635
5981003
9277429
5216779
7817066
6406607
7157450
1815562
5289663
7202477
1978833
945158
5385823
5275560
1739753
3138807
7095105
6836483
1876156
3693123
7773879
1724332
8924328
7314034
1546511
8863210
9421021
2167262
4744305
564514
3557351
4488279
6370785
4556071
3242983
7912472
5070834
6765025
4428491
8938297
9636845
1422458
569158
5896716
8305150
1202817
5048783
4719623
4100267
2343585
7594028
4344749
458298
6004973
8935540
6022600
5880711
1830695
8941867
3516738
5111239
9182962
5672258
680147
1220186
7579400
5224266
529184
1869328
5807543
3248195
9529751
5849909
7063710
7546834
4892289
3916326
1120820
3384902
4378500
5266723
2533595
4695954
7451582
6992393
215814
3641407
2320158
4876387
2031901
141933
7426536
9171601
102960
3563498
4674975
6901507
2836378
7646005
2683479
1141347
7020896
6889934
8670289
9516446
8769505
7107336
569467
3607647
9613612
4354769
8659363
8199661
352363
1951714
8220079
3249260
288118
7898241
8880085
7459036
8325476
5811625
9746990
1682550
3158059
5838926
23684
4845438
6832832
5279035
4290014
3385970
9128126
9687024
1312281
4877826
7431318
5186194
854068
3426989
2685927
7456272
9763538
7691960
77479
4826695
8760667
7410817
5592147
5884227
519399
2787864
8052316
2710558
9380049
356006
5287006
3980482
5707507
6709646
1698372
6156158
8272297
7954992
182139
110314
9073989
3953734
4393251
4479294
5359875
2630727
6300398
9254635
552992
8819679
44536
9046253
180091
8274552
5239508
164750
8052984
4884743
4919934
9706164
8783522
1130127
9880545
1647867
1055716
1567220
5280109
6355881
4952293
2066352
2423571
1644934
2917018
5074045
6034476
378118
254462
8632788
8632739
1755504
8822505
5502577
1978667
7336260
9522830
6811460
4850678
4964893
3219300
3613468
2407996
3480848
542581
6495803
88868
5704711
8424780
8697055
2576944
8018405
4603207
3413801
5927175
1317013
7672181
3300771
4189191
7361527
1190182
5687477
5367571
7894853
7450691
2422069
4556427
5475552
4028230
998293
8840078
2349598
7362040
9748801
217736
500577
392786
4394207
5102900
248986
2724219
9053378
6729726
811329
341834
1995633
3576717
1953315
6552790
9503303
1821390
103990
397117
4609860
1079385
3245571
1213409
8980518
1899082
2000136
8712212
3510612
985802
9176322
5088286
7973433
6925273
7920558
5396150
4275847
3110420
7346398
7122144
6456426
9088990
9001886
3075107
3299783
7046947
6762212
2105754
9681288
8443444
7748475
5647036
2549673
1313962
955600
4771509
4098875
9489203
7218514
2059152
7671942
9766958
4899404
9829805
8319636
7117770
6069973
6771165
6666866
787078
7721530
4279956
1551078
2694467
988067
4254489
4825123
2955334
4495009
8603638
4210432
1904855
9226579
6083964
4161562
2523285
6313221
7282917
538213
1443521
6272237
2752410
3059186
2442379
5302294
1945911
8445412
4843841
2235687
5914165
2872519
1798762
7073926
5442575
3047359
6592290
7794263
8132349
7952067
8367840
6462115
3752876
4554750
8592206
9351559
3909883
3711576
2264503
2336150
4940979
5785363
8980824
9490751
992117
2522469
6130794
3755057
190834
6042102
1202131
7670578
32953
3425074
7100644
6467219
3550960
7557792
3619526
7766405
5840338
5116499
9016531
6964542
6753001
9681816
7386381
3199051
5269132
5401549
3791771
6491569
3279044
9028933
6912064
7746288
3041522
6792618
9334858
4031044
542300
821889
5584174
6501487
1063753
3245218
9359056
9160450
1253876
1899525
1075430
2495737
5557575
6934482
3910379
4837918
4795201
7870497
4016800
5431017
1514692
2447393
2015860
3526472
3807671
3859147
5411400
3919125
3875968
6355932
6009073
1249590
1162673
2660984
8912406
5380008
9577351
6141159
266638
4362239
8295692
7822333
3772847
3402164
2662041
2263014
2485949
4377638
7306334
5127758
5461962
2290043
8733531
2633977
3581011
3298177
6377058
4815007
3403791
1163271
2717039
8925539
3174573
1550830
8931044
8287563
3033100
7629405
4228216
1956811
9528877
9390507
6332759
5516397
3978928
4565228
7276909
2215565
9493759
3108530
8440074
8464568
8290877
833421
7291093
65112
8276501
5679839
3942628
5080872
707037
6213525
5293004
6560389
1438519
3969658
8559231
7930748
7879107
7568846
3628400
7862885
6154782
5077023
4177965
315919
8691288
4832030
3733658
3874307
69295
4838973
6541735
4858138
1374620
4107084
8614118
6406970
7618920
5011643
1322477
5359708
6019369
6606955
2917121
6868538
82201
7794322
5177655
670115
5803089
2004282
2066418
2029785
4095256
7435547
6673186
2997649
7580111
7988940
8843937
1154125
1107587
3704546
5813952
2603568
9712295
7817570
257852
5403433
5666721
8776016
6069638
7877196
1435519
3479813
6478368
6780823
3276538
6295314
4481016
7369571
8897802
1155634
6741854
5051359
7945619
1010813
1912090
3143181
8033459
1830581
1865420
2570469
2261109
1141788
9330238
6246445
3486461
8147943
176703
2419829
6636241
5667937
5666269
8314874
4151040
9967662
2895683
6218694
9246114
7271690
4016762
9616926
9102025
393630
423707
4907909
6919285
4894877
3675669
746628
7951191
1054461
2850281
4445161
7540556
5232002
7012023
1297534
9947253
696482
9362055
3027895
9119467
9867547
8220125
5387750
5545760
1360386
4534880
4974386
3519691
4600596
2453001
4913664
1735818
9584194
3190017
1317787
5236913
7302104
7228924
8995212
6753779
4324084
7229634
1474617
4887614
6636082
7961918
3456021
7021834
3201335
6651484
1374003
8356648
2919733
9207474
2132756
8338030
1157746
6175042
9533184
2255857
3281597
3229698
7904585
6865033
155102
7064777
1397347
3357153
5337685
1386031
6701208
6611800
527481
4134779
1298000
1994087
1334309
1497494
8971209
1906578
6629559
4247288
3460601
3104659
1677500
4541484
5358020
6220410
2106116
4541774
8939561
3476810
2271194
3572188
2630114
9748429
3960063
5384249
9294893
1388075
2893642
3276933
1441968
1536332
9136562
9300133
1217339
8705840
8592622
5465004
3752816
4292386
9447589
4553791
8250014
8610491
823023
3209106
9697914
2915828
1327029
9815698
398861
7794699
16315
4599608
1496662
4588538
5038439
8087435
2882771
3089624
5647727
8928553
6279603
9338814
7597261
6160179
3882117
2965809
7348100
420025
5946810
2624487
1355868
5400595
3134368
7464626
96352
1283221
5442331
712494
4870801
518370
6176143
9462394
4806152
8596977
7361539
5606636
1581139
1260779
6015963
8342320
4147558
8718985
4213023
8857138
8461773
2745477
2463192
7954393
651671
9087880
5385288
2469719
4127075
3646274
7724800
8015202
6350519
5778829
3100676
1876303
3437055
4586435
1317639
5886356
721367
7199578
3938019
2100635
