8754260
821224
6242401
6675184
1749424
5479697
698092
7236224
6037346
9423640
8769777
7937624
7326986
4264502
9439825
3650009
776922
5063955
3193674
9118122
9106520
7511561
9000386
9630647
7467259
744222
3636078
6843672
8764890
1518197
6721474
5178483
3293823
3404464
2064201
9807835
6001770
8444684
4851980
3242644
653947
8832728
5476165
7048112
767699
1823061
2134797
6104367
674315
3533587
3458328
2936678
4953265
2548688
1758437
2121653
3018341
3043582
6927769
1163324
5168762
4137237
3010285
5402740
6945789
7147398
8246628
1086711
8275959
4877280
1044765
1250922
4642465
910597
4250575
8632336
8718030
6523037
2907829
7366844
8177161
4716431
1466837
6719587
8366593
8772875
761279
8064001
8281437
8171113
1848075
2067544
8988802
5552184
5035447
9561461
9751079
1288687
1729264
9709075
5259977
9431531
1125365
4396248
9743293
1727329
9904717
5116642
3532786
337262
3861532
8222796
4898736
8050827
8221858
972691
7113013
7275304
1499111
6153599
1389752
2440313
1461336
9629811
74636
8200627
5236104
7783759
7714136
1775029
6427312
1541455
755599
2126678
2576070
2655909
9948535
5579560
792904
5712001
2717905
6943649
4238947
552171
259928
5738656
9757387
8668582
5250795
2588036
2612253
4793330
7043909
8083857
7581401
9401509
9473309
1385987
5967168
3625189
6543953
2471942
5562091
2088846
4831288
921521
2820595
6185686
2846772
1728176
2237954
6742335
1511203
6793417
9705120
7022242
8555543
6356708
1436662
5754216
3113256
4874804
4065088
7343388
9522761
3540353
3095982
330419
4763193
6922295
5825294
8467377
540919
9166903
4675752
5262716
6280805
1111290
3081964
3506220
2755057
4425415
7299293
2779980
9770192
8306139
3600664
279186
8046565
946907
5947014
4214193
1374772
4617735
5952090
8575386
8291622
8052468
4446287
3816890
8539900
7868681
7710055
2644690
7990909
2341638
855649
2505490
3213440
5881430
1402830
403359
8021584
4968665
4093704
7341401
4430046
580445
1846621
9883306
153916
727132
2594363
8603342
460638
8192266
7157451
9930074
1023321
2753379
9755352
5758823
9923800
8976066
3816155
3327845
855786
9505880
4109007
3382710
3859708
9064405
8660659
4811579
1306156
9754676
7660913
519602
4565854
1949491
7868422
9420241
8789337
7160170
9569151
7025788
870362
7343646
805904
9783161
3890789
959764
8424201
6985160
2806208
2139717
5941374
4383530
9527971
2397321
9032399
1013734
4610307
5261080
3754884
2522019
2103769
2173460
7006339
7737670
7516097
3403492
7771808
999590
3150859
7823674
326184
3932351
1473009
6983687
7225091
7291165
2015804
136553
4151426
8157836
5570102
5573498
1562678
2484301
3279825
5281145
7304060
4795783
2754718
6547577
6780390
2931067
5887975
6497694
9422180
2060798
6487037
1261111
3776152
1534283
2864133
2962631
7193604
9040250
9487282
9283285
8121814
4363058
3347648
1982169
3067008
4042997
6222
9727743
7452132
1133699
7119618
6172697
5628025
2621582
765485
792796
1442650
8227996
9641326
3265918
5151138
4726349
7144160
7840704
91016
5821298
5730499
1092216
5364123
695836
3407655
456547
3039788
2751823
1701364
4193603
79811
2801013
4969062
838963
976462
7980117
7286670
6736794
6949398
8344832
9835460
1114127
1236982
962667
8986438
7664822
2340704
5157909
1111536
4016235
1505693
518501
9739189
7575969
4364660
145721
545026
4388671
8386962
641139
3842582
3676422
9114650
7147645
353945
3769680
3378680
3400794
2767860
7288942
3297978
2827374
461693
4962999
3704783
6874930
2273759
6199086
9353083
2582286
727729
9086549
834905
6861675
8141090
8198571
3739441
8206249
539964
126525
9693371
4722697
8618431
2978127
7571530
9958002
8296410
2470700
4693263
6170248
8760795
2762365
6637139
1375898
4430194
5310
1824287
1930753
7037
4181013
2289716
4325040
4858080
1282121
6408196
8897481
6706265
1332306
5794524
8525866
2204311
1231499
1736197
5612706
6794422
7000871
8490803
861866
7951234
9606404
9936770
15943
1137473
8646948
1648121
4026737
6110530
6441598
967636
7461256
6047202
8346579
7563461
7615436
7207573
5588768
2566122
6269284
8151000
2853664
8039624
5781620
1847940
6671226
5695397
2977233
2551539
1178247
6252150
7320924
8975115
8642124
8191257
9520541
7316207
3101831
542334
5334166
4754291
6008409
7299671
7430355
2337554
5542849
1478589
8444773
426323
3431138
1802904
2132415
5329501
3501655
2357289
4575209
3188671
8773909
6774350
3397418
242193
7261767
8880183
1422638
5765175
6281200
8964197
9225838
7371192
3014580
8193149
6895488
1811286
149794
4785173
1168807
6023595
3008392
6030345
4616731
5609146
7093708
3703912
2299404
819610
408390
4343653
4018465
3619766
239134
1498128
7866273
847800
7933515
842488
767576
4990557
1837001
2478093
98197
7799398
3611900
6259708
275192
6973093
264582
7563407
5210278
872693
1286010
8712093
2047505
6613157
958734
2673942
4179967
4236038
1382633
9533112
8060099
1061218
3834252
7069933
6429923
1551108
3398300
3158206
7080438
9377042
4983269
7782581
8051739
7359900
9835510
2637161
762842
5830925
8005058
2592632
6998323
9812493
9732671
6672071
4121591
6310759
7123689
7253287
6903242
9747421
2867207
5852432
9814585
6868092
3742516
92871
4890901
8212359
4181891
5416471
8190815
4877877
815550
8566997
5464231
5800177
1081652
5019420
4684347
6865454
4444819
4036198
19028
6938848
904221
8040279
3595423
6613551
1527000
2224783
7820575
9056181
3371666
9399419
877962
4461586
9990593
3399584
3650998
730081
7119037
7632907
848168
4265679
6026883
4123883
2930113
3591273
2444633
5287193
8070499
2122326
5422319
3697599
2724049
6606370
768510
419834
3009175
9868872
4849931
4317825
2853546
7544471
9738924
7346391
2784257
1916734
8335987
6962760
4827751
3108987
1764385
4475054
3147041
5079243
9046249
254582
858759
14062
2582035
114137
395369
8826679
4976357
2216923
8781542
4178458
4109030
2413410
8284011
5173552
765308
6193632
5170129
2546789
1885954
1762532
2102563
201545
2861646
7700371
5251226
9222048
4838401
7127753
5620314
3916035
5547298
9316939
2866381
5511442
5260386
8271261
7478938
3627852
9398704
8042020
5993292
2349959
8321354
4899333
6387404
4349225
1949260
2956511
2643019
5486548
2575198
1877671
3228782
9719302
6330287
3906117
5996546
4854210
8068439
485556
5832896
9292736
2686645
8225742
6319925
1727139
2013556
7934551
7439645
2957833
9485398
6190154
530902
4153138
9989955
8325695
7931406
8391681
8519171
8525196
324308
7094779
4352561
4339573
1835465
9180105
3098542
1254426
7338787
5188907
123840
1839875
3030520
725748
758174
7312469
4633748
8691612
5033234
3255342
4268877
7185228
5957796
5354406
7587291
1867503
8256669
4812109
3067308
377587
6906043
2882994
7111516
1846760
108056
1192620
2375298
3988879
5884753
3574652
2071432
4944230
3214995
1742387
5023094
515830
3760290
596069
2205086
5963635
836671
5860156
5075754
8299235
8525778
8408779
1060711
5381942
8413755
5438407
2449343
4106829
8815605
1294841
9652292
8259650
6484240
846585
4181974
6406738
7115531
6809304
3581077
397760
5069952
5199405
6159029
402667
6654134
2307592
337634
4601009
1432838
1279151
5681973
144644
1151396
5036188
9025757
3937741
8720777
6233464
2588075
1633895
9906132
8078185
8637615
711284
6037377
8930138
3328883
1233242
4767978
611461
5717563
1300994
1909536
1988181
8735654
2056458
7696048
4165017
2083588
4757402
5851732
7098537
4318490
6474890
8199327
6650625
7483221
4456002
5388772
1566278
6048039
5877286
9296380
4404913
9941582
6135499
5549190
4993254
3687263
1114265
3287885
135774
7106996
8795925
3733299
5865420
8849979
5350379
3305370
9655176
6794415
2668452
4973528
8284387
2097322
4292274
1784015
8475016
1719674
5256799
438742
2976227
3252872
853289
1280014
5147242
6323989
7714278
3005385
998951
7444890
8052024
6983978
8857773
8929128
9548594
9485709
4753634
8917984
9129463
3519315
4676198
2822011
2574847
1754136
8747340
2882941
1118200
4867324
9704576
6445025
2170196
650706
6468621
1806740
6335610
921060
2282498
2870383
8006391
5942044
4215481
9217601
7035093
942825
6320846
5704768
5919533
6766309
3491114
6619385
7740125
9996896
1514380
1891933
4301076
9719243
9553444
1409850
7851584
8936046
1604662
9465320
