968722
2108695
8370092
8468349
3682541
4273209
3529285
3802957
6402452
733740
6235969
8913891
2445791
9106190
5570216
7084782
9801679
1928063
4527739
4750496
8557500
1081465
4052736
6889862
3577250
6550918
625575
1506884
4886661
7965191
7240259
5960983
3815775
4897171
5216584
7745420
765521
8344783
2689762
7959348
6110628
5298615
5010406
5912731
7952343
4572993
7651065
5477803
6211812
5277532
3180489
7170995
753421
1843184
6059910
1047650
6889719
4573723
4062068
7542858
2155677
4727554
5352584
1388835
3287076
80503
7148648
7962891
1642688
9383262
4498621
5164598
8777834
6009494
227632
8383617
5641328
5531948
8198052
8216858
3875111
937813
649946
2807525
4479629
7526974
9408032
4885143
1769479
8392717
7633896
4001578
7755915
2662263
1027874
8251631
8377859
2680708
2862435
5522676
2436412
7868356
1910477
7389348
2045438
9965322
4923160
9154841
6783780
5828283
7064206
444688
8691849
9977147
9993578
9695055
5338164
2500585
847976
1848163
1239552
8580561
8667730
384797
7674343
4740054
8498637
7835553
7942050
7490498
4317294
6036413
137743
4215130
2639699
9541544
7396850
6975326
8199330
6286825
6981803
2502168
916706
6719457
6722648
9876197
3468478
1142390
1018513
306016
880715
8828967
1045422
5965498
2011864
2292642
7922188
6260277
1604419
6878799
2538845
3400799
6861574
9502115
4435611
4111409
8577703
8803904
3343625
7909194
3241106
3654008
7378316
9148162
5076249
8452155
9187972
4567700
5423943
9563429
861593
3704265
1091185
3953546
1574877
4040161
8195634
2538355
4214221
4572065
8849877
2280204
8061805
7967919
7509621
1838691
4486891
7535407
1072638
4404843
193833
387140
863205
1274745
6454899
6425327
9613764
9290749
7047496
8579702
5591845
8359785
1428527
7126963
7723298
1409757
9210814
3512406
1010819
5895867
2611305
5454950
5658957
8286455
9039933
9267476
8141782
1595060
8362460
460308
5363146
3255408
9734628
9358282
1049286
566411
6864934
1553780
3472526
2308544
8587003
1162713
7206692
6361938
9947085
3111702
7800108
4798815
8206287
3149764
5883882
6828368
6170021
247775
1414325
2033423
8303128
7696652
2540896
6920812
4641727
4083129
8182657
5994846
3902420
461187
1628613
2414532
4892363
9242602
4368033
7309291
3395893
182147
2965999
7745893
3875682
6174082
8847818
5971916
698136
4370767
4410404
7799460
8264367
6514391
9774756
5960403
3599628
9940811
8757439
2952725
2201026
2956498
990320
9603096
3115560
3465924
3251013
7024094
911228
6826927
8487885
4672476
4007567
6300195
8213194
2430508
206239
265639
2810841
5519283
7112926
5949346
9935367
6782529
4192919
7291332
7071677
4443377
7420614
6582005
2489563
9879345
8484304
8091568
8058459
8404696
8959501
9759193
2832084
3915788
5815830
7434779
2808794
8461532
6114050
8250594
5158301
6275179
217968
3711649
969808
7170354
1136371
6043074
1621095
621074
9810344
8584758
7168171
9827201
5022290
6529446
2867539
7081335
4663482
9587238
267972
5085576
2767801
3511299
3619610
5977942
7489855
4056825
7247523
2671996
6039161
948336
3500345
5164692
898658
4542929
1814895
8025700
8224803
5776947
5080332
6060624
4672173
8515799
2467260
5584688
7734771
3070742
6468506
4025333
3742617
501928
9152737
397823
2393045
5194526
1026257
9103575
3317110
6555155
3539512
9639938
2259783
2188167
6982450
118143
9495728
4577192
6179652
1364484
5716981
3285362
2834254
4801375
5788324
1804889
9030438
8728380
3334414
110210
9843628
7101227
5446766
768313
5738018
2639486
3722056
2889153
9596345
8163418
2240227
2012862
6412211
3113970
8162024
3094877
7071786
7778388
8531128
501035
4822730
8515940
6392531
7792025
1196925
1465817
8888293
7249828
3187685
2948262
1070274
3185018
7305053
6729400
981225
70412
339264
9752785
30272
3057866
671358
571660
9982340
2242672
4266258
6089972
2625929
9474499
2400838
8819840
8662436
4467062
1274211
9113791
5017439
5677326
414144
5680132
3081850
9624555
4737663
5595906
8246850
3667095
9569715
9427218
607901
8475083
5158219
678196
673362
6224025
3814574
8721641
2179415
497377
8454770
5592477
4903291
4948062
609118
9197667
374530
2668130
854163
1754563
4221259
1835717
3829691
344359
4632935
6856935
36855
4239323
7544780
6161405
7687752
6705265
1192841
709130
9352034
2297923
9669656
3490834
2318139
3250059
3580661
5860242
8901043
7387701
2730475
661856
9584508
9560281
2572636
5209128
2773758
7099322
3155497
2570258
6334944
9869315
4813000
2603927
2750849
9618993
2476730
4883245
5181465
3548553
4986447
1189765
5206204
5396128
3438007
5552995
9012735
5076965
5515635
6069447
8613366
9206524
2083546
4875911
9943741
7455521
58294
6125584
6932595
4722641
9516161
7106882
9880555
9913642
4099145
8583206
7614990
731638
6424418
7530983
2772155
5933421
4464130
9888696
9792507
8042706
4527735
1760987
8653312
8408256
7367726
6868897
2102196
2136549
7941057
4137648
4683205
4193637
9841820
3655636
2354760
309727
6114446
1297163
5351155
6620105
2558357
2363042
9363595
3949851
3614897
1127072
5398276
8105238
3326939
5565270
3616010
1257966
2684175
7868686
9364549
188822
8416358
4694292
5976752
279593
4687392
8925081
4115637
5827650
1259457
2709709
8384035
1100235
1153989
6708981
174906
9837759
6217298
1027805
9477303
4498004
7370149
6372652
6270617
349643
8885019
931216
8487134
1714544
6666500
4094750
7847845
3504221
5206085
127004
4812137
5167696
8533449
1554099
6590323
3041727
4930417
172106
4411986
6021968
4029569
3780838
2540997
7534960
2740973
9891828
1076176
7204517
3143212
2017723
1779384
237078
2181729
8978596
8445254
4232348
7529913
295923
4988863
4039117
166064
820069
839994
2597598
4477041
3420649
7349146
4331811
5325825
553372
4460284
4439540
824764
7714360
6013351
432753
5851180
1625661
5254458
1030179
9513376
7304222
245215
3964500
2137180
2214613
4381269
6629886
6679177
1097950
6286115
4088178
6441083
1151753
4167699
18876
5266491
7819474
8039573
8471524
785988
2123128
257396
3119956
613127
4201089
8965064
6315076
3562451
4292014
4551246
515369
2948262
8552706
7382755
1852149
5515070
2358721
7697156
5987426
3482117
9421938
6906105
7119811
3636687
956604
8577699
6215070
2420099
4100452
4764728
9252328
1978862
1296310
5770518
222902
6779114
1962926
6518463
4876365
8525267
8054358
4850191
7531407
7249973
111973
8786220
5587642
6905061
2022029
5647913
7972097
2153175
154830
3377009
6823381
1812539
9789733
7546655
6376576
3109067
6167477
6608455
7922532
9110097
2596501
2365955
5190980
9052780
5933083
9803350
764087
4789976
4278191
2022971
4065087
4058919
4007805
7788162
549620
6297868
6050237
2078488
6124880
9660617
7353536
7704366
897618
8902569
5689004
3012504
8745701
9823537
2285198
9610616
5561944
7779294
285519
3129446
2765391
4504005
3126421
7567721
6691657
9903651
9380642
3317718
6982942
1372841
2236294
7203413
6490576
8697076
4559683
6331189
5602786
4966420
513384
7889160
8027214
8982279
3808688
1640020
6586195
6521333
4341577
5990250
471536
9032987
5179861
2380820
1084792
4867085
6029045
4669923
1714565
555573
4369308
6153240
7194960
8430670
4553416
1884017
3222517
4218346
9066864
7676600
7298409
8873737
8123878
3267480
7867549
6172430
3462539
6832866
5104417
6496731
1470995
6056667
2727019
4678775
4772325
3257276
7051588
9934892
7779216
9174195
227569
5558733
6807172
5441541
161660
2583224
3980597
5601767
904086
1015599
7320733
6921216
7685071
1845317
2108868
3179998
1304113
8886686
8001379
5174066
1647743
1625466
1639790
2851368
4680038
6068408
2102039
1053334
4386383
4214724
2611766
2052208
6544261
1663646
6936079
8102810
1972
7141748
8794328
6140993
3935082
6343436
3271590
5036564
5544813
3263891
5240212
8874974
9314814
1780494
5146165
8974372
7588730
3667423
8687377
5148071
5154448
5801412
3341347
3164438
4001937
9228048
7032233
8859652
2616870
5175858
2916660
4832861
1709956
2409418
2887664
3282270
8345398
6153440
7902542
1640554
4336056
7350192
7555445
3017255
8595766
2452148
6489265
62972
5977855
8539745
5810029
405449
9464905
3466940
2576031
4648786
7074775
3794278
1280541
6389887
1452019
6722289
7384077
8353186
8402230
1942804
6767023
720603
3881436
6900756
9872977
1798660
7334785
4590784
2645246
7335602
2273880
1164522
2849355
5135193
343673
8142505
6672842
9728139
5122224
1905582
8187114
362688
7522551
577924
2202867
1727431
2433928
7212630
1400711
5403166
6681043
1167326
5420075
260830
3483550
4252428
9029654
7327241
2559967
988735
5412726
7355979
7603594
5735800
5839149
640234
739631
4709090
2851880
700245
9617110
6409284
9906157
9255352
2130058
6051272
8580491
7222777
4248365
6996122
6020534
5918649
1362487
6787858
1036202
5503151
9040907
4481258
6403160
5145196
7512963
1207942
5399437
66895
3004589
8235850
1990328
2103097
4894302
8026790
4578769
5543203
9336029
8199315
5693378
4487784
4183359
3425652
2926688
7797374
7824446
9023046
3950059
4734905
3119663
9151921
3966119
2206625
9244632
6173770
6998440
8783752
2000577
9596853
7920985
4338783
4885557
9824482
7621381
6578765
4562124
8712941
5490414
1570253
3060962
4882060
3567965
7439375
4005549
1574238
441578
1519152
9918719
989245
2755180
3493477
1714846
1464245
5809657
1709985
5481799
7109768
9336709
8067124
8925313
1215113
9527411
8634378
1545816
3845842
2204425
9820501
2488258
3048754
3648491
7917711
4146742
6843394
5517245
5240144
3030228
9154605
7778154
6837887
2623784
7091818
368220
4855374
1719816
5131294
4954892
8742909
3786164
2390962
1468524
5546553
9317329
3225700
2675859
5311591
3575653
1953773
3776843
89389
783315
5910991
2995810
5179923
5530239
5260116
8162739
4843420
5706372
2120972
6470227
5266698
7010874
7088834
4093594
863640
2806029
1316996
4191679
3259906
9888634
4199829
1462048
313415
6528209
311235
4786400
3898383
1382204
8029791
455001
5211773
1301329
1012635
8793230
9872637
2952868
3453657
1025831
7719515
8028492
47407
1996987
1777285
7344536
9164009
6450510
3605076
1158547
6784009
3828485
9192807
5902432
3764167
3985303
816621
2684361
1677473
818604
4651316
5786433
2130234
2341768
2294503
5048620
9399142
636816
7234138
6895382
9141968
8041892
2202697
7714002
1557397
2434036
6437340
559661
3417673
9101591
2079404
1988180
4504077
5906984
1084535
3005920
1488277
388699
2992269
4851434
3661307
6305937
3568228
1454903
1383626
226677
9406610
4527180
3175118
7993455
7985705
8414126
6703471
2133946
7109245
6936214
3225197
2051180
9734749
2952882
4708942
1457310
7408710
7048383
4444128
2428028
1656286
377638
821733
5684940
9675143
9798878
6753945
9562773
4392312
5025143
6865177
5428751
3907619
5455433
2074068
5983863
5842406
7014469
8660775
6550632
8804425
9319510
6140554
3772207
6055064
2653984
6843533
1048202
7523045
2144206
3842200
2358693
5928603
9405437
1339814
2796389
3243807
5508126
7079641
2304018
4762150
2997558
5036155
2822148
7326133
7069220
2602141
8781768
3006507
7071805
6872643
3494804
7549823
2006513
1060419
4142635
7007610
7469577
5005020
4774947
5622563
3885739
1670012
6036837
4820652
4747229
8068887
2438993
8457158
4843861
6650346
5179423
7799915
3462826
2822221
9573031
3671163
9365299
9935163
353273
2680466
2409613
7867700
275279
9181358
5308485
1641569
4863877
8576058
1424850
5732332
2518762
3217434
1988608
7887417
4239870
5723691
1577110
7282546
1449374
7228596
351105
7608254
5207198
6725811
6572869
229246
2315335
3747378
3647435
2890747
6864299
3939866
1781838
935027
2538618
8097536
3191260
2960414
5176746
7300312
1603518
9628305
2314564
1326106
9006135
6263607
6279245
5433332
8988692
8947678
8191103
1415497
7180584
6345128
6397361
2037883
2242369
1144871
7067705
6867031
67154
4908875
3969745
2470168
1869003
3608891
8408669
2128754
4340033
4396729
4026912
5105448
4033880
7250341
2350642
7010467
721939
7359616
2676967
7001788
8731438
2076407
6246587
6341141
480712
5507178
6103391
1695210
6949219
4458111
629648
2542741
2495350
683058
9462683
8643388
6303896
6889289
4288180
7323132
924526
2711791
2493906
8053046
4638327
7549128
5564443
1413823
332685
4345439
766679
9431615
1791097
7979795
5953335
3714874
6332665
6726608
2353405
4263109
179071
4941467
2767570
9356379
8388345
1436495
4176564
6705937
3990194
9078826
4712275
9645803
4023592
7340536
8467288
7679727
2375510
4220929
6703627
6721504
4185113
5075890
238178
9098971
3972008
21352
412714
2392176
2418657
9801383
5996575
6839193
2456836
3241944
8415491
8078608
3844683
4431820
2635663
8586581
8290396
6432565
2419081
5435440
2383346
818049
6421764
208011
4120697
6451217
9366522
9544447
2851074
8455797
262822
3294760
7244862
5636088
9229302
6888603
9427542
8438724
5702237
8683180
9989600
9632512
3573521
3950488
5003641
4867183
603881
5950110
7815090
6332851
1896724
2369226
2005605
497493
3662538
7263819
8470696
8225651
8389985
896804
2836315
4543151
7384971
3378646
8204403
9646450
8102012
1888114
5963738
1211931
5984160
6688155
9001518
4309191
4468763
6121704
3560351
289800
8202124
1347333
7323844
1934496
4749098
8934740
1016047
5055361
651128
9068435
7138932
5749422
837819
4334230
1216720
5316653
1233635
4709632
7132660
4013752
3315501
3395625
9497433
7242809
7462976
8623582
1458755
6398127
9404786
57114
7186565
1629009
9075572
6963759
9236629
3701842
845413
8020293
8641834
9165828
3754784
4451752
6008496
2849907
8910866
9019632
7594981
2873921
8694641
576102
4917012
3313296
8443571
2410039
2310293
4513735
4961344
2284230
6136976
7178348
6179694
9558278
9995609
5318149
3249537
9563141
2006029
9384236
5823999
2819375
5213058
4873499
1307548
3696456
386274
6103250
4491340
2173507
1542953
7293816
4332997
6693137
9938463
4460517
5560034
5814172
2418173
7657115
9608890
2880683
9563024
2762268
1674397
886310
4425094
8508410
992047
2701840
271631
2503876
374589
1147644
2244781
9035008
8809508
1612621
1188234
5392126
2571421
368760
2702038
2180184
4104645
4221967
4759100
6292315
7959753
2238819
728491
1757234
7147094
8372057
2376415
2762300
641762
7508127
2510221
1849097
5712213
359509
1849457
5367699
5353786
1590851
8636309
316824
8452269
7362754
7392511
7923174
4598024
2088341
6884717
505101
7106306
2579610
1464543
5778970
3163455
270724
176739
2342197
177884
2268898
2456238
9991105
5473483
3747284
5398611
4412800
381513
1060917
5034128
6783221
9014108
6860489
788926
7156545
9736636
4803945
3538431
5212786
6292315
130511
6686080
9634249
1064612
8292237
7984060
8864314
4644917
5321616
7778195
1609533
4122295
654988
8499574
1397982
5049586
9239671
4424027
2893284
5566862
4382436
5092887
6594937
6642925
7187001
2492987
4977792
5184200
2652582
8246411
1937800
9333752
4422513
7300296
1261727
4880789
635807
8515298
2954086
1065676
4876930
6728734
6592978
7186723
3128277
8283923
2948480
3246127
6949097
8056635
734379
1535795
1198601
1264144
2303061
2077724
6406235
7236908
733587
400875
4570321
4708423
6466185
2498715
5399696
546480
3792346
4736362
3866248
9114408
9611636
6647354
7956874
2900314
2418088
579542
6669898
5287500
8469045
4833781
1864761
9586892
6901476
6325040
8168506
476910
1675798
1920820
2994249
6284907
7526536
3339055
964946
7562097
9105079
9545987
5938319
8892209
4768718
3595075
8174268
991230
6180450
7499129
4822413
1964472
2239093
3231692
8491426
9088991
1814231
7816998
4107493
1468996
1103610
2847953
7352967
8141182
3754495
8979255
5979475
2576344
3987897
7209520
3823299
1143922
8605761
1047935
3645381
1218568
663642
752584
5399875
6676837
72363
8778702
8012993
3233532
3015807
7118137
1286996
117880
7723837
4273319
2998168
5288426
4032329
3909379
4763254
6864163
2332759
2782519
393689
3175895
2818539
684812
6971030
2391486
5241687
2919246
8978451
6412953
9195198
5541540
8049483
5364785
8621819
9510066
785272
5538670
8457527
163338
7322126
411717
4816660
2825064
6340818
9681041
9400128
5037762
7992077
3128454
1672984
9387120
4437111
136808
4080722
8742723
2625728
7179651
4064070
6761107
3134771
6481484
5546475
2221154
6150750
8950491
5332948
3878649
4337785
5394979
6234147
2101591
606984
545496
7590130
1275745
6740122
1732330
4434126
1392609
1481943
5361890
8809311
209404
3386920
3666038
5551399
1437237
3105766
8175465
8934414
4453605
5307480
2096714
7814833
2623257
8239996
3305988
2417752
3639900
8079404
8788047
576216
5872356
8623594
2542746
4613891
8559945
6935787
4146313
7462433
8272302
1638525
9688216
9033750
993296
9206512
7939593
1908046
6063441
3929298
5327150
519680
1320688
8691856
3222169
3677146
6458344
6569084
1312576
6846199
9192170
2674766
7150668
7347415
746151
6802840
2769861
4524718
3708081
9100131
8570675
1972747
634348
8076441
5857490
5975170
3754288
9310262
7650870
3834269
4632994
3902241
238764
1674572
5603085
4474947
2646649
2208315
6760690
3472433
8638107
7613531
5322447
7393792
7686900
7892959
310594
682078
8982142
969203
6792988
728874
8945839
4024872
6194212
1245814
7225880
8918058
168091
5497666
8074113
9526327
3341909
3760743
5003921
2016403
9183959
4872098
551008
1591653
282071
7832722
5463974
2153955
1293157
4139371
2554271
426010
6394996
4874302
8067193
3358127
6200445
1994176
9025543
8507588
6708605
8211962
2002252
9514624
323374
8748689
4199725
8084327
6358960
7042393
2813573
5923284
4496268
5675627
9809566
8835906
3927990
9533535
8091742
3978038
2055724
803597
9239326
537413
8680603
4953
7043797
6074729
7387949
2337031
5050116
4400698
4329360
2298410
1601351
8104987
3112593
7536350
5019346
6366949
3756789
2154002
9498107
3199720
1337592
4494616
9072166
7880189
8339000
4060663
9977245
4430734
3710082
1237401
6024159
1672645
3889170
9939171
3023372
6642992
8854035
4129383
4685938
1151199
6549784
205106
8559980
9909387
405089
6551264
4191693
8114688
4933667
6980593
5166324
1869278
4416721
2481217
9203395
5415918
3389284
2510015
5123231
49843
1514142
4286901
1548835
4791271
326869
3815355
4706819
8151893
1193351
7242155
2120176
8267278
9039070
3601328
1907121
6087596
1058662
6660785
1164640
2320482
180137
9730358
2348121
6883652
2264302
860237
6216139
250533
968287
3641411
3480252
8149759
1654833
5757441
8330355
6725588
2151731
3367952
7724271
9323921
6130308
2796785
7445184
7139213
1628428
1696060
4644552
3260112
4716245
8340734
5930701
3163479
5362416
7381331
5596995
7027268
847270
9577705
8008279
4825690
9967336
885315
2741301
301980
2984284
8672352
9774897
8134606
309371
7609547
3333686
9366824
327045
8739053
6320508
7038348
7210567
6664494
648368
5886830
4473115
2807369
9481888
7744011
6538022
8507433
9342316
6377034
3387613
483247
7152273
6708008
1514685
901004
2006489
8208323
6275953
9017284
1054423
8407026
6836833
7148801
7744293
9438674
9275483
3729964
2872602
681644
5419613
4135294
3963285
5179919
5321292
357554
7089474
2811530
708312
2403656
4343049
2091486
772232
3921173
3731088
4831711
474142
8139670
3318110
6088854
5806835
1358345
9275174
9215245
7779139
9519355
2012095
6506894
9285392
8778431
7404603
5304837
8632423
9434183
7532416
2100853
9217935
9448380
6960354
3370118
9230782
6050615
7269828
1839818
716660
9450350
3880204
3335621
9098303
359576
8072603
1010876
4878693
6978790
8531637
9607699
1028661
1337023
5614116
78074
4700117
2589087
5164359
1633589
61320
5769429
3490536
4046029
2184661
7300110
310421
3759319
7061071
6866962
7546141
391596
6984321
7886198
6478832
3154571
343477
5189675
6431491
6265187
7931385
6882496
6781715
439141
3078056
5789951
5608287
2992368
2427301
5485820
4826973
7442693
3439518
1084626
1331067
7760718
2771019
923226
2559892
4761915
7891674
621359
2487487
5534443
7072989
377099
9860464
8639206
7514595
3944605
551951
3084166
310147
6642101
3474283
2584502
894326
3984102
295538
3016376
3895291
4922214
2781864
6595033
4237211
3960194
1873616
115564
5676917
1290976
1839790
8002427
8036107
8847620
6795528
4979610
5465398
2819463
6082269
2337192
415330
1530678
6362918
2876354
1697501
6405207
1046709
6303620
6733790
1910521
5753008
2737519
7079241
8781468
5247216
5225846
9738064
3429296
7649623
837393
7111075
1976638
5420586
7088632
5191320
5576589
4122925
5672767
3034031
9662251
3801658
1038071
9563787
546837
7616220
1199159
2276282
3705697
8012252
6696985
7338503
9869285
7361854
8724616
1501600
7844507
2646714
8808029
160408
9911065
987125
2154003
4485248
7609027
1257543
3194926
3901705
415315
4404516
2239709
5623350
5273927
8518196
9958105
4173462
1433739
9012705
8724153
998729
1953161
3832300
1745099
4755081
1535045
27558
6897230
7821420
5238739
9630988
8500615
1547889
3789302
8536675
5842326
3567992
888325
5984194
4542403
4608243
6420030
587077
6514946
9166014
7285600
9441454
2798697
1956020
4736959
7227023
4801466
7659103
5065223
2187008
9767
2576227
7870079
7537906
9063655
611521
3262737
6796079
8322826
7936568
6715844
1789649
8882053
3325285
78966
438019
6941829
2493966
9466180
4968746
8860413
3305081
8402918
1462008
6983277
9934974
3377629
2004926
651959
3928297
3878389
4255614
59195
2020217
7101388
9176719
8092328
4509625
4459866
5233949
7081437
7528566
8477255
848131
2204144
2165946
108724
4521614
6837277
7542898
6432922
1955306
8113236
2783044
3096261
674019
1831845
6708967
6129551
678222
9062291
6198697
297593
5574123
4588660
6878334
2953507
929708
6264080
3619152
4201816
3149421
5484621
1958188
902037
5285563
9933069
2169719
936563
6856592
5842512
4644613
3943997
5504679
7375824
9713841
2303615
5271738
3488245
8668560
5291223
5806755
6263061
234034
1830644
1148711
2153025
9267610
798635
257378
6694897
2103765
7067058
280551
8476023
7825389
379309
9999098
6279761
7574459
8986087
1765565
7776030
5632556
754748
1223794
3590071
9588798
5188937
7632889
8565000
9319709
3772797
5556974
8882955
5227045
5402387
9720428
1444915
1467241
6504776
9331673
7979137
4016060
7818411
7456540
6375200
9710130
9323026
1088042
519335
2059026
8344329
6351872
9402438
9305823
6781767
8532542
6919953
131634
5901685
9575505
1851811
4179857
9119605
3352659
6065803
837367
5722946
1700205
158176
4773686
7224471
7148794
7484925
7110280
5219236
1834528
515132
7814232
209773
4890872
3842021
2750114
1749081
2978519
3755161
6905056
2894609
148616
1381560
9654809
3416315
2195125
2832702
4507606
8214053
1423835
4799797
9608217
2793220
3577877
1518277
5218061
6788171
6291325
4920319
6713786
8015735
7279785
347411
3137835
1646475
3303880
9368479
4806130
5910708
688156
2490960
6154264
9166533
637426
9325331
978951
4641359
7961524
7858088
9405023
6830442
3071756
7589325
814148
5139832
6135128
328312
3097525
2664125
278498
4444803
3299200
9829404
7087288
3553857
1818308
6876070
2390356
2312975
3741512
1657689
1173260
8899507
9265138
4018398
2493697
4266452
8125452
8634302
4960847
6033067
4447948
1522761
3633721
8380339
8235500
7668829
6422736
1779174
6575395
5678892
7821306
122490
8272154
5273621
1946514
1711446
5271586
3524027
5500582
5117664
3022018
6681849
9206509
4826601
7796082
3601740
3661649
7024265
5273298
4268748
938606
1661383
2711891
8730718
2297349
8188983
9604216
5822337
7749086
9106858
3943852
9393858
2643515
3544851
9913485
9757774
8231424
455980
4729828
9151844
2466889
95347
5617262
2757317
3492598
5848625
5483520
4063484
1336105
6643695
4069232
5016430
4030737
479628
7420600
1853967
2664857
5981097
9695581
2339725
7752707
4862466
8943937
8238391
950235
4051473
8452688
8351195
6373698
5626291
3205739
6997143
4614691
1527954
9556619
962024
6613116
7274486
1009139
6430987
3243814
1342165
8357874
5632502
2090806
1987782
5302791
5127605
1655906
9908418
9494151
9560623
5608908
4869192
5592796
6855343
4714316
6397621
3817257
7966225
1351037
4552780
6161058
4304450
2953314
8911034
2730984
3299178
5513343
1630358
2835616
3819083
4163070
7458061
4519589
7504969
7525947
2962138
7488519
1255861
8597925
9143178
6880784
4813345
3704511
5971763
7921573
8977035
5945273
592675
1825620
4744668
5099035
5426175
9042323
3518769
1553268
6706263
6742579
6837189
892497
7863580
4499146
8949100
7603387
2661465
7205704
6078776
1528418
7291696
9106867
8787478
9657170
1189884
1079666
6070083
8341965
225086
964000
9077695
601011
7025863
6013822
251145
1932817
2731022
6933004
9752314
3880217
3964294
9016279
4704351
4286858
7420791
5468818
30946
3570889
6036615
3743316
9532831
9722859
532654
6047732
8815242
1999116
9939278
265609
2716813
3903508
4465023
1775445
1785194
3124554
8027971
1768552
3075622
7798522
9567611
1489816
9522336
3743559
2934249
3582625
766020
5228429
7838874
2806956
9067843
189816
2746670
1417040
7401437
7742848
7537912
1476974
4911899
3574508
538999
5200257
7688525
9902168
5065664
9872826
6271110
6669828
2135837
8218108
9781317
9504271
6866918
1909179
4559341
9153025
2379330
7267437
639758
22308
9343155
4629507
9242533
8099
9918624
4978186
5888717
3666321
9151542
313456
9403028
6090543
4393484
6015438
1562658
7724260
977967
9259507
2431236
192632
8236264
2411673
5889998
7986159
3937120
868608
7653606
3081849
8104700
8699165
4225622
3130159
4743315
4871261
3283296
1574235
9639632
1053641
1317644
8555369
7988402
4357883
4815930
3545645
4414483
1530645
4374079
9938942
8974945
6473086
1210531
9317478
8247510
5101058
9973172
2507102
1598816
8153056
5159755
986491
8581550
7339336
3265181
6511062
4502893
6622767
9415487
9021063
3348472
6924004
5294516
6864562
5570038
9600395
1192602
1390088
3736444
6211341
498314
1407394
4661787
3958280
7192915
6104365
4997190
4742544
10769
3972955
1718773
123198
9552199
7489972
8403131
617999
9421303
6774624
9626860
9326403
3693888
6890019
9826382
2150599
3059444
861144
6903977
3256806
8469613
2404985
9680182
679304
5886138
662406
257100
2291014
1101355
3719047
5990690
5622980
9532929
1170323
488491
6517307
5516311
9542404
1636274
7441262
886279
8469696
9443476
6646203
2280353
907391
4923440
5089919
5277548
7537427
7745439
5913468
9856042
2615974
1067932
6534742
5346134
1554934
3897300
8219394
4321442
3161410
5486184
950190
7724526
8238698
4476153
603417
8009942
3316699
535253
4831675
756865
3467714
340386
3981250
5562220
3925114
5342529
6877666
1935560
7598042
9086824
8388618
1873408
702266
7798831
1911573
2136017
9262727
359838
6901367
6132376
8163469
8746362
727875
993939
5862016
1092513
8106698
918226
496018
1872839
4203082
627965
6919882
1528783
908685
71575
5124603
3109049
499411
9645051
9549843
1697265
7614179
4652432
8836164
6703244
7294730
1255549
7442167
9632740
8761378
3853336
9653675
3001314
270639
6030953
3132717
2974422
4208723
2840347
2514073
125793
6907585
8452580
5926234
5779594
2899500
8127383
5922705
1775322
4688266
341271
2801754
4023176
9802390
6194356
3119589
4786299
2816149
7730047
4966955
6924190
1137809
8786841
1673769
2722336
9177305
5565383
7963928
9617981
5126702
7439837
9925993
4740955
8406988
3061288
424515
2570525
1085409
548681
6832781
8026843
6073877
3877812
4962688
2282394
4869139
3472908
5733658
4868218
9627490
5554286
578363
9644512
5662255
1944436
723297
1949568
7254799
9930073
3518613
2541809
4382497
5844183
8987896
6583824
3398802
8878130
4601348
2510927
5749346
7727032
9200806
3122201
5485936
2356724
2289184
9734736
9534139
6062907
9646722
2869101
5855478
393440
3957246
155818
2289335
7921572
5970536
6894668
2512778
2575496
4838105
4543704
2874655
2401817
8815488
5792296
1557460
1853578
7482794
4830685
6630032
8108973
1813441
2364671
4776535
6536359
415671
9436661
3326097
4882489
4314294
3498516
3609790
2835480
6158283
8616167
4039300
9232065
6862474
5238222
9643811
475205
4985526
6051858
8839576
4184985
4149672
7727208
4335064
2111855
3655014
9241518
8592502
6706319
742304
4531660
4255715
5566758
6722534
891988
7274310
3017401
9624887
6703115
6219493
2542697
453846
4244202
4516475
333884
9940921
2167162
6868193
1294093
4022123
8704743
701775
1931949
44839
5778074
5860745
959931
4153252
3198443
4436631
3367404
4640606
5852285
9046627
4090061
6518208
3449489
7915715
2970347
6740178
8180781
524072
6366156
6756460
2856409
8521826
8660513
1201519
7384693
3872217
9025219
7002959
1470970
7061193
5726672
4595595
1390878
7008507
2336328
659323
4147996
7167850
4154184
8316135
6710037
5269281
6208589
2542774
7191872
8511290
4703848
7130893
3500884
8848618
100202
3263480
1049725
4281815
965879
4057926
2415530
7378101
7914544
8460733
1256516
6143265
3687010
9930132
9202589
4181951
8537744
8438002
6016309
3411487
1802445
7486040
3401360
1597939
8857203
978930
1229880
9482448
2672699
4991535
6230235
8654140
8915072
5631362
7824239
9354053
5621454
5992830
1248622
5844642
2897722
2737275
6241956
9600782
5999708
7257361
613764
2316703
1159218
2759339
2651780
5923434
4779150
1238193
1856911
4793020
3185561
2421576
2130113
3853753
9515636
6175821
6167432
8910672
388066
3573047
5237913
3704392
435605
2360048
2238216
4540176
3842548
1334902
6907933
9062620
909266
729686
12186
3506295
6941902
5423548
4217153
8475146
3973424
4707841
425727
5243580
4393558
864122
5530527
6012506
8201970
4066691
338705
2328806
1788329
3224058
1274174
6453387
2646972
2802894
3998054
5947102
7658875
7486542
4218362
8789343
5627181
417114
7698844
538082
2100713
2855276
298429
1394859
8678384
5231822
713633
3814353
1948762
3225295
5328058
3805264
3956595
7511788
5601606
3026773
6589635
5493657
1314156
4415781
3209882
3564551
1011419
2033761
584021
5768022
2291812
4240840
7742872
6096890
7052376
9232502
4007511
5023129
2674534
5627292
8399755
8096370
4614283
2563312
3193008
3972884
7193012
9023094
8775981
2208263
7115843
1980210
8918442
4514594
1232013
4721978
8919552
3780171
4184168
7701161
5065511
5734935
9799473
4924696
4496842
494232
2396499
7729143
6856612
3388583
454376
7224964
1215837
9935105
8028073
2468347
8540794
2616171
1047877
2676043
1061937
1899300
2264188
2008239
6264715
6667446
5643152
3808032
955969
6749015
850186
9601441
1836726
7729423
1079512
6745428
2129891
596153
3611406
542028
6313756
5596018
8012342
9302481
1163240
961437
6269813
6232476
2519511
8327484
3575232
2707268
6334118
2786481
4539770
1243183
2933780
5768981
8751068
5397724
9374206
9981937
2884472
8483550
6780418
3679633
9208504
3731617
1337260
6465964
8174562
7357189
4471352
9230317
8371610
4244373
3580416
9487954
5338794
3288619
4443247
4625899
3983387
8683245
876965
6817230
8022489
6096443
6208612
9939642
7612474
9327528
9265262
8551193
3114039
5990673
2142478
9492064
6869766
7326792
6789173
142249
703043
4052655
4776971
4878731
5295473
1997716
3072974
6493833
3368641
1070339
6521109
5401384
272560
698520
6546513
3181351
5541566
8350214
5807510
586179
4685882
4766119
1811933
3414747
8227101
316879
8225884
7414030
2319741
652469
1675465
4216703
4921675
8967154
4436870
6427662
7355065
470484
7610805
6862249
7987932
5565349
2426196
8680126
7568151
308235
1034361
9800257
2789710
2009830
4707326
2116931
733398
4775624
2927852
4911997
5620840
6488227
2012967
4913323
424492
2316176
2848361
1360822
4033490
4578546
8253648
2613456
1401720
5693894
6560071
1806243
9884824
1384763
8663060
9311120
8330061
2330763
460822
5094811
4985301
2206911
5065954
9439220
5184444
3353616
5964199
3920785
3746725
2950433
6611166
3476807
1605500
4569575
3809699
8353928
9789666
566517
9187441
2306680
2023995
3856396
5575841
8975816
8935759
8547095
6210080
5222126
4972382
448265
7922719
2126263
3156476
3852927
3661919
737753
1028649
3457322
6569799
5841681
7966272
2618559
7783122
6939236
1293298
1606236
6529346
6972068
3169617
9484446
5770027
9521936
6957386
8115928
2915440
5352345
5255069
4357789
4664812
8326078
832363
1484459
8330990
7597657
8123388
9461417
219166
7520242
1912276
6883127
4596864
9934361
8108642
6655037
6538635
7585047
879461
7411645
1552358
8899792
39987
6742601
5299181
5132974
3668248
5070721
4796994
4605577
6715109
9026320
2780771
4215301
1630761
8584811
6229527
1999048
5596151
5350219
1981618
7069973
4306666
3392413
1766660
6720662
4048765
9944167
1957447
428690
2398415
8911371
2809337
7183020
7150733
9874078
2956987
2204104
6128125
1140806
5069399
5500419
1967941
4005828
478162
7815241
3285102
4991680
6287363
6838866
7238916
2096691
7974705
2313459
6505092
2326171
1175685
8295157
5898799
7124191
8616722
8264640
8512256
193356
8297148
2966505
265384
774160
6871505
9334730
9977453
6706980
427031
4647811
151023
7889705
9294415
9749362
5558437
6871473
1454764
3189344
4436043
1709337
3913646
2131748
508798
6929315
9590207
5128786
3685239
6418248
1105086
9831312
4462684
2463868
7141130
8207978
4765187
3089275
537647
5058130
2911573
1443029
7257136
9349755
5697437
2565685
2466218
4802701
4942997
2769932
6059357
2430594
1509922
8331687
1356151
4103284
2703499
5573507
352612
6200029
8948770
6891159
5581022
3598697
4903298
5343681
4400410
518438
3309340
3105843
5523297
1239729
4819024
9966369
7018299
6642025
9138418
7836071
4268190
4760550
8213740
6782555
1157148
2319867
9575367
3405873
642721
4782280
8058878
7281713
2141505
4017120
4619314
1270736
1802327
4409948
2720446
3460297
6298127
675753
6682068
7711818
4108888
7499741
9459319
5778440
5348610
3100230
8054185
1537866
9752585
2590352
371524
3990673
7675813
3056780
9429261
6037471
3163815
5979902
1718600
2444876
9371294
79295
9098933
8562631
6777225
7429898
6495676
3730101
8653382
2984621
2564801
3384551
2352671
4043662
8597899
2316630
9117410
2510944
6995719
9452403
1380139
9518744
3650779
8069334
2810632
6976953
1262141
9253909
8897541
6905257
6608690
2409104
9244096
6887247
5139668
9033226
4913124
5923660
9592051
5857902
7802577
2285623
90095
1356569
1270330
8242307
1395445
7165958
8409029
5120742
4748501
3598792
992704
827227
8968286
5364690
7571587
8335062
9845824
8091961
5751009
1861552
3609211
2699512
61572
5506585
9131999
2678625
9218818
6396348
7597368
2514641
5453360
164942
1557899
9505782
8793583
1107678
8492138
8054948
4624603
1718452
162531
9061044
9660227
1007936
3080753
8874798
7585899
579542
2796470
9429749
5395526
6856317
7406491
3636582
9191868
3447653
9165445
2551031
1747047
4705051
8778456
8975548
953262
9208448
5302524
7372473
9652362
933721
4939695
7746766
7265212
6502334
2099032
7661238
2240661
126036
3714345
101048
9462844
2300463
6033246
9095700
10825
1172931
3364536
5682562
9913184
2391859
6617283
2885362
9085292
8005832
1381013
4812401
5930939
9544861
4301913
9230591
6645066
2555519
35780
1889615
9083662
1703286
6565500
6520169
6344647
7229834
8299263
8513313
4963196
6810671
3570595
5651469
1889194
1597733
8516865
5954155
2735412
7442611
6485244
5682269
3286062
111883
9864036
8532097
9304586
8718203
3860017
5272288
6405901
1759621
4743801
8419979
9425873
2495224
4009263
3312758
3347712
8033618
2054167
7361792
6800275
1909006
3080470
3225174
8460328
6083511
4304354
8212469
7250271
1515494
8912261
2737902
6501976
3974740
158319
860400
3248798
1367045
6111362
4166240
1756244
3639574
9810252
2409523
7647559
3493923
6484071
6514089
6470553
1566145
7559392
9496209
6876130
8978914
930972
3429611
353383
314466
8757987
6787914
6196203
3142134
7299649
5421302
2790783
994890
3826116
4957159
6907754
8917115
8802321
689917
663389
6431572
1231520
9226195
6303080
6160429
4074188
7497034
5119004
4182071
7831926
3573674
3936981
1669314
5866502
2001450
7605868
3608112
5589946
5969735
5267143
758281
3666931
8721129
5890745
9243032
2341100
4599512
5668419
3094067
8008759
9077526
6121328
5806710
5106071
7285204
8156890
7632133
1239423
1037411
2963907
8098373
4541530
409285
2722422
1710106
5950455
5247337
49563
8232882
3058294
40980
6363742
4076973
6826140
695156
7217690
2971386
6660887
1858967
6763237
9338398
5025410
8084984
3869074
6678406
7320816
1589328
2356562
9092895
9325591
7797498
4673757
1796120
2742707
254780
2962896
1725807
1670643
7251860
6114434
7421673
2605070
4546230
1172275
1997801
7696352
7498795
6208246
8407764
6245240
2887214
6534015
410254
1861848
4915746
4006766
6179757
5242072
2448474
9233081
8221998
3331139
9964733
678283
843082
3063411
1012741
7652491
9991020
3161152
6388774
8935769
2393010
9225765
9685874
8925696
6906138
3864386
5912009
6427493
8944050
547765
1105733
4646282
4784952
9020879
3450767
4014548
4444770
2330348
153453
1789252
8332206
8723123
9814088
6881181
3460898
1565053
6621168
1795036
646450
8684706
6110639
9224708
4369601
3726042
6823329
5558059
8821223
9604979
8308776
5403160
4882998
5927590
945737
8048865
3417106
8684246
5384258
2031135
8556219
8201302
8962146
4355432
8041830
3956200
3868183
4625649
4947554
8876377
2762826
1321167
5990886
6873139
879930
2981653
9009243
743405
3099541
8244243
7602137
7906028
9825047
3859182
7023671
9099995
9684797
9326975
1200108
879945
4526247
9874072
7611880
4174213
5426633
4364082
7363234
3415859
5346028
45894
1733911
8016303
1587366
2859446
1334773
515553
7060737
5136359
2193780
85566
7417922
4327249
2389461
534332
9283586
1683142
5010098
1687322
3292231
3106124
3782190
3151210
7864823
970388
8337648
1947402
3568024
2513547
7607465
5551439
5173517
4669803
7116785
6109734
3736402
8358888
6552269
7746227
2484381
1224511
9182284
2647319
9722321
8495326
621151
7831353
2796531
8410963
9805747
4239785
5035684
4495868
2762883
8332858
1242241
6491779
4018445
560968
3545502
4191346
449205
935271
7380114
3576454
4601285
6276661
1390196
4126899
6337220
9067730
733884
5187463
1503508
4336167
2274302
6486994
7821219
1109008
3640988
248358
1281647
1237215
9365970
2842454
1468019
4272987
7213152
6432749
1496422
5446844
3772423
9138943
3595747
7430028
7593188
8456785
6467464
9502129
6368112
1669501
9350753
8114335
6346977
200205
7623073
6855134
4187306
9967978
5075284
2507330
9723929
291696
8375035
8339639
2010268
1790823
5760032
4189773
5104657
7339667
8345237
3720015
9469798
2512855
6791916
8082776
9071690
8518727
512416
3458905
5282668
657488
3312616
7151061
9264242
4119774
1279697
565479
8000557
1159088
9895783
5162512
8274541
4649917
6219745
9700342
4743215
4693609
4092856
1528112
9694558
9092469
9317835
8335636
2971265
5510976
8858492
4760047
6427355
5458939
2702087
3139978
4469096
4445133
5913722
3651467
7793629
1896572
9814561
5440698
8305833
6081873
8881870
3317643
1908322
5872130
4951956
5382405
6799734
1992015
2159180
680200
8701575
857068
306401
624541
1679717
2343572
3423762
2659035
5545755
6378896
7819129
3470275
6109814
8480836
824874
9699381
7498820
8062629
9026819
152946
3204730
3433285
673567
2127695
6336327
6981359
893929
4657904
9506120
5830211
8516958
3507527
5809206
2222265
2915567
1091800
8025600
3754034
4295228
3880625
133399
5629415
6052154
4228670
2923692
7171095
5093407
368284
686758
9604576
3301598
7273685
4283107
4236009
5246251
5338752
2041760
2237197
8980261
1803960
221951
9298075
8400040
6496799
9823801
5776567
3800256
3045286
7469194
9392341
9055055
3085653
1287011
2199400
6516088
4754645
8353122
6170344
8671596
4204427
3086195
8016518
6424520
9308669
1828464
699391
1927429
2784702
4235400
7263930
7404485
4477849
1015854
2426883
6563667
6054277
3104718
2868736
6043078
395834
6851065
1038413
1570566
3219008
7144871
7604750
4817884
8357660
6869886
9884597
7228231
958394
6560315
8697220
3096956
993556
2556346
6315057
1740070
6150111
2766930
3765816
4900300
9985956
226721
1306396
5964582
7713555
9078372
3335212
6780352
6106496
6456421
7917557
4275654
6461326
6409593
4967309
1034947
2771065
2379032
9668504
1480818
2102992
4080714
1267554
6078811
9257753
2888383
5976309
5141099
629851
8134826
3602197
3453873
4993446
7943701
8774983
263490
4107616
1706842
1706246
9777471
5269257
7985485
6277538
5583503
130951
6798351
5825650
5942782
1516503
1860847
5102245
64803
5664077
7327996
2395812
6324452
2374016
9725112
8734702
6934460
4974833
1505975
3560872
476417
4887526
600954
8453219
4353432
9388653
7348803
7884325
2414340
3099627
9758485
528013
5733961
6760488
6330734
2575085
3105852
9620867
2001917
5922824
8599930
1216893
3794896
1057463
1880199
4155930
8685186
3221385
8997408
3115522
3026881
1940917
1310995
8771281
8858865
2179829
6698483
7545058
1579808
8413066
9302270
4007958
7369941
5530614
8226239
4268291
3804239
6177517
5481535
3965209
6502071
2098652
8626227
9585650
3846916
8694192
6634723
701342
1653889
8725886
8700561
2858153
6335657
9198889
8937512
5702761
8172733
8797447
4005919
1934720
3148326
8988716
4453592
3322946
2123250
5849443
7129730
8510453
9138807
6007826
1993930
739623
9266997
3487064
1482817
5495097
7550744
7349510
1264456
1493153
978310
6726980
3571904
5070895
7648533
3064194
3421099
1917137
1577123
2329652
5592831
8672705
6248734
3313549
1470665
7105014
7386742
7763330
3539496
322174
3477742
656549
3852997
7633946
6402880
5541781
2031131
7532376
8906966
6603737
2295436
7734392
720075
6094737
6174538
2423785
7212766
2194351
3296836
1390142
9200134
1496061
6589447
694642
8032458
5411486
6183462
6555398
1832916
6816651
2506006
5358606
3615118
4427198
7475307
9065503
8207613
8362168
1132802
6941192
767919
613640
9081864
264687
3615792
1609187
8448791
952016
5213860
8016840
3880388
1252685
9165195
9369267
640494
1504486
710043
3809052
9660062
5103369
2760461
1231266
9108615
4356061
3164079
2729427
189209
7164304
5507703
4317262
4274940
7051573
5941571
6002774
3211529
9065418
3105213
9759461
7204148
9112185
2313044
3261896
70945
3926387
6806682
2991340
52626
1551651
1709606
1487794
6489726
7810999
8048961
8430452
5786944
1128794
1012938
2524423
9449268
8889811
8206744
9879416
2199208
7503914
7756015
6113045
9248133
7059096
9594614
4982472
5401920
784161
9656160
2312518
2177777
9903507
3008659
4596334
5791893
5662506
9221525
4000287
4497124
5442936
5095500
4862654
5231026
7818320
2117047
8941793
2550990
3243692
2350243
5065677
91318
3481991
6284269
1501501
9248653
76880
5378613
1575472
8669318
8845826
8072507
689893
3245674
8315538
5042426
4750141
1430738
4155032
6514780
8488905
5152120
1367076
6427288
4610840
677619
7439596
6017225
2684168
4687037
9549214
1608722
4643215
3784311
7511839
4765599
1710963
4095272
7982429
7774250
3267366
5073283
7988744
447220
4919554
7461395
5934648
6788992
1046489
5742959
9287846
2676632
1712785
6619923
6036236
8324609
1450514
4217821
5140643
6365732
7722529
7187215
4382975
1024489
5574701
3557051
6797828
6899337
3780206
4304327
1363646
5989203
8387332
1074500
6660134
7711182
9747258
9659579
3990427
1087096
1688123
4716094
1793198
4520423
5800151
3708670
569915
2903227
9752559
4465846
5398477
9107597
5476451
8186577
7322180
1309788
9852027
3233568
7567166
2261226
4269913
2426525
8092565
9712494
7693449
6600684
6218417
6161034
1174385
8622280
3248415
8051867
5091335
9417604
864309
1118125
4968128
9975305
7537501
6271967
3111974
5976578
4291174
6145715
722273
992514
4770948
4407152
5465074
7446873
6009300
3772290
2347500
7602742
3518152
4652062
7309937
3029567
9270255
9814734
5494868
1803686
6021546
2175811
465908
569754
9035593
5163383
2976812
1324393
892958
7109188
1627194
6868193
4084162
5266320
8686693
6510991
9231076
6021540
1196701
4838100
103180
4338757
7233176
5624501
198925
7471440
4350798
2060479
5418721
777280
5631506
585790
3933188
9886022
9680628
8721659
2481941
2600782
1384941
7225338
1511335
8816357
1621230
3225893
8573428
5724855
2628533
2288785
2687401
726745
2889802
8396704
7911074
4428087
8470424
522736
5472954
5870899
2086312
5232038
7270265
1633205
9260448
9539113
7616920
8003233
763616
1019809
1205583
3103370
4642266
283194
7384201
4715397
3137250
6717301
4369688
695511
9711422
3076218
5094266
7254225
2185149
8224585
8918237
2089146
6609765
6330700
3642946
3907991
7561707
7384431
3819804
90975
639471
1524893
5314850
384178
8773857
9783321
9170355
3239955
8932672
8976357
2925802
8141128
7276285
3971632
3155486
9731562
9325595
7870194
5597283
5604862
1219085
7172597
878489
9577659
976374
5481114
8523292
26448
4026688
9233294
3508600
7647707
3937346
3920934
533150
4852091
5654654
7321788
3843175
2960290
5063812
9223852
2431535
1476709
9374684
4947645
9391295
5967672
6857121
509139
7763048
2546606
7318160
4364953
4997293
3819847
408962
488544
6930485
2523491
5014260
7281573
5564247
2271049
9564713
3256679
1579389
8448651
6286559
3935842
8443580
4189665
2601349
5612342
3393864
6358710
2767764
850895
1249143
3103510
1073766
4323795
9308410
533983
3003722
4141773
880676
1914711
9027786
5653792
5823845
9889754
3365013
3977472
5601493
2552283
4087370
6124649
9720468
8312606
4608059
1283529
5521810
6589059
1251244
1814895
5367843
5739488
2853038
7855744
2531018
832410
498838
760696
2006736
1067164
1998602
4705822
7180542
53628
8860352
7104429
8994322
5678483
9039480
6614731
1564353
9406911
600607
8602003
6126647
4324884
1626383
4261741
5889135
8647634
2978101
3188241
2083825
9428813
9664172
511809
7876539
6857193
7573312
9844707
6664722
3728840
5210649
8400579
9091898
3389375
5746162
4681625
9209033
8198620
9124564
9620861
8974754
5847927
7903631
4641210
6212844
6978847
6020922
6654536
3767306
3752789
3301671
4623129
6545685
2810786
8740828
2143257
2111165
7697654
8435832
1930471
2003839
5236189
6090450
2972152
8106310
1885010
9501687
6559530
3123837
4821113
3237274
6937101
7049648
4880582
698351
9964913
2405586
7054493
9719886
4237814
7962776
8076051
2980604
5524629
5734040
5307679
4553532
1312023
9590472
4890278
2228870
4876960
2676832
9425206
4748200
4729828
5815342
7052698
634678
9403942
1998576
5419610
6460721
4822124
4725932
9447488
607180
9956732
6063743
4170930
5551415
4565058
1361187
4597414
5099693
977923
4301190
9527856
8898095
9201989
429413
7608409
6519794
4529294
2310085
5851961
122938
6006782
9003532
3329878
7005061
8912140
8665709
8530699
7447697
2853430
2741418
2268399
333796
2686183
4065873
4893374
7937152
414069
678391
5175805
1421552
9014390
6083297
5810201
6228041
4297146
6795099
4710874
1201740
1367504
4098278
6728726
5843249
5807724
8475994
9654501
3200585
2339523
9187736
2171707
5909834
3345018
2477586
6479969
7098214
109439
7358984
8591695
636438
2725482
9329474
2313030
9904693
7566715
9174008
9606265
800849
2097071
756401
5605893
4459077
2924372
780121
5424211
3111091
5423645
8018189
5734098
6146234
4269682
8471228
708570
3134897
2877309
7748187
7328398
6157066
9659626
1585573
9593080
293398
3438959
3108745
7896713
272667
6784518
7895976
8574058
7611223
8102346
4715622
9908517
5714157
1329649
6509329
9464385
1741646
2979288
4977074
5628872
1150230
8907938
9540268
1048194
2964689
4577951
2268630
9391637
8246952
4971227
2050697
8763526
3764832
605847
4289376
8375453
4760629
5531814
170192
1155987
4440769
7329170
5122392
7382976
6653894
7869197
4069992
4052574
4976556
3112789
5869696
9901822
9313813
4068910
760814
3521876
5339042
1408531
5819400
216338
4619033
7426236
1412311
8257000
6428919
7125605
7001307
1667258
3696662
517482
9554322
9156089
7076234
9471931
532947
8040395
8471355
4194881
2588653
5904454
3333531
6767207
4842585
9223798
7577649
6746353
3461597
3522277
2414524
6660201
3665866
7684793
7378061
9754363
1648798
9556475
8131633
9659470
6651204
3678350
8122714
4519026
6067454
3414341
5340259
9208833
3548770
7682419
2922127
4404263
6221494
1066923
1831050
9747903
9476069
5934389
733308
5506630
4517306
764377
410063
9739108
9068043
1302112
7641231
270628
8563266
2005784
2077206
4442053
7148785
6865576
6763736
6500014
6638874
3121024
7606389
3179456
3214705
9385923
4865563
6366230
6638849
110403
2262977
7098847
4631206
5149279
360229
8847952
8423677
3006906
9079967
8855358
5555618
3916436
5408810
8076514
7972176
3818231
5975544
1879029
1228115
7305991
5284437
3520485
7398922
5331520
6888558
2548695
3032324
4172951
6323582
3464275
3093008
9400716
2130210
8469685
1166362
2149914
8273517
7297828
9371864
5444515
5043137
2207179
7731308
521113
7307415
5539763
5602502
866409
6343988
5129994
2222054
1340424
7472560
2218025
7366230
8126125
1310783
8540660
3842254
4485881
5799132
6035902
6929880
5408319
6624025
7626907
6869278
7286053
4947641
1972418
2309307
3249668
4286465
7547977
1322130
8093470
2683234
7901899
8321552
4081189
3128347
8913980
4693138
123066
3124373
5327246
1172498
7043719
9860860
6309298
802617
5012101
4741941
4978692
8266488
8079483
4408918
3575780
9878959
5743486
2432786
7062419
7820129
681991
2685851
7471429
2668341
9775487
5592503
7311407
5969816
3296047
8739222
5082372
1020085
2985406
5758297
5639430
7373475
702281
5943551
977841
8844496
6666303
8881476
8057013
6887802
5150238
4639221
6798865
2767246
8944616
4006835
1759302
8709190
1222273
6734132
2761061
3700822
93267
5218850
3985696
8173296
6831049
3614948
1706259
2786032
1208197
5065738
1452419
3913176
6403214
5575181
6995420
1846171
5988493
4815062
2084540
2874560
6170692
8330489
816649
9486619
1545586
5897673
9975057
8071235
3599036
8282927
7217757
9472502
6252277
9056167
2931277
5875852
4990049
5469801
903250
9003490
9418264
5489016
9230302
4378289
4984069
7617749
8325804
2885274
6240908
3689716
6092563
1197069
7964544
2830004
7323393
3813573
4283188
1856160
6322360
7476763
6190316
2574991
7574218
2276314
6419746
2755356
8973115
6257238
727564
3387074
6868160
2841379
4346171
3406707
7996262
1352903
2982857
268900
7008668
8783471
9116731
3820219
8699711
2786972
6732847
2583297
1665915
9690650
2191097
6562839
703872
8127378
3526194
9950220
7026730
4058246
33368
4482538
159759
769365
906885
1594522
2305947
1470506
691485
1363750
5907716
4411286
4939751
7999806
4322259
8190687
4224161
3746515
5815997
715103
5594325
3513903
9770397
1678696
1373567
7013648
1935907
9897985
8225222
5062717
7683306
9595980
4609802
5143752
6375064
7901971
9190314
7129949
1445131
2175272
6645730
7389173
3050520
2373041
6124316
6781594
5820515
936786
9784189
5383157
8897634
6834477
483294
9717752
7148023
4873537
3380422
9010253
3908420
5786430
2421155
5248520
7683141
3422951
4067730
5693794
8273777
9828726
5619262
1268775
7614679
6392435
7954103
2381805
1581957
8345408
5433735
668876
7905534
7712332
5533717
4397552
5201217
1516239
7291586
7321469
2633140
7475005
6511395
1050772
9970983
4560337
3844747
2922490
8808001
5133699
9048107
1608735
1598083
5691805
4230807
4015679
2161000
586259
9430316
7232104
4959045
5683478
3805350
8119187
9196545
7971441
6030704
2830709
3182009
205539
1622642
1450120
9289026
1693998
8149592
4491574
871588
4338597
6451818
1989137
6983412
6144759
7776683
412117
4465781
8998385
3555149
7001668
4334711
8763961
6514297
8258270
6958915
6531024
4491533
4602362
7783144
4860263
9870060
1075433
365894
2293574
2629699
3310450
8775961
1598192
1333825
3767619
1588852
7357057
8448239
8752269
211925
3849609
3949980
4763013
9950727
6435655
9591512
7750075
3353135
8290213
7502814
355712
8301734
8892644
5416266
9174748
5780624
8450136
5601446
9045163
1519117
81999
4813529
5163168
5290255
7499032
2440610
8629240
8386224
7890761
4183700
9766644
8260676
8353176
6540996
9505975
4349811
1188358
9173397
152084
1507164
4148734
5630578
28066
4215577
7767073
7399250
1595741
13120
8930103
7091659
9671079
2783674
2060348
8660891
9734829
9536238
48315
3520567
9386901
4020001
386468
8895722
2045672
8937334
6446863
5778655
7732998
3417686
9247203
9179480
5037425
7772005
6759296
7111684
3918812
786134
2879747
1582567
837277
5981827
2516594
8549936
6470871
3300338
3716976
9217723
4324344
5340671
7694270
5643497
3342196
6745430
8148357
9719779
5430586
7743627
1576246
3712444
4340881
2936716
6138364
3359908
4914105
3162853
5460545
5815235
4976379
6605863
4349277
8945756
8205990
7820781
857
7928387
2412547
7110603
9077438
6891416
3369136
6950584
663292
5075224
9664026
5941094
9341695
4043060
6714041
662222
6481927
8303652
4455469
8752623
9288975
9680602
9573127
1543419
86706
9504224
3755006
4783032
1721770
6269504
9399813
9471054
9676141
7450534
4954755
3650281
8138495
164541
9847957
4146387
8905774
1935332
4107388
9572048
9730819
8740287
8899270
2018256
4074018
3619857
8221509
6667999
3907930
9326549
4991472
3878905
3879174
4254327
9385198
7988123
7287413
9293236
5036453
5381907
2176532
3876245
465039
8071854
1758934
9728676
7278995
8835922
8753014
8177028
505927
5144327
6443804
4097574
4150541
7229947
6530117
6457513
8861249
2999245
8350393
2889015
2720867
7277889
2496483
9320676
7171726
6103339
2792380
9737965
1974533
1461081
3583451
1590071
2600528
7731235
2016860
3606604
244988
5056272
2830895
4405817
6768943
9726422
7693342
3373595
8487662
4592852
6040796
9520649
2404494
7203667
1852421
3822323
2291561
7241720
8414095
1221628
9644339
8193063
3337233
7142337
2298618
3457908
3356131
5926800
3658526
6096951
7258668
741593
7406457
2045157
1706430
3011679
6109042
8295900
4508934
1758830
6015082
6530512
6637872
9202689
2735279
7450916
6540947
7058108
7687128
8802674
2671013
5703783
5959294
3731546
5183136
2384577
5248684
717460
8671674
8379750
5960328
2670938
3223648
9075666
1187929
3128939
5805193
7366213
4503904
6268464
3832333
3455968
1228141
4069168
9179578
5123559
6649937
1432732
3380544
176972
6868033
2955994
2792093
8924035
3277358
5179601
4128064
9863684
1187293
2098344
2356805
3182465
9840665
433493
1483145
325110
9486596
3885722
8793846
5527919
5038755
3262197
6769151
4656487
1675452
2017571
4868230
7512659
5621020
474142
2563571
8566008
1363713
9159285
6103087
6986556
283930
6423120
3676950
1398129
3232566
7127053
5289621
925952
9190674
53098
9479087
5018621
2484670
9759578
5897437
4915739
5049394
6281190
6489119
1014492
4569452
649572
2780490
8336295
8256381
8274489
4186135
2599456
8489051
6645288
5950799
5721309
240836
1191043
4236825
3116202
1934036
559471
8590511
9375618
917887
6227184
9693922
5827745
7553953
7062940
4059010
8112713
9363990
3311275
4344409
4339203
9499809
2137072
9448309
3454581
5531474
3362945
5479376
5239672
3126189
3190904
5147706
9088732
6441230
7910031
9625081
6905141
376897
4772286
8045690
3928304
3790947
7745145
84435
2008701
4497636
9282878
7954369
1882134
8652651
1782062
3685276
245827
7728606
8713559
8999045
7916861
5914483
7597833
7817797
7678006
8411486
1313000
1040580
5883953
1149038
8400438
9916894
2013670
9372956
5567843
8352537
4635577
7997410
7515929
5477370
8393415
4398889
6515940
9077893
9782866
3766806
578578
2995023
9099371
3212376
6773702
5833476
1562404
596373
5606275
9176680
5392842
6166186
5593300
2745133
1164817
4612637
542498
6725146
7240603
6645514
1383013
4621816
7262693
7701622
4779205
8415893
7488841
9526624
4933714
7765054
8094905
8835787
8459242
3060397
2258732
5001601
34467
2543251
106267
7042335
5380360
3995836
640307
1897702
5675062
8347944
3500179
4355371
6296
9410509
9374995
6910999
7060801
1103994
1541439
5520392
776090
5431551
7157167
181085
4507158
8703875
8688768
5199615
9546780
5661306
7829474
4821140
1514838
8364461
1847482
5579213
2790117
6601175
2436149
2086786
1769817
6385960
4436404
5742158
5279005
1615047
4615838
2844130
6841016
6637593
1313285
5084519
4933960
2509382
5567758
8973423
4292704
7377194
9744273
1256723
9208093
6077883
6109583
9773843
1839260
5547655
7219333
9024337
618232
9995364
2561763
4851954
8049926
9410412
4339374
6310607
490506
993221
530966
9506928
6079234
859856
8456810
1307501
8960219
2982859
1322501
2704544
4024599
6230853
1295440
9046509
7819185
2908419
8775087
6367907
2921897
475281
7555347
5521567
3114763
7280674
5016333
2605549
4021485
7776785
3765730
7196114
6533461
7289118
4890642
49290
5546865
3468248
7817744
9368174
6763181
3841094
4790136
4177242
9662036
2573508
5444972
543673
1171205
9668755
7743388
5657078
7379276
8414295
7436469
2715675
6342131
4324106
3379150
8782517
6346475
675692
9135062
4490306
6570617
8916631
2579534
4607072
2524261
877933
4861958
2645578
1554198
3698104
6797191
3681178
3409279
6048446
9933134
2383906
6214822
428188
2668811
4069813
9337410
7400105
4667770
972978
5209753
4839086
6879974
5897505
5995243
2145259
6637050
3207070
3108479
6631770
6241651
6449820
4730903
6404475
3773650
917373
583546
3901761
8434225
3146069
4322976
3499463
2312051
4948219
4745397
3195902
3910304
3987575
6695120
413307
4534953
1986527
5702116
5010234
2680585
6517031
3262934
312150
5209448
6044613
4286819
6897530
2595058
8245663
4058526
6714501
4993568
9311471
2867990
8333669
4190035
5019390
9008751
1991299
1412388
7029533
3680371
1470353
2066321
8292120
8188398
5962064
4569122
338019
2164571
1077616
5289535
5192900
4854310
573543
3873561
1750081
594949
4532014
4966597
7917591
154729
5215627
4855903
7820650
9438438
5918836
9602473
9722516
7557921
2529474
5570551
7066149
7382873
5049517
5426170
3719492
8986572
1677536
1058510
8594822
9518126
9039774
4624029
2617666
4813015
7816858
603743
5937752
9362639
5092288
1488370
868391
1289297
4361422
9456358
4578700
6086191
4791006
6145515
5243980
1179731
8198580
3681574
1426181
8175330
7547776
8480848
3070571
1145782
4486269
6876361
8773305
2266432
879389
7772000
3338759
9321107
1142414
4821755
4027369
9936845
8827740
1033036
1740283
7891080
7579467
4448041
2276384
658808
5356139
9839768
3240720
4917401
533904
314640
2355583
7263793
7828623
7450342
8054005
7483111
6827470
62815
8305450
3796190
4849736
1859395
4366816
4884036
6769093
6540590
1598974
1418368
7130689
1838299
1235049
1801728
4348022
2276870
4334270
9235181
9643273
2525904
5496676
7630593
936779
822779
264436
9938199
2945750
1508943
7448264
7207575
6646408
5998290
1716894
236006
9671882
567346
203633
2106064
7823247
154434
1003618
8536985
2344986
252863
675034
7661834
1442738
7258285
4231632
3457555
759762
9309624
5777233
9549831
4490741
476321
1293413
7421976
1028626
9592539
1674364
9727341
3144445
3628531
5913204
3384488
8093578
4020797
8662295
5234154
4536552
216784
2114956
9852045
1355830
6464600
7903630
7955437
8129340
5613756
1105272
7854869
9590934
5855364
726546
9614048
5287587
6936094
2778816
7411305
9847656
1399956
134370
4880802
5341570
4842310
6026574
8725428
8554227
4785127
2849880
8998042
302447
9535196
3417726
3050895
9831904
2368416
4859847
770963
2393465
7078042
3258865
1441399
6870602
6332804
7565201
9166627
6295803
1890212
2927499
7692104
8424635
7884364
3616246
8902262
8080527
9029107
2285210
7227322
5406898
5868648
3580574
6699573
762145
1263004
8655806
3724793
2768813
7120110
3964149
2701797
6904618
9947535
1562628
4629604
3258168
9863169
1580540
378489
158197
9755624
8355154
9443903
1983871
9770230
3838221
6844962
9421896
3887735
1128761
9980713
8980238
3451905
8726522
7209550
5284124
4860019
193053
1839259
6013909
7561955
7669632
8620801
8927785
6913419
5963663
3424159
4570211
1225822
2439913
4324314
8236335
2653823
8425255
3474662
1876637
2318256
2562660
6181150
7156645
8422176
7443722
8699416
4839214
1821340
6751540
6756579
9207463
991264
9200615
5150860
9444197
397883
2508222
8315272
9756867
1353643
9439224
9602693
907958
307080
5982802
9781688
2270955
6828617
5662601
4154693
7275613
6892097
9507067
4536511
5849852
2301123
5359824
8920128
9851999
314245
7283237
6121544
5563594
4360077
6793037
7128516
2599494
1708657
440872
5779980
2514375
5747940
9256837
4498009
9088015
5268878
4879255
7643935
4424271
8754767
1791101
700842
5635743
4581657
3393672
4897809
7373659
9516626
6755592
8736017
8694325
4923747
9235149
6110289
5654734
9212781
3712869
7942263
4065550
9600963
4207693
7714867
5012094
5775062
8837553
1131529
521681
9985203
9268251
6196875
7163136
9482090
1344117
833307
2447346
4148212
9578552
3189489
541396
7935367
4423250
8336663
573398
7631957
4061152
2820822
4771586
6821754
5413226
1408459
6170248
3244029
6658341
9888704
7215241
250087
5585217
5333186
2434828
5460836
8872618
9044341
8117982
1588420
8735103
7146821
7793425
3365398
8745496
5495795
3437469
4120005
601963
8611735
7989716
5485668
3228924
7754875
7973050
3272793
4304240
2482376
116919
7903971
8994261
9955424
1426367
6467350
381669
6194908
6279989
4401616
6431192
9884032
7122470
8194292
4608311
5933114
2767627
9967568
769392
6662842
9483326
1444394
5983923
7333887
5961971
2196643
6574219
1421118
9271424
7481478
1220559
9838732
4472805
8279882
7133303
4137970
641493
3596849
6634028
8337791
1702453
9096553
8698218
2045140
3117914
6287761
4337481
9123944
9873697
2402121
3510596
994860
8487823
2679295
2040462
2661306
5148664
8731433
6557991
9087276
1224180
1306691
5687890
9114079
5643085
496231
754899
7913049
7485664
7359897
4067271
5457774
7614670
4611380
1860785
5830293
4451245
5648424
8945830
2644492
6565417
3558768
8303800
1840360
4723509
1519661
112783
4512745
1390452
9854192
7986895
7121969
1129846
8484773
2169464
3996959
5363171
1700410
4828689
7240123
9055746
6528706
4786847
7470273
1337153
9160355
5716371
1608390
6677935
4238801
7688166
8355727
7298765
22948
7109944
3587231
7774355
6934395
4428811
4653841
9999662
6568338
5710552
3735568
8083065
2494706
8298396
5103349
7804836
8818431
7845748
3440831
6889396
8540724
9337763
3060475
1257202
6302032
3375306
9689130
1614788
2847803
8573133
3625699
7911061
3195077
1536640
1659301
5065895
1032586
3904630
122228
7473685
6838252
656595
347977
9051100
4234074
4636504
7046215
723739
60947
5412391
8467478
3394664
6604060
5748924
8590464
4503131
2051574
6698050
6867752
7082456
440131
4273100
4903041
1229373
1575143
4900390
8025833
6318243
4199779
6811641
6947066
6029000
2216405
7358325
9754049
6576490
5511299
740093
9678387
7647787
115989
7575628
3525459
3650767
180127
7523743
4358554
5888337
9523296
7297341
9079469
8372618
7717116
9133196
1703740
6303264
4359502
3309448
6901640
3437878
5628528
1485686
4602160
4724004
6228693
4781757
488427
7690763
2549944
283053
1342038
5686459
570520
348805
6430544
1173360
9960895
5221863
1708379
6109867
2372236
5731559
7555815
6582027
473962
4840479
8652828
9385892
3798113
2881951
4615519
8707774
8648636
838704
6291613
9760735
5206887
9801630
3211905
8721353
2514423
291854
5045689
8099275
6165320
1784493
4332538
5433091
3313881
1612170
9604064
4291699
7149655
4546200
8560679
4579763
9595544
2110564
9435568
4892672
5728455
8577626
1929627
7613638
457299
2888584
2013803
6378998
4156967
1753519
899027
2852098
9062002
8687655
2064054
8420565
8942941
5176462
9190621
113474
6531097
2460289
3661876
4917974
2340541
2828550
4993398
4757078
6327744
7219604
5007775
9649496
8203273
9697923
9257034
4131144
6390453
4437535
3316669
8533462
7968001
2834103
5941362
7445469
95755
844727
7242214
4672741
846778
7356885
4664192
9608408
1247622
2437515
4772648
461488
1249101
631573
1768847
146541
7736148
1383940
7611460
2900502
3748389
9688166
1671622
32110
3466074
6318496
5324578
4764997
2408044
9595220
1499178
9722927
9767767
1763931
2079433
2822393
5190533
2149856
1586361
7387642
2958472
3083982
2866637
3150537
7378114
1806841
3682096
8496764
2473104
677434
1808695
6681199
4471902
35121
7345086
7314994
8158825
3958270
3483252
4551578
7797964
4344742
1633138
2349150
4724490
5689385
4986603
1362930
3276745
6642952
5738496
2648406
9757575
1692048
9527337
3375513
7386989
827262
5615692
9633947
4286226
1218628
2281867
7436550
7818258
9099839
1009213
6313376
497808
2567177
6796208
9062189
9855391
991932
5125524
4032185
3191842
1927193
2622838
3036785
8134466
5785633
8816844
4168197
6900689
5205315
1542102
878205
4463129
4567936
3472954
9160598
1092962
9804440
575831
6684470
8701548
9105321
8715827
3648611
9997923
2790318
2023396
4613405
7260331
3857554
6871803
2166992
269787
5526912
2884815
2614521
5023034
9097227
2407454
3625397
8279234
3525176
5153169
9480681
3038099
8784658
2403145
9906069
8449513
6018459
5126679
5687908
9148142
5008572
1619976
247619
2671329
9931436
9211157
6955224
81988
6394695
8181563
8359510
6664882
3359428
5144073
7618713
8337810
8075478
7706681
4639909
2030420
1714638
148653
3706090
2715110
3578513
6558551
8503236
8793823
9971401
3293803
6815008
3131527
735922
59445
4724387
6412459
6741141
9399629
7051743
5744268
941402
6751465
5300470
8289311
3562509
6827772
4655468
3666810
6551231
2144950
2331462
2203448
5775909
361362
9387865
358202
82329
2735688
3515552
1431451
2865294
6358495
5543825
1556028
4391545
9075640
2731588
4065880
932504
8085071
7365789
2689411
8113783
8093538
8650685
578419
999926
2334137
972234
4812729
9746432
1757810
1589131
5718587
6872064
8729844
9851665
9998835
8118303
1412836
5247222
7712043
4149247
306263
7490278
409195
1131445
124412
4107298
4864635
3833333
2584953
1810786
4200488
3015455
9704492
1706242
7397767
5919433
5490323
4938270
9440299
801632
5667135
767821
2508147
8078773
4915167
6797118
2790141
6862824
6905902
8059011
872906
4183217
8248988
4902633
2255224
6452821
9529243
9965770
8306766
5231520
9457481
3867184
6138251
2143401
5614732
6557758
9936487
2064778
4608021
3640023
6478328
4001158
8589589
4079186
9590666
4409620
8237243
363308
6309061
5053314
7608524
3896487
2921471
6174407
5802206
149353
3363606
6314873
9057763
3018875
110759
9607598
7633950
8236151
8205473
15298
8467541
1590557
3836770
6941236
1108181
1444269
7829355
1118436
7804282
2366262
8998907
4773092
5885251
519838
5878488
6850046
995265
5636001
8854491
3695670
1122278
4825510
6459015
4646331
2208621
8640009
6249414
7942561
2546790
4756202
6834100
2917937
8412294
4687966
1421703
1011283
4509212
9016154
9613783
8043662
4194726
7256870
4537751
8876266
3487695
2220247
2477259
4589045
5124580
3263453
1683334
9734622
4900951
7521972
7715258
8730190
9335225
9175187
3778210
5313664
2972680
1599892
7803810
765020
5163272
6150408
5651224
6473521
4912572
8626836
7435759
5538439
1716201
9271437
3485199
4757243
8008033
139267
2824161
3271481
8180402
953967
994013
505609
6190696
2771708
3459865
3871585
5891095
9008418
4014680
7897879
7698873
3479680
5882336
9820717
133718
6503576
2227272
2584991
9044109
3053013
873022
3001418
4062580
5396519
7555349
2291558
2761931
4717948
7304400
2759268
639548
7921577
9249354
2199930
2365267
1315287
160877
2349662
9383367
8160182
6013847
9783544
9376723
8943190
2078596
9700611
3956662
6593844
4863491
6376205
1429782
8555624
8669222
5466311
4973511
238266
1807105
4309088
8045278
2988672
9762189
7331791
2504578
7544112
8675544
9881253
4229908
5701894
810994
4648116
8199439
981737
851822
1732156
7500028
5502539
388854
2324224
7296214
74607
2478467
6452855
9218374
709590
9127268
1120687
4417233
2915817
1757425
6616015
6954599
4879780
6530983
1426598
7218356
8594217
369878
3467439
6264893
9385161
5385623
7762761
1458745
9892926
8101523
9732689
7310471
3019025
9437025
8293075
2956103
4424433
8624060
3028627
1358821
9451532
1433604
2182180
6758177
1094719
2939308
6501861
5846523
8726462
6410260
8212085
3933262
2769040
5554784
6695106
7597069
7694438
3569619
2720589
829993
4783276
5949422
5973903
425311
2470677
7701108
9950462
7015505
1380466
7662984
7503127
3240455
5424372
2212053
1146215
407840
2035802
1481769
4345234
5487789
2213077
5234680
1952334
3396156
3582401
8767294
8044761
1309760
2371124
436580
3435199
7948752
7272114
9240636
5812740
8350546
7509967
2010403
2834690
5597942
2602157
9119520
2533869
6027942
4712567
5236132
3082970
4019029
650188
4094257
9011521
7737265
7919192
8832820
7022409
4967278
719021
2326465
3457657
5868482
5273845
4344485
9557374
5212262
954161
3644766
5574625
30615
7934892
8415097
915685
4598682
6610594
5155691
3223801
1100705
6058119
8492114
7925511
6397593
288129
9644070
5033309
7984581
6732987
3375325
7086182
6190391
3904356
755906
8306414
6393174
4930590
7167743
6443861
4173266
1890290
4296349
1287066
6118945
5350911
4768301
3654767
3866540
353716
8501643
7132322
5401197
2232196
5611130
5472505
4652179
7510313
132634
933137
7977847
3554638
5559849
8290483
5099237
8211384
6429696
1141261
6331057
4598404
509508
6281347
3883554
1809834
5341313
8415525
3752592
8761574
9254893
3322778
5558457
7548955
6325169
2307744
1678156
3595743
8927791
9321269
1757763
5560405
2127917
5170027
7637691
3769002
1159130
592171
7978414
1718840
1454358
4394567
4485884
9801328
452706
5210964
3016140
1553163
3033766
6364634
4512706
5154840
765433
4211949
7406544
5956093
8160822
8741462
4432727
6796254
986082
2516915
4964971
9974133
7839695
7761742
7737752
8211587
5904717
4348430
8041260
6746589
4028175
6405570
8098797
1458569
9256877
272835
8856570
8574054
261186
6818492
7466882
4812696
8850459
9676523
2856290
6594672
3955113
5936275
6787802
4041317
2727074
4588641
6286499
5449028
820257
5092576
1709302
4002617
42966
898686
1414028
6573657
9463483
7191535
1413123
8636623
2541158
8407433
2248543
291815
4658679
9204551
1644561
3311504
3090667
1001205
9883984
6110643
7930607
5708943
8595396
8682284
8257522
6567542
9131927
7785208
1584421
6216267
494067
2814088
1662077
1380790
460103
1444157
1312512
3521447
5064838
8638593
6191916
2047133
3561204
8299977
1947721
16856
7638503
5236023
7105076
7688188
364781
4329398
4570907
4762417
7074845
1292924
3964556
7429393
6096339
7181913
6154559
6836321
9084581
4968656
5108186
3514697
3519871
2928025
1898128
1410144
8773656
1233729
3152611
2435459
7768725
1022526
5708500
3462371
3131022
5642792
9723177
9691375
6073376
560050
6960436
2709747
1676520
5006622
5032227
9599782
3344105
2171967
1439932
2410315
9597375
4513976
6841074
4895209
3875078
8607631
7379950
1713349
8825769
5662799
4214817
9760423
3441324
2252967
4914453
9899464
7101964
7691807
4111601
7526505
9418163
4884375
7373628
6951596
730510
6168163
5820114
4460173
3042049
6395964
9436769
9570621
6224821
5281146
252656
1000573
8310812
4525138
1718169
5474989
351118
7548775
5953727
6151820
5158433
9649941
4453272
4813294
5296081
3031269
3724374
6545614
1203268
9907511
5684409
6252417
8136017
3214622
2341964
9393263
6589656
7948521
400005
5392117
370677
5325774
5554323
7044784
6268205
704398
3909329
185727
3608619
8398745
785425
3143847
3299974
2974275
1060878
1525214
2554288
4521785
5496504
5012291
2759847
9897247
5758283
374466
7105209
3191182
5390684
4042607
661422
4802369
4133783
6870702
6452552
1393688
4172810
4968314
8882598
1948175
9823459
7852347
8559537
419873
8694314
9567484
6423538
8658263
5224687
6107351
2323988
1144030
6196640
3687045
6366979
6095882
1613967
5586008
3993065
9433645
1890124
1038301
9483090
1892335
5339672
898608
2204999
413400
9356159
9178077
3023622
6903903
5759772
8259000
9574836
3871550
2102599
8357869
3640705
1950383
5913332
2199282
2289226
7855652
3701964
1530499
3964270
9968772
5288632
3011338
7856248
9977720
5955653
9751222
3960551
3722317
2242075
7906283
101154
3282932
8110304
5129239
7147412
6365034
1435130
3952197
8697140
3181136
5460147
1238902
578292
836571
4315707
8817268
9313724
1963282
4745392
8891628
6837304
3567319
7059645
2900178
4766795
1275211
1633144
8639935
102774
9281157
9161731
9525489
1159936
6928683
8490589
118609
386324
3006800
6142187
9041815
3682855
8321490
9092847
3563497
9218319
3653165
209386
7094073
1399420
2959271
1337352
9036234
2059204
2423374
4656110
6637169
240809
1210808
3915114
4150608
2565319
7670716
5615942
8123347
7406962
7337909
7373827
6008540
4945276
2975383
8799299
2206166
7378820
6731116
4178529
2452925
5943340
4363524
916716
9746436
7610267
332182
2422803
5464026
6228170
9055695
4793281
2674734
4710550
1332371
5935832
3693322
9210710
4476200
983164
6737707
3728399
8882120
5480848
5555678
7101081
9524229
7398135
8025890
7471826
5530664
1310226
203187
7400210
4125497
7676726
6089096
4361402
7994
4543456
5705890
1912612
1774717
8740268
6204089
6638764
5964617
3053497
9895385
6571031
5533388
2883196
984124
1583979
6060875
3109540
4253440
7394201
7009691
7064432
837728
5799953
3370576
1620753
6165568
8742698
9961916
3191240
2014469
84561
6375487
2221264
5892135
5877895
4975732
1649175
1541694
9464835
7187904
8484605
3965372
8154214
1090177
6801529
6989197
8539181
1565638
2574368
9210841
4434281
3460768
7545259
6923681
1973240
2251234
6328884
2228188
4438611
6566920
1268419
5236352
2571208
8896253
8111280
5820522
8868702
5398880
3568343
9435932
9307749
6093520
3549660
2981993
8123498
2330175
8470919
2793977
8759011
4071163
8153434
1039248
5872875
4556359
9580979
8946376
7401253
9201004
4683944
8247842
9656956
3993688
6304910
5697632
1628280
6890679
25761
1728754
9225703
3819265
3616979
2709868
2822392
270804
6828935
56081
8599854
5373941
263091
8020934
7512828
2948676
3267169
5977074
1129867
4891413
8246284
271397
268241
3547499
1628357
1179979
3381236
305798
8451373
2108097
2528808
4645551
7333116
5998933
4709528
7423277
9563500
5796106
1709201
1144833
7385654
9619031
3115396
1524472
6342276
4185650
1452900
9348993
9285536
9154626
2424219
1174542
2206659
9538100
6449536
2337602
6349585
5388726
6237043
3081676
6084864
7107599
6487288
5211205
7881523
487039
962771
7129401
4683621
5472999
1729760
6747391
9336805
2403255
8901398
5875793
734813
3995951
933813
6754402
5887712
6506821
9145879
5271656
1364015
8517181
4528791
5904215
6653332
3667927
7432037
9997125
6987507
4491838
5923909
4937272
5179011
3124535
3357617
2052775
8785553
3967190
1767876
1451094
1375436
8631025
3552640
7082005
9118956
2372036
5628314
1361741
1318047
6684452
8935948
7445476
9398507
6296032
7089408
6799345
1849126
5317309
8726941
9354229
8989668
2219901
7066750
6601574
7985904
5837239
6914536
1132119
2545197
7236592
5827288
6736274
4809883
820840
5226932
7848749
8902841
8630716
5569207
331609
3954097
1650431
5987790
8990060
3159267
3351715
8980383
6098050
7022052
2098590
7847188
5188718
7420870
7684346
7757946
1758110
5816335
2039380
9304744
6539627
7321593
3424719
8480340
2220138
8191100
7623859
2655884
4830529
9657118
3989725
5278901
5238127
359623
2062784
6397028
2216874
7348194
7238679
972341
6952420
7643479
7511802
2099727
8318078
5561453
5381126
2591857
3290213
6677495
4600084
8072093
6391080
8380867
1943680
8699887
9691311
3705239
3309806
7133317
1519827
5215221
212525
192594
8276243
8699321
8749808
6337794
2183664
4426465
2429078
5762044
4878088
8298627
8512212
8502700
5917310
2257786
8833714
6199267
4575415
1684619
2419018
693287
9542581
2103053
6392962
69549
4747423
6915052
6540908
3066133
3156434
498683
8360701
4369545
6999620
1752894
2912218
2766606
500612
7922498
2143625
4008492
8105455
5198508
4147149
3146918
8382990
2727490
3892830
3838153
2360116
4537330
7712492
4554500
3776612
4241305
5416409
8099928
9652391
6792132
5185842
3576674
5309133
7230337
9207380
1576924
1433786
8504677
2949341
1043951
4174187
8993862
8756690
2813008
32294
2890225
2652625
744663
2476706
4543249
9578490
2835607
3600409
281050
5087167
48706
3214009
8361427
5010476
9191138
5939745
8507972
2410970
4001797
6270731
5670983
6597401
5265308
2770874
7740154
3820802
8776163
3564466
9109269
7382346
1367652
3112961
3999297
3160361
1328393
6550505
9055291
9228330
8922405
2608815
7962005
5600914
713644
6580169
8847306
8659220
962178
626096
1219947
4996735
4305289
1547129
5098539
3143595
4303406
5811518
1695326
9723234
9966690
6628117
558025
214536
869570
17354
364880
148729
7359270
6798372
3461407
4338626
6529039
1129635
4464942
5374904
9301674
3858773
7087036
6670142
6256997
3892475
8623191
5901736
2480715
7634869
7700972
1001213
501502
1246899
5524849
8269874
7089908
7451950
1133357
5181680
5875037
2458088
7342842
1575256
5712183
5640528
3852390
6544321
8115953
1575040
3042525
2626015
8202711
4334947
6872305
2243406
6466346
5545984
7090820
2574845
4169249
4708399
4160523
8802026
9404227
7051566
3170104
1410673
9361763
4657004
7574602
1589112
8867968
3950316
7152010
8072996
1293872
4248615
3646600
8784021
3121786
6744987
3966479
2539327
1365523
6999019
5525314
2353421
721965
2826265
5164698
8960954
3706213
5933141
1997767
3051863
9569796
2159422
3587217
8290581
287917
5266090
5430888
9751302
2046956
2624910
509243
57410
1887507
1196269
9694367
6701267
5764491
3824557
4808736
8689767
3550762
8371897
1658429
2995168
5609438
1123085
3838116
7734045
4073149
7039399
3513397
4330055
579402
4121334
831083
8000362
5632618
6216643
4847833
1231532
4935139
900136
1491063
1500655
3806281
2888238
2388524
4717331
5573151
628103
9643962
2608348
7390477
4006196
8296969
6011744
3351022
7064668
1540557
146145
3803234
9974632
2352961
3132463
5715751
3364274
1152384
621519
952330
4500938
8252351
2717069
7449108
2138741
7089013
3019489
6894132
2489706
7458171
8543155
7194956
9519680
6860526
5907564
6681197
87267
7431333
818815
7656628
2858089
7576524
5320909
3100108
7837185
1146800
8195922
4588702
3979263
6376010
1488919
5871157
1461692
3710810
2790214
1426238
5660576
9374458
3529150
3031592
2006477
6850401
9332130
2396314
882671
6664289
5026707
5049583
4092173
9843838
6274208
9547347
498513
4552364
7330423
3328124
1471888
2016467
5908586
8281853
2231038
3705363
4243104
3140106
2668617
9580137
1395007
4644042
7278987
7140514
25623
634466
1961962
2423899
2254708
2672395
1989592
3679451
4993392
8119482
2110598
9596824
8925694
6525714
7558830
1548255
4633028
732463
9880012
8670548
2040045
8784197
3631091
9353349
5960082
6360190
8319342
2034793
7723755
6095396
6299205
4164709
8204988
6420014
8415870
5136614
6953119
889154
1756121
3679698
5671968
3152298
511370
5259469
4634791
2202129
7895123
3963755
3148050
7076681
5555921
5267741
8964477
8761842
6280776
5784336
2256960
5629776
290067
1947577
3514089
5960500
2439838
4024443
2042541
7397971
4318395
316645
7825132
8240173
1510117
4326243
8072063
1672100
383801
3120302
1462055
9675500
8111454
5618997
6883759
8492019
7211153
4532756
9544777
1733887
8905424
3335691
884599
4312453
7122445
5452134
2002817
1658931
3808131
7580688
7686580
8305416
7376150
431721
9593752
4778447
5954156
6079214
9089507
2730280
715525
8393762
4177226
4631921
92606
9407551
7211157
5351508
2485566
2985198
8799194
9695374
231512
2238923
5408207
8141515
1936205
6331173
8933371
4943261
3523668
3344336
9312539
2994093
9658803
2246151
835523
5745354
8106407
4876618
875145
3106583
6326647
3006601
4705356
6289947
1624020
8897817
9427097
3544587
642355
264749
7852609
8134357
7558635
9421659
236311
8061641
3991961
132660
2326734
9276697
6992573
4060009
9190557
5565072
8591020
5345404
4524619
7551447
3715477
5853443
4835330
4903646
9485807
7424746
2686566
161613
915027
4285731
991400
5706606
9259529
6142960
8633753
1919708
8734231
174601
7843035
9672850
9831683
3419311
7919910
8520360
4767505
8847653
1701181
4381545
2020143
3476354
9021594
2882795
5464126
1718927
1282736
901369
5828568
3010440
6236314
7151527
4311704
861625
163570
669450
4967775
4857330
2414047
2731288
379641
7759287
9471723
6291034
3229733
4746146
7959142
6658065
4776418
6882416
9998735
9768637
5567087
2798471
138279
5198856
9854266
5284306
9485313
8512282
5796255
2247778
2190194
8795670
2711137
6940546
320778
419882
3884751
8669659
9000914
616169
6342507
4936656
9665448
3523963
3956848
1017904
5378188
6676132
330812
2802553
9218013
4506011
3314648
2731629
1002815
5855859
4894613
8619308
4927798
9017516
4948179
9649216
6356222
7141887
7594376
4749698
1603920
9847966
1365862
9969895
494558
5631945
8305405
4332364
4552686
3971395
880366
5007337
8142099
6796135
966690
3059413
4974586
2729693
5269676
1691117
6392118
4187236
8450146
8828048
5263913
7422812
7533474
7633556
2223998
2661413
8707588
3068339
8115787
3818783
77585
3622584
5010818
6919774
1069488
5892156
5143444
4671261
1748138
3382832
9446287
2051763
8382461
6080222
2899554
3395490
1096449
2625226
449247
9524272
7100849
6298182
9556124
1208350
6613183
2010989
3640208
9246281
4498321
2770848
4308012
4317434
8458233
6857695
8317435
6925308
6869504
7069288
1501381
5187800
6074601
8358557
5545264
1726156
6038706
4325176
2246378
8870950
5297912
9590118
8672136
7500446
562200
2832495
7423591
2259960
9040473
6571746
9652311
1296174
9680177
7327606
470073
4244721
5419573
6790009
9026984
4765023
7337766
1639392
9845493
2933558
9924973
2153926
7952312
9695486
2177268
1080281
4289497
7623070
1019484
435671
8430136
1427079
1634187
731219
9040942
1669629
6336132
5679167
9647694
1654234
4802272
2361785
1573697
261592
1398499
1226707
5275564
8612197
111041
8707701
138916
8631613
5337451
3029292
4238148
5825419
1109218
5872501
782640
2800222
5484780
689662
4880023
7146370
9262320
192393
6936581
1437380
479501
1880769
6930704
8716323
2331694
2639426
4889861
9713090
4437292
6578749
9259506
790105
7440086
3642851
8564641
4095424
259124
7874805
7786731
1873848
4760844
7442648
3912320
6919343
5259878
6816491
4992310
4762921
3501561
5670846
5792422
3402640
8554788
8432664
6568997
4274267
9067456
7831436
5274871
6150049
1383554
2353075
3955595
4783306
405408
4771607
3101650
3753582
8800380
6159764
6770960
5875249
2684670
7139299
6546583
1640651
322825
6321394
2675408
6711646
5511998
3786144
8591575
3780047
6456589
6668082
4288392
213040
4228715
8782552
1832175
1714313
5501273
7954951
6219921
4497297
1136578
4697548
226796
2630293
639991
8084269
2866587
61083
2936940
2551483
9548902
852210
8311176
9076466
6062270
7711545
2442858
8655016
9628326
6009481
7291950
39344
5126271
6454803
2562751
6213007
59731
2662601
9015648
6547860
4459053
4018584
6365855
7072600
771136
3462154
298799
9931393
5776734
7826635
7848079
9964133
1949943
6957299
732239
9583958
2897370
7162552
