5492421
4682593
922099
2325912
4032602
405453
8858956
3977729
9848013
4136432
6763458
7476646
277590
9256924
3921673
3910139
7540614
4908851
3497537
624450
6614154
6154362
3730433
2388917
1590946
6901940
1270048
7585291
5185460
8249265
4802437
1666226
1176412
8065120
3546879
8627076
3030392
6530438
4437539
3993702
8988935
6295403
5503285
8771439
436481
5263
7423924
3837505
454660
4446880
719442
2665836
9240368
4644966
2325596
8447658
3811977
2561759
1101414
1379626
7769380
1411800
6606051
6294851
9631162
9045146
4096346
1808872
1080740
2897154
268617
6603308
319990
9356228
4893873
469777
2942225
9332473
878306
1746243
8275408
5480371
2026011
6993255
3010285
9002237
1559343
2755106
414876
8245852
8249568
7168261
4944797
3626872
7415115
9320752
278474
6016608
680417
7113937
4024584
1700606
4107714
9470992
4892891
6755370
6366192
7292672
9656431
8023453
5767107
3582371
3033795
324791
5753526
4091896
6613000
2471433
1022475
1934530
3145740
3491304
4915261
9123032
7677123
2073324
8714211
2074103
7523255
912473
3741965
5534083
1563434
4166368
7721635
7942946
5686451
9153081
5569626
9076413
893357
1366455
9190391
5091625
7008825
5441357
4137383
3015380
6204370
1561155
9945769
9154765
2169946
7131639
2765777
441036
5000203
3069564
4963148
4032801
8028188
4401152
939752
6297254
2935201
8700583
8267080
5164851
1390707
7744943
7851126
9813738
2013250
1094406
8971205
4765670
9435545
828267
5501889
7015575
8610648
125220
6736208
5744634
4034232
4527735
468498
2466057
1486969
5546231
8935141
8574589
608793
9793123
9483217
5455564
124387
3213569
8858961
6857301
4491014
577360
8508947
5802636
4381203
3554958
2571921
2576849
7372887
5112881
9029163
9143843
8540501
2594642
507895
3938325
6706651
8907206
9408300
2043238
2989919
9633122
6815484
1735997
7016548
9383722
663422
9845112
6598930
3411941
4125187
7699884
6724874
4912735
7347191
181634
807882
6085943
3134969
4024041
4745161
5833614
198458
3222068
9525443
1811515
399100
2494257
7756892
170102
3789287
255705
2797022
9594989
9929236
9382312
1585034
9577491
8079918
4168691
7169014
9634975
7076551
6366171
5788955
6425254
5596784
4706069
7726906
6327561
2719222
6698583
3450036
1734098
1974109
1759441
7030216
2233233
5830060
5774010
3064350
5160684
7419130
7211046
9744714
5404987
1437992
2326338
4450540
2574410
2775645
7111463
9111598
9925727
5509089
1558074
8914921
4313115
2327200
2684860
8708305
9475448
8082219
2153450
6000404
8471973
9557409
9073637
1715514
583937
135996
1994389
5999841
4453519
8291446
5299527
7279859
6352332
9313923
9591485
8793866
1513038
6955620
7815451
1034811
7432248
7278
6461418
1365219
8411469
4495995
5585524
2122728
4290158
7913563
3953706
3786404
1127942
1049862
7940235
5424838
6439150
4990013
9831043
5926453
206384
7454350
1134287
1636595
8002227
3173088
611619
6060593
5784987
8237491
7731695
4645535
5025659
3157703
7748248
7471318
3797924
2359246
1149824
722967
144474
9318231
4849490
1534929
6921707
7298638
9317198
141676
9643890
6842131
2518491
7501030
7376860
6033029
8029520
7062009
7061298
5111520
1188540
5705025
433088
5286114
2520723
8897193
1524507
5022759
5637008
6872008
9286232
6163975
6452378
2352205
5187573
3152655
6511469
7191944
126109
9769870
2890246
5663429
2759215
1313768
748106
9591688
6209899
8228283
2085049
746640
6519044
6754086
2005440
8807696
4500304
1065427
3692615
5972299
398841
3512252
9509938
4214114
5901088
2609765
528783
2349158
4864414
6514020
6944701
4646610
9146878
5403821
216704
906647
8131381
3117098
1422478
1582514
7561150
135785
3013731
997685
3386664
1670454
4758021
3532608
3462680
3290680
7862867
1969321
3389434
2308407
4581773
5348752
794461
1880503
16783
2338541
8190520
6729067
7286787
9318486
3359553
8196095
5657391
7200019
5564677
3308116
6827190
5493105
6109742
5573529
9571595
4502603
6030918
8734415
1769509
1140564
6514832
6850770
6699659
7515183
8860827
3043742
4040790
5294485
8933991
2168819
1590023
7506142
36098
6214254
1154313
3442900
1325780
1682663
9749613
8757007
453304
7305564
8717652
3711584
3213855
9046279
2524835
7944212
7227110
9732389
4858817
5703387
5221163
7767252
6461396
1605270
4445181
6110653
9523378
5407853
6690045
8590526
1115797
9377553
8336889
6811000
7197804
3986147
719549
8347120
1421292
966726
1215738
5753645
6979704
5931782
2152212
3842943
4915135
4015658
6442512
3680885
5558507
2471864
2617314
7335998
4367872
9700441
9191709
2677634
6982941
6326367
9178908
9306755
2787235
2792388
6672170
341597
5563646
8024110
4364619
3052092
3355228
613827
7599821
9663696
325944
9415609
6588284
1694532
8485860
3497207
3380936
1190646
6549926
7352903
5700166
8909585
2586941
8691819
5936812
4925387
7408437
7089063
2230047
6971277
5528296
7428687
8796215
3368533
9669403
1892481
7789455
4875558
5708073
5812227
8708567
8366155
1269690
8168510
1495285
9947716
8619842
1385170
1142982
8724621
4854726
9062835
4517303
4859886
1767778
1842553
4292986
7077595
6561031
3448224
3045854
693416
7290823
4160424
9786483
7884726
509809
9096618
2513332
5223077
5233983
6496637
9544326
1831946
8411942
9864767
5237877
309271
16874
9033895
5679415
1508823
129256
6408189
2390266
1005436
7126448
5662350
7755871
2258629
6329012
1320952
2582472
8074069
4572049
5658684
156551
940530
6861002
3083294
2795532
5225734
509499
8237469
9668949
1067319
2632553
2096568
8897136
4171473
9438820
7646747
5495616
2195059
3420643
8882135
3483849
2136631
3401790
2219356
2390168
309497
210291
8294730
3625132
2122708
617516
7961551
3746258
6052710
3026930
6169802
8001249
5033169
6314285
3052714
2374975
7887040
8785937
2733555
7529966
3167335
9150227
6987170
2022662
3974269
6729493
8120375
5216956
182101
4363634
3233572
5321918
5229758
589601
701862
4886270
7106004
7298804
6931736
8105162
8239550
293299
3887919
6947946
3195010
3133229
5326291
8253222
5181171
587936
4484247
5277959
1513317
9742479
4773299
4256287
1638770
9523750
3230517
3435563
8622613
538311
5681053
4956133
687797
5569471
4768657
5492129
4540191
5592233
8553278
4883507
4819657
2039410
3896981
9316367
7262455
8263136
175994
231163
2221881
5988124
5686958
5225504
8204840
7332452
3550634
1254307
7850853
5152548
5570780
2690503
8710665
5462128
6508745
5150888
3792261
8331965
2833714
2398599
1321176
498639
7826284
6714064
8463804
8587207
5674700
4712537
102931
7158653
258835
1592881
1872216
3458389
3478844
3256384
8659868
8316989
7732182
6571761
1133534
8292770
5849326
3460640
9750452
3473355
3046765
4438174
6773533
2724630
7663727
8834491
4228641
6445968
2644151
3219585
3306386
3804770
6131529
2971324
3501961
8924932
7601714
9367926
4228876
3459614
2306846
8829104
8450526
8545743
8584091
445174
6513242
2639737
7399648
1552590
9052332
1667170
246512
5899432
4294309
2649761
4575076
2792262
7144934
1595380
4618969
6486839
4328359
2615692
8099868
6678305
52678
2630706
1874400
1052656
6118608
3364796
3120422
6742518
2270369
8003740
9889102
1582445
3074472
7524791
5713508
4304840
8282966
5493343
51905
2360123
708672
4103155
8564261
4372261
8432666
9193057
2621750
8902165
7547153
4809835
3214355
2751949
2252626
8905295
8655488
4019638
8573175
3380446
8598725
3955577
3397421
6204587
8749867
9300541
7470258
4958476
2856671
1358841
7816538
9371432
6954773
7468324
5790237
9469410
6670383
990169
9099745
2010294
598013
8882108
8332228
1263635
6265864
6866466
4176163
3302832
3462881
3405264
5509802
4224150
8453624
6872618
3962404
2622055
8310482
5914827
4194338
9447303
4840027
6641670
586955
8479639
2750906
8469607
601472
3418030
545579
5099
7662736
134740
2387843
5452027
4146736
9810591
5857992
4412285
2408591
3344763
8128428
8383476
7490350
7605580
9455847
6268292
9102606
9479852
9373557
2742531
2061990
5023403
4284492
6836490
4315788
9227488
9117892
9050966
2187027
4012412
8891824
9458299
2234796
8016845
5525375
2554245
1208638
565825
6001512
5059625
6536421
7384653
1844076
7377950
7888786
9150949
4024748
1051612
5103384
2807475
7039153
5432567
1443012
981097
9558414
8271682
9925694
2505731
8897758
9459510
3339599
8683253
